,STREET_TICKER,ASOF_DATE,CALL_TYPE,CASHFLOW_DATE,INTEREST,PRINCIPAL,CASHFLOW
0,SUSC,2021-12-31,WORST,2022-01-06,3478.758,91983.096,95461.854
1,SUSC,2021-12-31,WORST,2022-01-10,2601.57,0.0,2601.57
2,SUSC,2021-12-31,WORST,2022-01-11,378.066,0.0,378.066
3,SUSC,2021-12-31,WORST,2022-01-12,6276.555,0.0,6276.555
4,SUSC,2021-12-31,WORST,2022-01-13,1288.517,0.0,1288.517
5,SUSC,2021-12-31,WORST,2022-01-14,464.416,0.0,464.416
6,SUSC,2021-12-31,WORST,2022-01-18,25010.222,0.0,25010.222
7,SUSC,2021-12-31,WORST,2022-01-19,650.172,0.0,650.172
8,SUSC,2021-12-31,WORST,2022-01-20,1497.413,0.0,1497.413
9,SUSC,2021-12-31,WORST,2022-01-21,1117.563,0.0,1117.563
10,SUSC,2021-12-31,WORST,2022-01-24,6812.126,0.0,6812.126
11,SUSC,2021-12-31,WORST,2022-01-25,1350.779,0.0,1350.779
12,SUSC,2021-12-31,WORST,2022-01-26,349.357,0.0,349.357
13,SUSC,2021-12-31,WORST,2022-01-27,2133.522,0.0,2133.522
14,SUSC,2021-12-31,WORST,2022-01-28,378.407,0.0,378.407
15,SUSC,2021-12-31,WORST,2022-01-31,4722.855,0.0,4722.855
16,SUSC,2021-12-31,WORST,2022-02-01,15478.214,0.0,15478.214
17,SUSC,2021-12-31,WORST,2022-02-02,206.768,0.0,206.768
18,SUSC,2021-12-31,WORST,2022-02-03,1797.929,0.0,1797.929
19,SUSC,2021-12-31,WORST,2022-02-04,1076.059,0.0,1076.059
20,SUSC,2021-12-31,WORST,2022-02-07,4493.758,0.0,4493.758
21,SUSC,2021-12-31,WORST,2022-02-08,7463.2,0.0,7463.2
22,SUSC,2021-12-31,WORST,2022-02-09,671.807,0.0,671.807
23,SUSC,2021-12-31,WORST,2022-02-10,1343.117,0.0,1343.117
24,SUSC,2021-12-31,WORST,2022-02-11,2295.151,0.0,2295.151
25,SUSC,2021-12-31,WORST,2022-02-14,4008.14,0.0,4008.14
26,SUSC,2021-12-31,WORST,2022-02-15,19952.884,0.0,19952.884
27,SUSC,2021-12-31,WORST,2022-02-16,1247.462,0.0,1247.462
28,SUSC,2021-12-31,WORST,2022-02-17,1259.134,0.0,1259.134
29,SUSC,2021-12-31,WORST,2022-02-18,1307.452,0.0,1307.452
30,SUSC,2021-12-31,WORST,2022-02-22,4640.082,0.0,4640.082
31,SUSC,2021-12-31,WORST,2022-02-23,937.47,0.0,937.47
32,SUSC,2021-12-31,WORST,2022-02-24,618.506,0.0,618.506
33,SUSC,2021-12-31,WORST,2022-02-25,603.005,0.0,603.005
34,SUSC,2021-12-31,WORST,2022-02-28,3317.402,0.0,3317.402
35,SUSC,2021-12-31,WORST,2022-03-01,19726.231,0.0,19726.231
36,SUSC,2021-12-31,WORST,2022-03-02,293.703,0.0,293.703
37,SUSC,2021-12-31,WORST,2022-03-03,738.784,0.0,738.784
38,SUSC,2021-12-31,WORST,2022-03-04,949.721,0.0,949.721
39,SUSC,2021-12-31,WORST,2022-03-07,1531.686,0.0,1531.686
40,SUSC,2021-12-31,WORST,2022-03-08,1007.89,0.0,1007.89
41,SUSC,2021-12-31,WORST,2022-03-09,682.996,0.0,682.996
42,SUSC,2021-12-31,WORST,2022-03-10,700.237,0.0,700.237
43,SUSC,2021-12-31,WORST,2022-03-11,976.951,0.0,976.951
44,SUSC,2021-12-31,WORST,2022-03-14,4329.29,0.0,4329.29
45,SUSC,2021-12-31,WORST,2022-03-15,35346.947,0.0,35346.947
46,SUSC,2021-12-31,WORST,2022-03-16,4457.34,0.0,4457.34
47,SUSC,2021-12-31,WORST,2022-03-17,1435.468,0.0,1435.468
48,SUSC,2021-12-31,WORST,2022-03-18,3796.63,0.0,3796.63
49,SUSC,2021-12-31,WORST,2022-03-21,4889.598,0.0,4889.598
50,SUSC,2021-12-31,WORST,2022-03-22,1902.818,0.0,1902.818
51,SUSC,2021-12-31,WORST,2022-03-23,893.538,0.0,893.538
52,SUSC,2021-12-31,WORST,2022-03-24,959.052,0.0,959.052
53,SUSC,2021-12-31,WORST,2022-03-25,3779.771,0.0,3779.771
54,SUSC,2021-12-31,WORST,2022-03-28,1785.862,0.0,1785.862
55,SUSC,2021-12-31,WORST,2022-03-29,965.947,0.0,965.947
56,SUSC,2021-12-31,WORST,2022-03-30,1585.772,0.0,1585.772
57,SUSC,2021-12-31,WORST,2022-03-31,1119.928,0.0,1119.928
58,SUSC,2021-12-31,WORST,2022-04-01,29169.46,0.0,29169.46
59,SUSC,2021-12-31,WORST,2022-04-04,2045.147,0.0,2045.147
60,SUSC,2021-12-31,WORST,2022-04-05,1409.161,0.0,1409.161
61,SUSC,2021-12-31,WORST,2022-04-06,1134.415,0.0,1134.415
62,SUSC,2021-12-31,WORST,2022-04-07,21.837,0.0,21.837
63,SUSC,2021-12-31,WORST,2022-04-08,99.663,0.0,99.663
64,SUSC,2021-12-31,WORST,2022-04-11,7030.785,0.0,7030.785
65,SUSC,2021-12-31,WORST,2022-04-12,48.475,0.0,48.475
66,SUSC,2021-12-31,WORST,2022-04-13,528.953,0.0,528.953
67,SUSC,2021-12-31,WORST,2022-04-14,567.633,0.0,567.633
68,SUSC,2021-12-31,WORST,2022-04-15,20904.075,0.0,20904.075
69,SUSC,2021-12-31,WORST,2022-04-18,2006.455,0.0,2006.455
70,SUSC,2021-12-31,WORST,2022-04-19,1899.796,0.0,1899.796
71,SUSC,2021-12-31,WORST,2022-04-20,489.432,0.0,489.432
72,SUSC,2021-12-31,WORST,2022-04-21,1029.538,0.0,1029.538
73,SUSC,2021-12-31,WORST,2022-04-22,1428.789,0.0,1428.789
74,SUSC,2021-12-31,WORST,2022-04-25,6659.879,0.0,6659.879
75,SUSC,2021-12-31,WORST,2022-04-26,305.444,0.0,305.444
76,SUSC,2021-12-31,WORST,2022-04-27,1301.05,0.0,1301.05
77,SUSC,2021-12-31,WORST,2022-04-28,819.171,0.0,819.171
78,SUSC,2021-12-31,WORST,2022-04-29,2689.493,0.0,2689.493
79,SUSC,2021-12-31,WORST,2022-05-02,22210.668,0.0,22210.668
80,SUSC,2021-12-31,WORST,2022-05-03,3310.8,0.0,3310.8
81,SUSC,2021-12-31,WORST,2022-05-04,1089.701,0.0,1089.701
82,SUSC,2021-12-31,WORST,2022-05-05,108.196,0.0,108.196
83,SUSC,2021-12-31,WORST,2022-05-06,1326.526,0.0,1326.526
84,SUSC,2021-12-31,WORST,2022-05-09,2817.062,0.0,2817.062
85,SUSC,2021-12-31,WORST,2022-05-10,164.334,0.0,164.334
86,SUSC,2021-12-31,WORST,2022-05-11,973.418,0.0,973.418
87,SUSC,2021-12-31,WORST,2022-05-12,399.473,0.0,399.473
88,SUSC,2021-12-31,WORST,2022-05-13,1047.752,0.0,1047.752
89,SUSC,2021-12-31,WORST,2022-05-16,33184.362,0.0,33184.362
90,SUSC,2021-12-31,WORST,2022-05-17,813.526,0.0,813.526
91,SUSC,2021-12-31,WORST,2022-05-18,2379.656,0.0,2379.656
92,SUSC,2021-12-31,WORST,2022-05-19,1533.434,0.0,1533.434
93,SUSC,2021-12-31,WORST,2022-05-20,1960.938,0.0,1960.938
94,SUSC,2021-12-31,WORST,2022-05-23,3461.423,0.0,3461.423
95,SUSC,2021-12-31,WORST,2022-05-24,1761.497,0.0,1761.497
96,SUSC,2021-12-31,WORST,2022-05-25,1004.404,0.0,1004.404
97,SUSC,2021-12-31,WORST,2022-05-26,492.843,0.0,492.843
98,SUSC,2021-12-31,WORST,2022-05-27,146.099,0.0,146.099
99,SUSC,2021-12-31,WORST,2022-05-31,4412.431,0.0,4412.431
100,SUSC,2021-12-31,WORST,2022-06-01,23560.579,0.0,23560.579
101,SUSC,2021-12-31,WORST,2022-06-02,906.434,0.0,906.434
102,SUSC,2021-12-31,WORST,2022-06-03,1021.898,0.0,1021.898
103,SUSC,2021-12-31,WORST,2022-06-06,3922.581,0.0,3922.581
104,SUSC,2021-12-31,WORST,2022-06-07,641.709,0.0,641.709
105,SUSC,2021-12-31,WORST,2022-06-08,136.651,0.0,136.651
106,SUSC,2021-12-31,WORST,2022-06-09,610.776,0.0,610.776
107,SUSC,2021-12-31,WORST,2022-06-10,1199.755,0.0,1199.755
108,SUSC,2021-12-31,WORST,2022-06-13,978.66,0.0,978.66
109,SUSC,2021-12-31,WORST,2022-06-14,710.181,0.0,710.181
110,SUSC,2021-12-31,WORST,2022-06-15,30846.813,0.0,30846.813
111,SUSC,2021-12-31,WORST,2022-06-16,1809.533,0.0,1809.533
112,SUSC,2021-12-31,WORST,2022-06-17,361.22,0.0,361.22
113,SUSC,2021-12-31,WORST,2022-06-21,2394.603,0.0,2394.603
114,SUSC,2021-12-31,WORST,2022-06-22,161.737,0.0,161.737
115,SUSC,2021-12-31,WORST,2022-06-23,270.971,0.0,270.971
116,SUSC,2021-12-31,WORST,2022-06-24,116.378,0.0,116.378
117,SUSC,2021-12-31,WORST,2022-06-27,278.01,0.0,278.01
118,SUSC,2021-12-31,WORST,2022-06-28,94.88,0.0,94.88
119,SUSC,2021-12-31,WORST,2022-06-29,120.762,0.0,120.762
120,SUSC,2021-12-31,WORST,2022-06-30,1902.032,0.0,1902.032
121,SUSC,2021-12-31,WORST,2022-07-01,2324.778,0.0,2324.778
122,SUSC,2021-12-31,WORST,2022-07-05,854.748,0.0,854.748
123,SUSC,2021-12-31,WORST,2022-07-06,299.232,0.0,299.232
124,SUSC,2021-12-31,WORST,2022-07-08,836.92,0.0,836.92
125,SUSC,2021-12-31,WORST,2022-07-11,2142.716,0.0,2142.716
126,SUSC,2021-12-31,WORST,2022-07-12,6276.555,0.0,6276.555
127,SUSC,2021-12-31,WORST,2022-07-13,1288.517,0.0,1288.517
128,SUSC,2021-12-31,WORST,2022-07-14,464.416,0.0,464.416
129,SUSC,2021-12-31,WORST,2022-07-15,22037.141,0.0,22037.141
130,SUSC,2021-12-31,WORST,2022-07-18,2278.105,0.0,2278.105
131,SUSC,2021-12-31,WORST,2022-07-19,1702.578,0.0,1702.578
132,SUSC,2021-12-31,WORST,2022-07-20,1497.413,0.0,1497.413
133,SUSC,2021-12-31,WORST,2022-07-21,1117.563,0.0,1117.563
134,SUSC,2021-12-31,WORST,2022-07-22,1477.751,0.0,1477.751
135,SUSC,2021-12-31,WORST,2022-07-25,6756.691,0.0,6756.691
136,SUSC,2021-12-31,WORST,2022-07-26,349.357,0.0,349.357
137,SUSC,2021-12-31,WORST,2022-07-27,2133.522,0.0,2133.522
138,SUSC,2021-12-31,WORST,2022-07-28,378.407,0.0,378.407
139,SUSC,2021-12-31,WORST,2022-07-29,1775.857,0.0,1775.857
140,SUSC,2021-12-31,WORST,2022-08-01,18452.94,0.0,18452.94
141,SUSC,2021-12-31,WORST,2022-08-02,206.768,0.0,206.768
142,SUSC,2021-12-31,WORST,2022-08-03,1797.929,0.0,1797.929
143,SUSC,2021-12-31,WORST,2022-08-04,1076.059,0.0,1076.059
144,SUSC,2021-12-31,WORST,2022-08-05,921.354,0.0,921.354
145,SUSC,2021-12-31,WORST,2022-08-08,11035.604,0.0,11035.604
146,SUSC,2021-12-31,WORST,2022-08-09,671.807,0.0,671.807
147,SUSC,2021-12-31,WORST,2022-08-10,1343.117,0.0,1343.117
148,SUSC,2021-12-31,WORST,2022-08-11,2295.151,0.0,2295.151
149,SUSC,2021-12-31,WORST,2022-08-12,2169.8,0.0,2169.8
150,SUSC,2021-12-31,WORST,2022-08-15,21853.089,0.0,21853.089
151,SUSC,2021-12-31,WORST,2022-08-16,1247.462,0.0,1247.462
152,SUSC,2021-12-31,WORST,2022-08-17,1259.134,0.0,1259.134
153,SUSC,2021-12-31,WORST,2022-08-18,1307.452,0.0,1307.452
154,SUSC,2021-12-31,WORST,2022-08-19,983.925,0.0,983.925
155,SUSC,2021-12-31,WORST,2022-08-22,3656.157,0.0,3656.157
156,SUSC,2021-12-31,WORST,2022-08-23,937.47,0.0,937.47
157,SUSC,2021-12-31,WORST,2022-08-24,618.506,0.0,618.506
158,SUSC,2021-12-31,WORST,2022-08-25,603.005,0.0,603.005
159,SUSC,2021-12-31,WORST,2022-08-26,758.426,0.0,758.426
160,SUSC,2021-12-31,WORST,2022-08-29,2558.976,0.0,2558.976
161,SUSC,2021-12-31,WORST,2022-09-01,19700.672,0.0,19700.672
162,SUSC,2021-12-31,WORST,2022-09-02,286.136,0.0,286.136
163,SUSC,2021-12-31,WORST,2022-09-06,2454.551,0.0,2454.551
164,SUSC,2021-12-31,WORST,2022-09-07,765.641,0.0,765.641
165,SUSC,2021-12-31,WORST,2022-09-08,1007.89,0.0,1007.89
166,SUSC,2021-12-31,WORST,2022-09-09,696.667,0.0,696.667
167,SUSC,2021-12-31,WORST,2022-09-12,2546.424,0.0,2546.424
168,SUSC,2021-12-31,WORST,2022-09-13,1939.697,0.0,1939.697
169,SUSC,2021-12-31,WORST,2022-09-14,1519.507,0.0,1519.507
170,SUSC,2021-12-31,WORST,2022-09-15,35514.493,0.0,35514.493
171,SUSC,2021-12-31,WORST,2022-09-16,4457.34,0.0,4457.34
172,SUSC,2021-12-31,WORST,2022-09-19,7187.405,0.0,7187.405
173,SUSC,2021-12-31,WORST,2022-09-20,1479.83,0.0,1479.83
174,SUSC,2021-12-31,WORST,2022-09-21,1454.461,0.0,1454.461
175,SUSC,2021-12-31,WORST,2022-09-22,1902.818,0.0,1902.818
176,SUSC,2021-12-31,WORST,2022-09-23,893.538,0.0,893.538
177,SUSC,2021-12-31,WORST,2022-09-26,5622.462,0.0,5622.462
178,SUSC,2021-12-31,WORST,2022-09-27,792.388,0.0,792.388
179,SUSC,2021-12-31,WORST,2022-09-28,109.834,0.0,109.834
180,SUSC,2021-12-31,WORST,2022-09-29,965.947,0.0,965.947
181,SUSC,2021-12-31,WORST,2022-09-30,2705.7,0.0,2705.7
182,SUSC,2021-12-31,WORST,2022-10-03,31264.386,0.0,31264.386
183,SUSC,2021-12-31,WORST,2022-10-04,26.205,0.0,26.205
184,SUSC,2021-12-31,WORST,2022-10-05,1409.161,0.0,1409.161
185,SUSC,2021-12-31,WORST,2022-10-06,1134.415,0.0,1134.415
186,SUSC,2021-12-31,WORST,2022-10-07,21.837,0.0,21.837
187,SUSC,2021-12-31,WORST,2022-10-11,7130.448,0.0,7130.448
188,SUSC,2021-12-31,WORST,2022-10-12,48.475,0.0,48.475
189,SUSC,2021-12-31,WORST,2022-10-13,528.953,0.0,528.953
190,SUSC,2021-12-31,WORST,2022-10-14,567.633,0.0,567.633
191,SUSC,2021-12-31,WORST,2022-10-17,24586.964,0.0,24586.964
192,SUSC,2021-12-31,WORST,2022-10-18,112.929,0.0,112.929
193,SUSC,2021-12-31,WORST,2022-10-19,90.02,0.0,90.02
194,SUSC,2021-12-31,WORST,2022-10-20,489.075,0.0,489.075
195,SUSC,2021-12-31,WORST,2022-10-21,1029.538,0.0,1029.538
196,SUSC,2021-12-31,WORST,2022-10-24,6974.665,0.0,6974.665
197,SUSC,2021-12-31,WORST,2022-10-25,1114.002,0.0,1114.002
198,SUSC,2021-12-31,WORST,2022-10-26,305.444,0.0,305.444
199,SUSC,2021-12-31,WORST,2022-10-27,1301.05,0.0,1301.05
200,SUSC,2021-12-31,WORST,2022-10-28,819.171,0.0,819.171
201,SUSC,2021-12-31,WORST,2022-10-31,6172.03,0.0,6172.03
202,SUSC,2021-12-31,WORST,2022-11-01,18437.867,36295.181,54733.048
203,SUSC,2021-12-31,WORST,2022-11-02,1068.381,0.0,1068.381
204,SUSC,2021-12-31,WORST,2022-11-03,2821.136,0.0,2821.136
205,SUSC,2021-12-31,WORST,2022-11-04,1089.701,0.0,1089.701
206,SUSC,2021-12-31,WORST,2022-11-07,3037.27,0.0,3037.27
207,SUSC,2021-12-31,WORST,2022-11-08,955.957,0.0,955.957
208,SUSC,2021-12-31,WORST,2022-11-09,258.557,0.0,258.557
209,SUSC,2021-12-31,WORST,2022-11-10,164.334,0.0,164.334
210,SUSC,2021-12-31,WORST,2022-11-14,4733.407,0.0,4733.407
211,SUSC,2021-12-31,WORST,2022-11-15,28232.903,843.373,29076.276
212,SUSC,2021-12-31,WORST,2022-11-16,2642.29,0.0,2642.29
213,SUSC,2021-12-31,WORST,2022-11-17,813.526,0.0,813.526
214,SUSC,2021-12-31,WORST,2022-11-18,2379.656,0.0,2379.656
215,SUSC,2021-12-31,WORST,2022-11-21,4626.725,0.0,4626.725
216,SUSC,2021-12-31,WORST,2022-11-22,1602.0,0.0,1602.0
217,SUSC,2021-12-31,WORST,2022-11-23,727.07,0.0,727.07
218,SUSC,2021-12-31,WORST,2022-11-25,2765.901,0.0,2765.901
219,SUSC,2021-12-31,WORST,2022-11-28,1426.137,0.0,1426.137
220,SUSC,2021-12-31,WORST,2022-11-29,329.197,0.0,329.197
221,SUSC,2021-12-31,WORST,2022-11-30,3296.039,0.0,3296.039
222,SUSC,2021-12-31,WORST,2022-12-01,23551.918,0.0,23551.918
223,SUSC,2021-12-31,WORST,2022-12-02,906.434,0.0,906.434
224,SUSC,2021-12-31,WORST,2022-12-05,3638.282,0.0,3638.282
225,SUSC,2021-12-31,WORST,2022-12-06,1298.5,0.0,1298.5
226,SUSC,2021-12-31,WORST,2022-12-07,641.709,0.0,641.709
227,SUSC,2021-12-31,WORST,2022-12-08,136.651,0.0,136.651
228,SUSC,2021-12-31,WORST,2022-12-09,610.776,0.0,610.776
229,SUSC,2021-12-31,WORST,2022-12-12,2159.589,0.0,2159.589
230,SUSC,2021-12-31,WORST,2022-12-13,18.825,0.0,18.825
231,SUSC,2021-12-31,WORST,2022-12-14,710.181,0.0,710.181
232,SUSC,2021-12-31,WORST,2022-12-15,30838.631,1144.578,31983.209
233,SUSC,2021-12-31,WORST,2022-12-16,1809.533,0.0,1809.533
234,SUSC,2021-12-31,WORST,2022-12-19,1480.736,0.0,1480.736
235,SUSC,2021-12-31,WORST,2022-12-20,1056.698,0.0,1056.698
236,SUSC,2021-12-31,WORST,2022-12-21,218.389,0.0,218.389
237,SUSC,2021-12-31,WORST,2022-12-22,159.804,0.0,159.804
238,SUSC,2021-12-31,WORST,2022-12-23,270.971,0.0,270.971
239,SUSC,2021-12-31,WORST,2022-12-27,296.017,0.0,296.017
240,SUSC,2021-12-31,WORST,2022-12-28,193.251,0.0,193.251
241,SUSC,2021-12-31,WORST,2022-12-29,251.083,10602.41,10853.493
242,SUSC,2021-12-31,WORST,2022-12-30,965.044,0.0,965.044
243,SUSC,2021-12-31,WORST,2023-01-01,8.845,1325.301,1334.146
244,SUSC,2021-12-31,WORST,2023-01-03,4039.179,0.0,4039.179
245,SUSC,2021-12-31,WORST,2023-01-06,299.232,0.0,299.232
246,SUSC,2021-12-31,WORST,2023-01-09,1145.192,0.0,1145.192
247,SUSC,2021-12-31,WORST,2023-01-10,1705.795,0.0,1705.795
248,SUSC,2021-12-31,WORST,2023-01-11,128.65,0.0,128.65
249,SUSC,2021-12-31,WORST,2023-01-12,6276.555,0.0,6276.555
250,SUSC,2021-12-31,WORST,2023-01-13,1288.517,0.0,1288.517
251,SUSC,2021-12-31,WORST,2023-01-14,289.87,37108.434,37398.304
252,SUSC,2021-12-31,WORST,2023-01-15,65.669,5903.614,5969.284
253,SUSC,2021-12-31,WORST,2023-01-17,24840.337,0.0,24840.337
254,SUSC,2021-12-31,WORST,2023-01-18,934.174,0.0,934.174
255,SUSC,2021-12-31,WORST,2023-01-19,650.172,0.0,650.172
256,SUSC,2021-12-31,WORST,2023-01-20,1497.413,0.0,1497.413
257,SUSC,2021-12-31,WORST,2023-01-23,6272.041,0.0,6272.041
258,SUSC,2021-12-31,WORST,2023-01-24,1657.648,0.0,1657.648
259,SUSC,2021-12-31,WORST,2023-01-25,1422.315,20873.494,22295.809
260,SUSC,2021-12-31,WORST,2023-01-26,349.357,0.0,349.357
261,SUSC,2021-12-31,WORST,2023-01-27,2376.624,17198.795,19575.419
262,SUSC,2021-12-31,WORST,2023-01-29,625.852,95903.614,96529.466
263,SUSC,2021-12-31,WORST,2023-01-30,4263.045,0.0,4263.045
264,SUSC,2021-12-31,WORST,2023-01-31,730.979,7379.518,8110.497
265,SUSC,2021-12-31,WORST,2023-02-01,14968.2,40602.41,55570.61
266,SUSC,2021-12-31,WORST,2023-02-02,206.768,0.0,206.768
267,SUSC,2021-12-31,WORST,2023-02-03,1797.929,0.0,1797.929
268,SUSC,2021-12-31,WORST,2023-02-06,3876.022,0.0,3876.022
269,SUSC,2021-12-31,WORST,2023-02-07,1693.795,0.0,1693.795
270,SUSC,2021-12-31,WORST,2023-02-08,7463.2,0.0,7463.2
271,SUSC,2021-12-31,WORST,2023-02-09,671.807,0.0,671.807
272,SUSC,2021-12-31,WORST,2023-02-10,1343.117,0.0,1343.117
273,SUSC,2021-12-31,WORST,2023-02-13,4915.58,0.0,4915.58
274,SUSC,2021-12-31,WORST,2023-02-14,1109.134,0.0,1109.134
275,SUSC,2021-12-31,WORST,2023-02-15,20142.837,22048.193,42191.029
276,SUSC,2021-12-31,WORST,2023-02-16,3394.549,147228.916,150623.465
277,SUSC,2021-12-31,WORST,2023-02-17,1259.134,0.0,1259.134
278,SUSC,2021-12-31,WORST,2023-02-21,4564.906,60.241,4625.147
279,SUSC,2021-12-31,WORST,2023-02-22,1421.847,3012.048,4433.895
280,SUSC,2021-12-31,WORST,2023-02-23,937.47,0.0,937.47
281,SUSC,2021-12-31,WORST,2023-02-24,618.506,0.0,618.506
282,SUSC,2021-12-31,WORST,2023-02-27,3238.238,14216.867,17455.106
283,SUSC,2021-12-31,WORST,2023-02-28,389.789,0.0,389.789
284,SUSC,2021-12-31,WORST,2023-03-01,19814.021,23524.096,43338.118
285,SUSC,2021-12-31,WORST,2023-03-02,286.136,0.0,286.136
286,SUSC,2021-12-31,WORST,2023-03-03,738.784,8945.783,9684.567
287,SUSC,2021-12-31,WORST,2023-03-06,1715.767,0.0,1715.767
288,SUSC,2021-12-31,WORST,2023-03-07,765.641,0.0,765.641
289,SUSC,2021-12-31,WORST,2023-03-08,1007.89,0.0,1007.89
290,SUSC,2021-12-31,WORST,2023-03-09,693.714,0.0,693.714
291,SUSC,2021-12-31,WORST,2023-03-10,701.405,0.0,701.405
292,SUSC,2021-12-31,WORST,2023-03-11,734.595,54246.988,54981.583
293,SUSC,2021-12-31,WORST,2023-03-13,3784.098,0.0,3784.098
294,SUSC,2021-12-31,WORST,2023-03-14,1432.534,0.0,1432.534
295,SUSC,2021-12-31,WORST,2023-03-15,35276.27,0.0,35276.27
296,SUSC,2021-12-31,WORST,2023-03-16,1880.834,0.0,1880.834
297,SUSC,2021-12-31,WORST,2023-03-17,1435.468,0.0,1435.468
298,SUSC,2021-12-31,WORST,2023-03-20,7231.767,0.0,7231.767
299,SUSC,2021-12-31,WORST,2023-03-21,1454.461,0.0,1454.461
300,SUSC,2021-12-31,WORST,2023-03-22,1855.755,0.0,1855.755
301,SUSC,2021-12-31,WORST,2023-03-23,893.538,0.0,893.538
302,SUSC,2021-12-31,WORST,2023-03-24,959.052,0.0,959.052
303,SUSC,2021-12-31,WORST,2023-03-27,5455.799,0.0,5455.799
304,SUSC,2021-12-31,WORST,2023-03-28,109.834,0.0,109.834
305,SUSC,2021-12-31,WORST,2023-03-29,965.947,0.0,965.947
306,SUSC,2021-12-31,WORST,2023-03-30,1585.772,0.0,1585.772
307,SUSC,2021-12-31,WORST,2023-03-31,1119.928,0.0,1119.928
308,SUSC,2021-12-31,WORST,2023-04-01,13.718,1656.627,1670.345
309,SUSC,2021-12-31,WORST,2023-04-03,31078.761,0.0,31078.761
310,SUSC,2021-12-31,WORST,2023-04-04,26.205,0.0,26.205
311,SUSC,2021-12-31,WORST,2023-04-05,1409.161,0.0,1409.161
312,SUSC,2021-12-31,WORST,2023-04-06,1134.415,0.0,1134.415
313,SUSC,2021-12-31,WORST,2023-04-07,21.837,0.0,21.837
314,SUSC,2021-12-31,WORST,2023-04-10,5058.82,0.0,5058.82
315,SUSC,2021-12-31,WORST,2023-04-11,1190.115,0.0,1190.115
316,SUSC,2021-12-31,WORST,2023-04-12,48.475,753.012,801.487
317,SUSC,2021-12-31,WORST,2023-04-13,528.953,0.0,528.953
318,SUSC,2021-12-31,WORST,2023-04-14,567.633,0.0,567.633
319,SUSC,2021-12-31,WORST,2023-04-15,111.366,11626.506,11737.872
320,SUSC,2021-12-31,WORST,2023-04-17,24454.133,0.0,24454.133
321,SUSC,2021-12-31,WORST,2023-04-18,112.929,0.0,112.929
322,SUSC,2021-12-31,WORST,2023-04-19,90.02,0.0,90.02
323,SUSC,2021-12-31,WORST,2023-04-20,489.075,0.0,489.075
324,SUSC,2021-12-31,WORST,2023-04-21,1029.538,0.0,1029.538
325,SUSC,2021-12-31,WORST,2023-04-24,6974.665,6385.542,13360.207
326,SUSC,2021-12-31,WORST,2023-04-25,1189.867,4487.952,5677.819
327,SUSC,2021-12-31,WORST,2023-04-26,305.444,0.0,305.444
328,SUSC,2021-12-31,WORST,2023-04-27,1301.05,0.0,1301.05
329,SUSC,2021-12-31,WORST,2023-04-28,819.171,6987.952,7807.123
330,SUSC,2021-12-31,WORST,2023-05-01,22470.452,11837.349,34307.801
331,SUSC,2021-12-31,WORST,2023-05-02,1473.493,0.0,1473.493
332,SUSC,2021-12-31,WORST,2023-05-03,2821.136,0.0,2821.136
333,SUSC,2021-12-31,WORST,2023-05-04,1089.701,0.0,1089.701
334,SUSC,2021-12-31,WORST,2023-05-05,108.196,0.0,108.196
335,SUSC,2021-12-31,WORST,2023-05-08,3885.031,0.0,3885.031
336,SUSC,2021-12-31,WORST,2023-05-09,354.849,5572.289,5927.138
337,SUSC,2021-12-31,WORST,2023-05-10,164.334,0.0,164.334
338,SUSC,2021-12-31,WORST,2023-05-11,973.418,0.0,973.418
339,SUSC,2021-12-31,WORST,2023-05-12,399.473,0.0,399.473
340,SUSC,2021-12-31,WORST,2023-05-15,31804.648,17500.0,49304.648
341,SUSC,2021-12-31,WORST,2023-05-16,2642.29,9939.759,12582.049
342,SUSC,2021-12-31,WORST,2023-05-17,813.526,0.0,813.526
343,SUSC,2021-12-31,WORST,2023-05-18,2379.656,0.0,2379.656
344,SUSC,2021-12-31,WORST,2023-05-19,1533.434,0.0,1533.434
345,SUSC,2021-12-31,WORST,2023-05-22,4695.291,3162.651,7857.942
346,SUSC,2021-12-31,WORST,2023-05-23,727.07,0.0,727.07
347,SUSC,2021-12-31,WORST,2023-05-24,1761.497,0.0,1761.497
348,SUSC,2021-12-31,WORST,2023-05-25,913.366,0.0,913.366
349,SUSC,2021-12-31,WORST,2023-05-26,492.843,0.0,492.843
350,SUSC,2021-12-31,WORST,2023-05-30,4063.041,0.0,4063.041
351,SUSC,2021-12-31,WORST,2023-05-31,495.489,0.0,495.489
352,SUSC,2021-12-31,WORST,2023-06-01,23680.864,17771.084,41451.948
353,SUSC,2021-12-31,WORST,2023-06-02,906.434,0.0,906.434
354,SUSC,2021-12-31,WORST,2023-06-03,23.296,1355.422,1378.718
355,SUSC,2021-12-31,WORST,2023-06-05,3638.282,0.0,3638.282
356,SUSC,2021-12-31,WORST,2023-06-06,1298.5,0.0,1298.5
357,SUSC,2021-12-31,WORST,2023-06-07,641.709,0.0,641.709
358,SUSC,2021-12-31,WORST,2023-06-08,421.591,42740.964,43162.555
359,SUSC,2021-12-31,WORST,2023-06-09,554.982,3162.651,3717.633
360,SUSC,2021-12-31,WORST,2023-06-12,2099.498,1536.145,3635.643
361,SUSC,2021-12-31,WORST,2023-06-13,18.825,0.0,18.825
362,SUSC,2021-12-31,WORST,2023-06-14,710.181,0.0,710.181
363,SUSC,2021-12-31,WORST,2023-06-15,30609.371,218614.458,249223.829
364,SUSC,2021-12-31,WORST,2023-06-16,1921.3,15240.964,17162.264
365,SUSC,2021-12-31,WORST,2023-06-19,1520.047,5271.084,6791.131
366,SUSC,2021-12-31,WORST,2023-06-20,1056.698,0.0,1056.698
367,SUSC,2021-12-31,WORST,2023-06-21,218.389,0.0,218.389
368,SUSC,2021-12-31,WORST,2023-06-22,159.804,0.0,159.804
369,SUSC,2021-12-31,WORST,2023-06-23,270.971,0.0,270.971
370,SUSC,2021-12-31,WORST,2023-06-26,321.198,1114.458,1435.656
371,SUSC,2021-12-31,WORST,2023-06-27,73.19,0.0,73.19
372,SUSC,2021-12-31,WORST,2023-06-28,94.88,0.0,94.88
373,SUSC,2021-12-31,WORST,2023-06-29,120.762,0.0,120.762
374,SUSC,2021-12-31,WORST,2023-06-30,1824.698,0.0,1824.698
375,SUSC,2021-12-31,WORST,2023-07-01,326.658,24277.108,24603.766
376,SUSC,2021-12-31,WORST,2023-07-03,3416.831,19006.024,22422.855
377,SUSC,2021-12-31,WORST,2023-07-06,299.232,0.0,299.232
378,SUSC,2021-12-31,WORST,2023-07-10,2850.986,0.0,2850.986
379,SUSC,2021-12-31,WORST,2023-07-11,128.65,0.0,128.65
380,SUSC,2021-12-31,WORST,2023-07-12,6276.555,0.0,6276.555
381,SUSC,2021-12-31,WORST,2023-07-13,1288.517,0.0,1288.517
382,SUSC,2021-12-31,WORST,2023-07-14,464.416,0.0,464.416
383,SUSC,2021-12-31,WORST,2023-07-17,23440.741,40813.253,64253.994
384,SUSC,2021-12-31,WORST,2023-07-18,1894.467,0.0,1894.467
385,SUSC,2021-12-31,WORST,2023-07-19,650.172,35421.687,36071.859
386,SUSC,2021-12-31,WORST,2023-07-20,1593.718,13132.53,14726.248
387,SUSC,2021-12-31,WORST,2023-07-21,1117.563,0.0,1117.563
388,SUSC,2021-12-31,WORST,2023-07-23,116.616,12168.675,12285.291
389,SUSC,2021-12-31,WORST,2023-07-24,6812.126,0.0,6812.126
390,SUSC,2021-12-31,WORST,2023-07-25,1140.523,0.0,1140.523
391,SUSC,2021-12-31,WORST,2023-07-26,349.357,0.0,349.357
392,SUSC,2021-12-31,WORST,2023-07-27,2133.522,0.0,2133.522
393,SUSC,2021-12-31,WORST,2023-07-28,378.407,0.0,378.407
394,SUSC,2021-12-31,WORST,2023-07-31,4197.273,0.0,4197.273
395,SUSC,2021-12-31,WORST,2023-08-01,14683.498,16867.47,31550.968
396,SUSC,2021-12-31,WORST,2023-08-02,206.768,0.0,206.768
397,SUSC,2021-12-31,WORST,2023-08-03,1446.318,0.0,1446.318
398,SUSC,2021-12-31,WORST,2023-08-04,1076.059,0.0,1076.059
399,SUSC,2021-12-31,WORST,2023-08-07,4493.758,0.0,4493.758
400,SUSC,2021-12-31,WORST,2023-08-08,7035.791,0.0,7035.791
401,SUSC,2021-12-31,WORST,2023-08-09,671.807,0.0,671.807
402,SUSC,2021-12-31,WORST,2023-08-10,1343.117,0.0,1343.117
403,SUSC,2021-12-31,WORST,2023-08-11,2295.151,17138.554,19433.705
404,SUSC,2021-12-31,WORST,2023-08-14,3729.564,0.0,3729.564
405,SUSC,2021-12-31,WORST,2023-08-15,20029.747,56114.458,76144.205
406,SUSC,2021-12-31,WORST,2023-08-16,1079.811,2439.759,3519.57
407,SUSC,2021-12-31,WORST,2023-08-17,958.682,0.0,958.682
408,SUSC,2021-12-31,WORST,2023-08-18,1736.08,29457.831,31193.911
409,SUSC,2021-12-31,WORST,2023-08-21,3411.122,12831.325,16242.447
410,SUSC,2021-12-31,WORST,2023-08-22,1382.627,0.0,1382.627
411,SUSC,2021-12-31,WORST,2023-08-23,937.47,0.0,937.47
412,SUSC,2021-12-31,WORST,2023-08-24,618.506,0.0,618.506
413,SUSC,2021-12-31,WORST,2023-08-25,542.575,0.0,542.575
414,SUSC,2021-12-31,WORST,2023-08-28,2660.286,0.0,2660.286
415,SUSC,2021-12-31,WORST,2023-08-29,147.605,0.0,147.605
416,SUSC,2021-12-31,WORST,2023-09-01,19341.568,8373.494,27715.062
417,SUSC,2021-12-31,WORST,2023-09-02,128.308,6927.711,7056.019
418,SUSC,2021-12-31,WORST,2023-09-05,2084.627,0.0,2084.627
419,SUSC,2021-12-31,WORST,2023-09-06,510.69,0.0,510.69
420,SUSC,2021-12-31,WORST,2023-09-07,765.641,0.0,765.641
421,SUSC,2021-12-31,WORST,2023-09-08,1007.89,0.0,1007.89
422,SUSC,2021-12-31,WORST,2023-09-11,2371.794,0.0,2371.794
423,SUSC,2021-12-31,WORST,2023-09-12,870.404,8493.976,9364.38
424,SUSC,2021-12-31,WORST,2023-09-13,1939.697,40150.602,42090.299
425,SUSC,2021-12-31,WORST,2023-09-14,1432.534,0.0,1432.534
426,SUSC,2021-12-31,WORST,2023-09-15,35267.384,32469.88,67737.264
427,SUSC,2021-12-31,WORST,2023-09-17,569.302,36927.711,37497.013
428,SUSC,2021-12-31,WORST,2023-09-18,6493.741,251054.217,257547.958
429,SUSC,2021-12-31,WORST,2023-09-19,2162.665,0.0,2162.665
430,SUSC,2021-12-31,WORST,2023-09-20,1231.693,0.0,1231.693
431,SUSC,2021-12-31,WORST,2023-09-21,1197.834,0.0,1197.834
432,SUSC,2021-12-31,WORST,2023-09-22,1855.755,0.0,1855.755
433,SUSC,2021-12-31,WORST,2023-09-25,5457.436,0.0,5457.436
434,SUSC,2021-12-31,WORST,2023-09-26,883.639,0.0,883.639
435,SUSC,2021-12-31,WORST,2023-09-27,792.388,0.0,792.388
436,SUSC,2021-12-31,WORST,2023-09-28,109.834,0.0,109.834
437,SUSC,2021-12-31,WORST,2023-09-29,965.947,0.0,965.947
438,SUSC,2021-12-31,WORST,2023-10-02,33003.809,9427.711,42431.52
439,SUSC,2021-12-31,WORST,2023-10-03,461.578,0.0,461.578
440,SUSC,2021-12-31,WORST,2023-10-04,26.205,1204.819,1231.024
441,SUSC,2021-12-31,WORST,2023-10-05,1409.161,25331.325,26740.486
442,SUSC,2021-12-31,WORST,2023-10-06,1134.415,0.0,1134.415
443,SUSC,2021-12-31,WORST,2023-10-10,5080.657,0.0,5080.657
444,SUSC,2021-12-31,WORST,2023-10-11,1190.115,0.0,1190.115
445,SUSC,2021-12-31,WORST,2023-10-12,37.651,0.0,37.651
446,SUSC,2021-12-31,WORST,2023-10-13,528.953,0.0,528.953
447,SUSC,2021-12-31,WORST,2023-10-15,177.747,11174.699,11352.446
448,SUSC,2021-12-31,WORST,2023-10-16,23637.211,0.0,23637.211
449,SUSC,2021-12-31,WORST,2023-10-17,701.393,0.0,701.393
450,SUSC,2021-12-31,WORST,2023-10-18,112.929,0.0,112.929
451,SUSC,2021-12-31,WORST,2023-10-19,90.02,0.0,90.02
452,SUSC,2021-12-31,WORST,2023-10-20,489.075,0.0,489.075
453,SUSC,2021-12-31,WORST,2023-10-23,5282.056,0.0,5282.056
454,SUSC,2021-12-31,WORST,2023-10-24,2602.834,0.0,2602.834
455,SUSC,2021-12-31,WORST,2023-10-25,1114.002,451.807,1565.809
456,SUSC,2021-12-31,WORST,2023-10-26,336.92,1716.867,2053.788
457,SUSC,2021-12-31,WORST,2023-10-27,1301.05,0.0,1301.05
458,SUSC,2021-12-31,WORST,2023-10-30,5212.133,4518.072,9730.205
459,SUSC,2021-12-31,WORST,2023-10-31,398.044,0.0,398.044
460,SUSC,2021-12-31,WORST,2023-11-01,18002.305,27469.88,45472.184
461,SUSC,2021-12-31,WORST,2023-11-02,1068.381,0.0,1068.381
462,SUSC,2021-12-31,WORST,2023-11-03,2821.136,0.0,2821.136
463,SUSC,2021-12-31,WORST,2023-11-04,178.829,9548.193,9727.021
464,SUSC,2021-12-31,WORST,2023-11-06,2577.605,3403.614,5981.219
465,SUSC,2021-12-31,WORST,2023-11-07,1602.547,0.0,1602.547
466,SUSC,2021-12-31,WORST,2023-11-08,955.957,0.0,955.957
467,SUSC,2021-12-31,WORST,2023-11-09,258.557,0.0,258.557
468,SUSC,2021-12-31,WORST,2023-11-10,164.334,0.0,164.334
469,SUSC,2021-12-31,WORST,2023-11-13,2420.644,0.0,2420.644
470,SUSC,2021-12-31,WORST,2023-11-14,2312.764,0.0,2312.764
471,SUSC,2021-12-31,WORST,2023-11-15,27920.329,15120.482,43040.811
472,SUSC,2021-12-31,WORST,2023-11-16,2426.696,0.0,2426.696
473,SUSC,2021-12-31,WORST,2023-11-17,813.526,0.0,813.526
474,SUSC,2021-12-31,WORST,2023-11-20,5874.027,50662.651,56536.678
475,SUSC,2021-12-31,WORST,2023-11-21,1132.353,0.0,1132.353
476,SUSC,2021-12-31,WORST,2023-11-22,1537.166,0.0,1537.166
477,SUSC,2021-12-31,WORST,2023-11-24,2488.567,6054.217,8542.783
478,SUSC,2021-12-31,WORST,2023-11-27,1514.538,0.0,1514.538
479,SUSC,2021-12-31,WORST,2023-11-28,787.194,0.0,787.194
480,SUSC,2021-12-31,WORST,2023-11-29,329.197,0.0,329.197
481,SUSC,2021-12-31,WORST,2023-11-30,3296.039,0.0,3296.039
482,SUSC,2021-12-31,WORST,2023-12-01,23358.783,108102.41,131461.192
483,SUSC,2021-12-31,WORST,2023-12-04,3064.505,0.0,3064.505
484,SUSC,2021-12-31,WORST,2023-12-05,1265.377,0.0,1265.377
485,SUSC,2021-12-31,WORST,2023-12-06,1571.465,35240.964,36812.429
486,SUSC,2021-12-31,WORST,2023-12-07,641.709,6566.265,7207.974
487,SUSC,2021-12-31,WORST,2023-12-08,136.651,0.0,136.651
488,SUSC,2021-12-31,WORST,2023-12-11,2168.572,0.0,2168.572
489,SUSC,2021-12-31,WORST,2023-12-12,379.3,0.0,379.3
490,SUSC,2021-12-31,WORST,2023-12-13,18.825,0.0,18.825
491,SUSC,2021-12-31,WORST,2023-12-14,710.181,0.0,710.181
492,SUSC,2021-12-31,WORST,2023-12-15,25655.88,16114.458,41770.337
493,SUSC,2021-12-31,WORST,2023-12-16,61.114,3012.048,3073.162
494,SUSC,2021-12-31,WORST,2023-12-18,2423.547,0.0,2423.547
495,SUSC,2021-12-31,WORST,2023-12-19,866.722,11174.699,12041.421
496,SUSC,2021-12-31,WORST,2023-12-20,1056.698,0.0,1056.698
497,SUSC,2021-12-31,WORST,2023-12-21,218.389,0.0,218.389
498,SUSC,2021-12-31,WORST,2023-12-22,159.804,0.0,159.804
499,SUSC,2021-12-31,WORST,2023-12-26,566.988,0.0,566.988
500,SUSC,2021-12-31,WORST,2023-12-27,73.19,0.0,73.19
501,SUSC,2021-12-31,WORST,2023-12-28,94.88,0.0,94.88
502,SUSC,2021-12-31,WORST,2023-12-29,120.762,0.0,120.762
503,SUSC,2021-12-31,WORST,2024-01-01,213.736,27259.036,27472.772
504,SUSC,2021-12-31,WORST,2024-01-02,4948.52,0.0,4948.52
505,SUSC,2021-12-31,WORST,2024-01-05,96.377,6295.181,6391.558
506,SUSC,2021-12-31,WORST,2024-01-08,1136.152,0.0,1136.152
507,SUSC,2021-12-31,WORST,2024-01-09,557.688,0.0,557.688
508,SUSC,2021-12-31,WORST,2024-01-10,1456.378,3584.337,5040.716
509,SUSC,2021-12-31,WORST,2024-01-11,128.65,0.0,128.65
510,SUSC,2021-12-31,WORST,2024-01-12,6276.555,218674.699,224951.254
511,SUSC,2021-12-31,WORST,2024-01-14,229.229,16927.711,17156.94
512,SUSC,2021-12-31,WORST,2024-01-15,82.436,4548.193,4630.629
513,SUSC,2021-12-31,WORST,2024-01-16,24057.996,27500.0,51557.996
514,SUSC,2021-12-31,WORST,2024-01-17,1056.55,0.0,1056.55
515,SUSC,2021-12-31,WORST,2024-01-18,934.174,0.0,934.174
516,SUSC,2021-12-31,WORST,2024-01-19,30.293,0.0,30.293
517,SUSC,2021-12-31,WORST,2024-01-22,4333.816,17018.072,21351.888
518,SUSC,2021-12-31,WORST,2024-01-23,3676.727,0.0,3676.727
519,SUSC,2021-12-31,WORST,2024-01-24,1657.648,0.0,1657.648
520,SUSC,2021-12-31,WORST,2024-01-25,1140.523,0.0,1140.523
521,SUSC,2021-12-31,WORST,2024-01-26,349.357,0.0,349.357
522,SUSC,2021-12-31,WORST,2024-01-29,4039.789,0.0,4039.789
523,SUSC,2021-12-31,WORST,2024-01-30,2356.777,2710.843,5067.62
524,SUSC,2021-12-31,WORST,2024-01-31,312.636,0.0,312.636
525,SUSC,2021-12-31,WORST,2024-02-01,14347.133,11295.181,25642.313
526,SUSC,2021-12-31,WORST,2024-02-02,174.524,0.0,174.524
527,SUSC,2021-12-31,WORST,2024-02-05,3310.169,23102.41,26412.578
528,SUSC,2021-12-31,WORST,2024-02-06,1372.02,0.0,1372.02
529,SUSC,2021-12-31,WORST,2024-02-07,1738.254,3283.133,5021.386
530,SUSC,2021-12-31,WORST,2024-02-08,7035.791,0.0,7035.791
531,SUSC,2021-12-31,WORST,2024-02-09,671.807,0.0,671.807
532,SUSC,2021-12-31,WORST,2024-02-12,5512.428,128734.94,134247.368
533,SUSC,2021-12-31,WORST,2024-02-13,450.63,0.0,450.63
534,SUSC,2021-12-31,WORST,2024-02-14,834.059,0.0,834.059
535,SUSC,2021-12-31,WORST,2024-02-15,20583.56,118855.422,139438.982
536,SUSC,2021-12-31,WORST,2024-02-16,1030.406,0.0,1030.406
537,SUSC,2021-12-31,WORST,2024-02-18,43.518,2861.446,2904.964
538,SUSC,2021-12-31,WORST,2024-02-20,3700.88,0.0,3700.88
539,SUSC,2021-12-31,WORST,2024-02-21,1762.521,0.0,1762.521
540,SUSC,2021-12-31,WORST,2024-02-22,1240.449,16234.94,17475.389
541,SUSC,2021-12-31,WORST,2024-02-23,937.47,0.0,937.47
542,SUSC,2021-12-31,WORST,2024-02-26,1919.507,8945.783,10865.291
543,SUSC,2021-12-31,WORST,2024-02-27,1659.676,0.0,1659.676
544,SUSC,2021-12-31,WORST,2024-02-28,389.789,0.0,389.789
545,SUSC,2021-12-31,WORST,2024-03-01,18669.646,3825.301,22494.947
546,SUSC,2021-12-31,WORST,2024-03-03,38.526,4427.711,4466.237
547,SUSC,2021-12-31,WORST,2024-03-04,1829.272,8373.494,10202.766
548,SUSC,2021-12-31,WORST,2024-03-05,282.689,3162.651,3445.339
549,SUSC,2021-12-31,WORST,2024-03-06,510.69,0.0,510.69
550,SUSC,2021-12-31,WORST,2024-03-07,712.29,1987.952,2700.241
551,SUSC,2021-12-31,WORST,2024-03-08,1007.89,0.0,1007.89
552,SUSC,2021-12-31,WORST,2024-03-10,26.732,3072.289,3099.022
553,SUSC,2021-12-31,WORST,2024-03-11,2551.986,39337.349,41889.335
554,SUSC,2021-12-31,WORST,2024-03-12,705.834,0.0,705.834
555,SUSC,2021-12-31,WORST,2024-03-13,1237.061,0.0,1237.061
556,SUSC,2021-12-31,WORST,2024-03-14,1432.534,12861.446,14293.98
557,SUSC,2021-12-31,WORST,2024-03-15,32425.401,40481.928,72907.329
558,SUSC,2021-12-31,WORST,2024-03-18,5446.836,0.0,5446.836
559,SUSC,2021-12-31,WORST,2024-03-19,2058.986,0.0,2058.986
560,SUSC,2021-12-31,WORST,2024-03-20,1231.693,0.0,1231.693
561,SUSC,2021-12-31,WORST,2024-03-21,1197.834,0.0,1197.834
562,SUSC,2021-12-31,WORST,2024-03-22,1855.755,14759.036,16614.791
563,SUSC,2021-12-31,WORST,2024-03-25,5457.436,0.0,5457.436
564,SUSC,2021-12-31,WORST,2024-03-26,883.639,0.0,883.639
565,SUSC,2021-12-31,WORST,2024-03-27,792.388,0.0,792.388
566,SUSC,2021-12-31,WORST,2024-03-28,109.834,0.0,109.834
567,SUSC,2021-12-31,WORST,2024-03-29,840.652,4789.157,5629.809
568,SUSC,2021-12-31,WORST,2024-04-01,30557.634,6144.578,36702.213
569,SUSC,2021-12-31,WORST,2024-04-02,2092.43,51024.096,53116.527
570,SUSC,2021-12-31,WORST,2024-04-03,461.578,0.0,461.578
571,SUSC,2021-12-31,WORST,2024-04-04,22.892,0.0,22.892
572,SUSC,2021-12-31,WORST,2024-04-05,884.707,0.0,884.707
573,SUSC,2021-12-31,WORST,2024-04-08,1255.915,0.0,1255.915
574,SUSC,2021-12-31,WORST,2024-04-09,818.87,13012.048,13830.919
575,SUSC,2021-12-31,WORST,2024-04-10,4140.286,15331.325,19471.611
576,SUSC,2021-12-31,WORST,2024-04-11,1190.115,0.0,1190.115
577,SUSC,2021-12-31,WORST,2024-04-12,37.651,0.0,37.651
578,SUSC,2021-12-31,WORST,2024-04-15,24027.377,71957.831,95985.208
579,SUSC,2021-12-31,WORST,2024-04-16,526.785,451.807,978.592
580,SUSC,2021-12-31,WORST,2024-04-17,704.096,301.205,1005.301
581,SUSC,2021-12-31,WORST,2024-04-18,112.929,0.0,112.929
582,SUSC,2021-12-31,WORST,2024-04-19,90.02,0.0,90.02
583,SUSC,2021-12-31,WORST,2024-04-21,103.586,6415.663,6519.249
584,SUSC,2021-12-31,WORST,2024-04-22,2942.137,0.0,2942.137
585,SUSC,2021-12-31,WORST,2024-04-23,2823.729,0.0,2823.729
586,SUSC,2021-12-31,WORST,2024-04-24,2602.834,0.0,2602.834
587,SUSC,2021-12-31,WORST,2024-04-25,1105.248,0.0,1105.248
588,SUSC,2021-12-31,WORST,2024-04-26,305.444,0.0,305.444
589,SUSC,2021-12-31,WORST,2024-04-29,3309.322,3463.855,6773.177
590,SUSC,2021-12-31,WORST,2024-04-30,3482.538,0.0,3482.538
591,SUSC,2021-12-31,WORST,2024-05-01,17761.41,20993.976,38755.386
592,SUSC,2021-12-31,WORST,2024-05-02,1068.381,0.0,1068.381
593,SUSC,2021-12-31,WORST,2024-05-03,2821.136,0.0,2821.136
594,SUSC,2021-12-31,WORST,2024-05-06,2232.565,0.0,2232.565
595,SUSC,2021-12-31,WORST,2024-05-07,2051.835,66325.301,68377.136
596,SUSC,2021-12-31,WORST,2024-05-08,955.957,0.0,955.957
597,SUSC,2021-12-31,WORST,2024-05-09,258.557,0.0,258.557
598,SUSC,2021-12-31,WORST,2024-05-10,164.334,0.0,164.334
599,SUSC,2021-12-31,WORST,2024-05-13,2144.401,0.0,2144.401
600,SUSC,2021-12-31,WORST,2024-05-14,2312.764,0.0,2312.764
601,SUSC,2021-12-31,WORST,2024-05-15,27257.462,21084.337,48341.8
602,SUSC,2021-12-31,WORST,2024-05-16,2426.696,0.0,2426.696
603,SUSC,2021-12-31,WORST,2024-05-17,813.526,3765.06,4578.586
604,SUSC,2021-12-31,WORST,2024-05-20,4935.232,0.0,4935.232
605,SUSC,2021-12-31,WORST,2024-05-21,1008.05,0.0,1008.05
606,SUSC,2021-12-31,WORST,2024-05-22,1242.907,0.0,1242.907
607,SUSC,2021-12-31,WORST,2024-05-23,727.07,0.0,727.07
608,SUSC,2021-12-31,WORST,2024-05-24,1647.98,0.0,1647.98
609,SUSC,2021-12-31,WORST,2024-05-28,2301.732,12500.0,14801.732
610,SUSC,2021-12-31,WORST,2024-05-29,329.197,0.0,329.197
611,SUSC,2021-12-31,WORST,2024-05-30,2800.55,20361.446,23161.995
612,SUSC,2021-12-31,WORST,2024-05-31,495.489,0.0,495.489
613,SUSC,2021-12-31,WORST,2024-06-03,23793.423,0.0,23793.423
614,SUSC,2021-12-31,WORST,2024-06-04,542.476,0.0,542.476
615,SUSC,2021-12-31,WORST,2024-06-05,1265.377,0.0,1265.377
616,SUSC,2021-12-31,WORST,2024-06-06,1234.683,0.0,1234.683
617,SUSC,2021-12-31,WORST,2024-06-07,283.622,0.0,283.622
618,SUSC,2021-12-31,WORST,2024-06-10,1670.923,2831.325,4502.249
619,SUSC,2021-12-31,WORST,2024-06-11,580.535,0.0,580.535
620,SUSC,2021-12-31,WORST,2024-06-12,379.3,18825.301,19204.601
621,SUSC,2021-12-31,WORST,2024-06-13,18.825,0.0,18.825
622,SUSC,2021-12-31,WORST,2024-06-14,710.181,0.0,710.181
623,SUSC,2021-12-31,WORST,2024-06-15,167.477,18855.422,19022.899
624,SUSC,2021-12-31,WORST,2024-06-17,27207.037,0.0,27207.037
625,SUSC,2021-12-31,WORST,2024-06-18,252.794,0.0,252.794
626,SUSC,2021-12-31,WORST,2024-06-19,531.481,0.0,531.481
627,SUSC,2021-12-31,WORST,2024-06-20,1056.698,0.0,1056.698
628,SUSC,2021-12-31,WORST,2024-06-21,218.389,0.0,218.389
629,SUSC,2021-12-31,WORST,2024-06-24,547.154,2710.843,3257.997
630,SUSC,2021-12-31,WORST,2024-06-25,17.47,0.0,17.47
631,SUSC,2021-12-31,WORST,2024-06-26,162.169,0.0,162.169
632,SUSC,2021-12-31,WORST,2024-06-27,73.19,0.0,73.19
633,SUSC,2021-12-31,WORST,2024-06-28,94.88,7590.361,7685.241
634,SUSC,2021-12-31,WORST,2024-06-29,263.044,25421.687,25684.731
635,SUSC,2021-12-31,WORST,2024-07-01,4186.407,19216.867,23403.275
636,SUSC,2021-12-31,WORST,2024-07-02,459.379,0.0,459.379
637,SUSC,2021-12-31,WORST,2024-07-06,105.422,9638.554,9743.976
638,SUSC,2021-12-31,WORST,2024-07-08,1184.746,3644.578,4829.325
639,SUSC,2021-12-31,WORST,2024-07-09,557.688,1506.024,2063.712
640,SUSC,2021-12-31,WORST,2024-07-10,1394.548,0.0,1394.548
641,SUSC,2021-12-31,WORST,2024-07-11,128.65,0.0,128.65
642,SUSC,2021-12-31,WORST,2024-07-12,536.344,0.0,536.344
643,SUSC,2021-12-31,WORST,2024-07-14,31.752,2650.602,2682.354
644,SUSC,2021-12-31,WORST,2024-07-15,22184.017,20301.205,42485.222
645,SUSC,2021-12-31,WORST,2024-07-16,1358.18,5120.482,6478.662
646,SUSC,2021-12-31,WORST,2024-07-17,1056.55,0.0,1056.55
647,SUSC,2021-12-31,WORST,2024-07-18,934.174,150.602,1084.776
648,SUSC,2021-12-31,WORST,2024-07-19,30.293,0.0,30.293
649,SUSC,2021-12-31,WORST,2024-07-22,4092.727,0.0,4092.727
650,SUSC,2021-12-31,WORST,2024-07-23,3676.727,0.0,3676.727
651,SUSC,2021-12-31,WORST,2024-07-24,1657.648,0.0,1657.648
652,SUSC,2021-12-31,WORST,2024-07-25,1140.523,0.0,1140.523
653,SUSC,2021-12-31,WORST,2024-07-26,349.357,0.0,349.357
654,SUSC,2021-12-31,WORST,2024-07-27,1035.078,99367.47,100402.548
655,SUSC,2021-12-31,WORST,2024-07-29,4039.789,0.0,4039.789
656,SUSC,2021-12-31,WORST,2024-07-30,2081.408,8493.976,10575.384
657,SUSC,2021-12-31,WORST,2024-07-31,312.636,0.0,312.636
658,SUSC,2021-12-31,WORST,2024-08-01,14952.618,85963.855,100916.473
659,SUSC,2021-12-31,WORST,2024-08-02,174.524,2349.398,2523.922
660,SUSC,2021-12-31,WORST,2024-08-05,2821.681,933.735,3755.416
661,SUSC,2021-12-31,WORST,2024-08-06,1390.161,0.0,1390.161
662,SUSC,2021-12-31,WORST,2024-08-07,1693.795,0.0,1693.795
663,SUSC,2021-12-31,WORST,2024-08-08,6977.478,0.0,6977.478
664,SUSC,2021-12-31,WORST,2024-08-09,671.807,0.0,671.807
665,SUSC,2021-12-31,WORST,2024-08-11,116.246,8584.337,8700.584
666,SUSC,2021-12-31,WORST,2024-08-12,3279.137,0.0,3279.137
667,SUSC,2021-12-31,WORST,2024-08-13,450.63,0.0,450.63
668,SUSC,2021-12-31,WORST,2024-08-14,795.956,0.0,795.956
669,SUSC,2021-12-31,WORST,2024-08-15,18321.001,10602.41,28923.41
670,SUSC,2021-12-31,WORST,2024-08-16,1030.406,0.0,1030.406
671,SUSC,2021-12-31,WORST,2024-08-19,3189.87,0.0,3189.87
672,SUSC,2021-12-31,WORST,2024-08-20,511.009,0.0,511.009
673,SUSC,2021-12-31,WORST,2024-08-21,1762.521,0.0,1762.521
674,SUSC,2021-12-31,WORST,2024-08-22,1093.32,0.0,1093.32
675,SUSC,2021-12-31,WORST,2024-08-23,937.47,0.0,937.47
676,SUSC,2021-12-31,WORST,2024-08-26,1619.643,0.0,1619.643
677,SUSC,2021-12-31,WORST,2024-08-27,569.842,0.0,569.842
678,SUSC,2021-12-31,WORST,2024-08-28,389.789,0.0,389.789
679,SUSC,2021-12-31,WORST,2024-09-01,236.265,20662.651,20898.915
680,SUSC,2021-12-31,WORST,2024-09-03,19349.078,12409.639,31758.717
681,SUSC,2021-12-31,WORST,2024-09-04,797.952,0.0,797.952
682,SUSC,2021-12-31,WORST,2024-09-05,255.355,0.0,255.355
683,SUSC,2021-12-31,WORST,2024-09-06,510.69,8674.699,9185.389
684,SUSC,2021-12-31,WORST,2024-09-09,2388.05,753.012,3141.062
685,SUSC,2021-12-31,WORST,2024-09-10,699.345,7078.313,7777.658
686,SUSC,2021-12-31,WORST,2024-09-11,494.1,753.012,1247.112
687,SUSC,2021-12-31,WORST,2024-09-12,705.834,0.0,705.834
688,SUSC,2021-12-31,WORST,2024-09-13,1237.061,3012.048,4249.109
689,SUSC,2021-12-31,WORST,2024-09-15,229.02,25240.964,25469.984
690,SUSC,2021-12-31,WORST,2024-09-16,34478.079,0.0,34478.079
691,SUSC,2021-12-31,WORST,2024-09-17,1435.468,301.205,1736.673
692,SUSC,2021-12-31,WORST,2024-09-18,2130.534,0.0,2130.534
693,SUSC,2021-12-31,WORST,2024-09-19,2058.986,17289.157,19348.143
694,SUSC,2021-12-31,WORST,2024-09-20,1231.693,0.0,1231.693
695,SUSC,2021-12-31,WORST,2024-09-23,3457.17,0.0,3457.17
696,SUSC,2021-12-31,WORST,2024-09-24,1841.802,99698.795,101540.597
697,SUSC,2021-12-31,WORST,2024-09-25,3779.771,0.0,3779.771
698,SUSC,2021-12-31,WORST,2024-09-26,927.276,3674.699,4601.975
699,SUSC,2021-12-31,WORST,2024-09-27,792.388,1385.542,2177.93
700,SUSC,2021-12-31,WORST,2024-09-29,272.269,21927.711,22199.98
701,SUSC,2021-12-31,WORST,2024-09-30,3781.481,12319.277,16100.758
702,SUSC,2021-12-31,WORST,2024-10-01,28093.717,47680.723,75774.44
703,SUSC,2021-12-31,WORST,2024-10-02,811.381,6536.145,7347.525
704,SUSC,2021-12-31,WORST,2024-10-03,461.578,0.0,461.578
705,SUSC,2021-12-31,WORST,2024-10-04,22.892,0.0,22.892
706,SUSC,2021-12-31,WORST,2024-10-07,2040.959,4066.265,6107.224
707,SUSC,2021-12-31,WORST,2024-10-08,99.663,0.0,99.663
708,SUSC,2021-12-31,WORST,2024-10-09,372.214,0.0,372.214
709,SUSC,2021-12-31,WORST,2024-10-10,3907.992,9066.265,12974.257
710,SUSC,2021-12-31,WORST,2024-10-11,1190.115,0.0,1190.115
711,SUSC,2021-12-31,WORST,2024-10-15,24047.068,61777.108,85824.177
712,SUSC,2021-12-31,WORST,2024-10-16,522.242,0.0,522.242
713,SUSC,2021-12-31,WORST,2024-10-17,701.393,0.0,701.393
714,SUSC,2021-12-31,WORST,2024-10-18,205.623,14066.265,14271.888
715,SUSC,2021-12-31,WORST,2024-10-19,37.985,3042.169,3080.153
716,SUSC,2021-12-31,WORST,2024-10-21,1603.227,3012.048,4615.275
717,SUSC,2021-12-31,WORST,2024-10-22,1428.789,0.0,1428.789
718,SUSC,2021-12-31,WORST,2024-10-23,2845.341,6686.747,9532.088
719,SUSC,2021-12-31,WORST,2024-10-24,1443.061,8102.41,9545.47
720,SUSC,2021-12-31,WORST,2024-10-25,1105.248,3012.048,4117.297
721,SUSC,2021-12-31,WORST,2024-10-28,2251.011,0.0,2251.011
722,SUSC,2021-12-31,WORST,2024-10-29,1244.278,5722.892,6967.17
723,SUSC,2021-12-31,WORST,2024-10-30,2755.578,0.0,2755.578
724,SUSC,2021-12-31,WORST,2024-10-31,204.806,0.0,204.806
725,SUSC,2021-12-31,WORST,2024-11-01,17167.773,57861.446,75029.219
726,SUSC,2021-12-31,WORST,2024-11-04,5094.455,11927.711,17022.166
727,SUSC,2021-12-31,WORST,2024-11-05,94.819,4186.747,4281.566
728,SUSC,2021-12-31,WORST,2024-11-06,1400.19,8222.892,9623.081
729,SUSC,2021-12-31,WORST,2024-11-07,566.252,0.0,566.252
730,SUSC,2021-12-31,WORST,2024-11-08,955.957,5150.602,6106.559
731,SUSC,2021-12-31,WORST,2024-11-12,1824.306,45150.602,46974.909
732,SUSC,2021-12-31,WORST,2024-11-13,1047.752,0.0,1047.752
733,SUSC,2021-12-31,WORST,2024-11-14,2312.764,0.0,2312.764
734,SUSC,2021-12-31,WORST,2024-11-15,26785.401,4668.675,31454.076
735,SUSC,2021-12-31,WORST,2024-11-18,5454.742,0.0,5454.742
736,SUSC,2021-12-31,WORST,2024-11-19,1487.801,0.0,1487.801
737,SUSC,2021-12-31,WORST,2024-11-20,1022.142,0.0,1022.142
738,SUSC,2021-12-31,WORST,2024-11-21,1008.05,0.0,1008.05
739,SUSC,2021-12-31,WORST,2024-11-22,1242.907,0.0,1242.907
740,SUSC,2021-12-31,WORST,2024-11-25,3288.416,0.0,3288.416
741,SUSC,2021-12-31,WORST,2024-11-26,455.072,14457.831,14912.904
742,SUSC,2021-12-31,WORST,2024-11-27,146.099,0.0,146.099
743,SUSC,2021-12-31,WORST,2024-11-29,796.079,0.0,796.079
744,SUSC,2021-12-31,WORST,2024-12-01,218.567,18253.012,18471.579
745,SUSC,2021-12-31,WORST,2024-12-02,24379.272,4487.952,28867.224
746,SUSC,2021-12-31,WORST,2024-12-03,1098.361,31445.783,32544.144
747,SUSC,2021-12-31,WORST,2024-12-04,542.476,60.241,602.717
748,SUSC,2021-12-31,WORST,2024-12-05,1126.164,0.0,1126.164
749,SUSC,2021-12-31,WORST,2024-12-06,1146.286,0.0,1146.286
750,SUSC,2021-12-31,WORST,2024-12-09,868.782,0.0,868.782
751,SUSC,2021-12-31,WORST,2024-12-10,1276.133,22319.277,23595.41
752,SUSC,2021-12-31,WORST,2024-12-11,580.535,0.0,580.535
753,SUSC,2021-12-31,WORST,2024-12-12,120.482,0.0,120.482
754,SUSC,2021-12-31,WORST,2024-12-13,30.356,4066.265,4096.621
755,SUSC,2021-12-31,WORST,2024-12-15,291.87,29608.434,29900.304
756,SUSC,2021-12-31,WORST,2024-12-16,27050.433,28795.181,55845.613
757,SUSC,2021-12-31,WORST,2024-12-17,357.154,0.0,357.154
758,SUSC,2021-12-31,WORST,2024-12-18,252.794,0.0,252.794
759,SUSC,2021-12-31,WORST,2024-12-19,558.816,3313.253,3872.069
760,SUSC,2021-12-31,WORST,2024-12-20,1056.698,0.0,1056.698
761,SUSC,2021-12-31,WORST,2024-12-23,649.164,0.0,649.164
762,SUSC,2021-12-31,WORST,2024-12-24,80.459,0.0,80.459
763,SUSC,2021-12-31,WORST,2024-12-26,179.639,0.0,179.639
764,SUSC,2021-12-31,WORST,2024-12-27,73.19,0.0,73.19
765,SUSC,2021-12-31,WORST,2024-12-30,1183.077,11295.181,12478.257
766,SUSC,2021-12-31,WORST,2024-12-31,603.347,0.0,603.347
767,SUSC,2021-12-31,WORST,2025-01-01,154.204,17228.916,17383.119
768,SUSC,2021-12-31,WORST,2025-01-02,2609.872,0.0,2609.872
769,SUSC,2021-12-31,WORST,2025-01-06,299.232,0.0,299.232
770,SUSC,2021-12-31,WORST,2025-01-08,836.92,0.0,836.92
771,SUSC,2021-12-31,WORST,2025-01-09,528.546,512.048,1040.594
772,SUSC,2021-12-31,WORST,2025-01-10,1093.64,0.0,1093.64
773,SUSC,2021-12-31,WORST,2025-01-13,1872.599,0.0,1872.599
774,SUSC,2021-12-31,WORST,2025-01-14,908.53,43584.337,44492.868
775,SUSC,2021-12-31,WORST,2025-01-15,20253.974,24036.145,44290.119
776,SUSC,2021-12-31,WORST,2025-01-16,1060.606,2409.639,3470.244
777,SUSC,2021-12-31,WORST,2025-01-17,1056.55,0.0,1056.55
778,SUSC,2021-12-31,WORST,2025-01-21,3628.362,6445.783,10074.145
779,SUSC,2021-12-31,WORST,2025-01-22,1416.89,7138.554,8555.444
780,SUSC,2021-12-31,WORST,2025-01-23,3633.504,0.0,3633.504
781,SUSC,2021-12-31,WORST,2025-01-24,1699.722,3373.494,5073.216
782,SUSC,2021-12-31,WORST,2025-01-27,3710.291,29277.108,32987.4
783,SUSC,2021-12-31,WORST,2025-01-28,570.425,10000.0,10570.425
784,SUSC,2021-12-31,WORST,2025-01-29,1527.86,7078.313,8606.173
785,SUSC,2021-12-31,WORST,2025-01-30,2130.779,21234.94,23365.719
786,SUSC,2021-12-31,WORST,2025-01-31,312.636,0.0,312.636
787,SUSC,2021-12-31,WORST,2025-02-01,97.892,12530.12,12628.012
788,SUSC,2021-12-31,WORST,2025-02-03,14786.047,83674.699,98460.745
789,SUSC,2021-12-31,WORST,2025-02-04,961.172,5753.012,6714.184
790,SUSC,2021-12-31,WORST,2025-02-05,466.015,1656.627,2122.642
791,SUSC,2021-12-31,WORST,2025-02-06,1245.514,0.0,1245.514
792,SUSC,2021-12-31,WORST,2025-02-07,1693.795,0.0,1693.795
793,SUSC,2021-12-31,WORST,2025-02-10,8992.402,0.0,8992.402
794,SUSC,2021-12-31,WORST,2025-02-11,544.219,7108.434,7652.653
795,SUSC,2021-12-31,WORST,2025-02-12,899.976,10722.892,11622.867
796,SUSC,2021-12-31,WORST,2025-02-13,450.63,2289.157,2739.786
797,SUSC,2021-12-31,WORST,2025-02-14,360.113,0.0,360.113
798,SUSC,2021-12-31,WORST,2025-02-15,104.133,10572.289,10676.422
799,SUSC,2021-12-31,WORST,2025-02-17,171.084,12831.325,13002.41
800,SUSC,2021-12-31,WORST,2025-02-18,21413.851,21054.217,42468.068
801,SUSC,2021-12-31,WORST,2025-02-19,1084.41,21656.627,22741.037
802,SUSC,2021-12-31,WORST,2025-02-20,511.009,0.0,511.009
803,SUSC,2021-12-31,WORST,2025-02-21,1701.286,0.0,1701.286
804,SUSC,2021-12-31,WORST,2025-02-22,1.412,150.602,152.014
805,SUSC,2021-12-31,WORST,2025-02-24,2598.693,0.0,2598.693
806,SUSC,2021-12-31,WORST,2025-02-25,722.219,12680.723,13402.942
807,SUSC,2021-12-31,WORST,2025-02-26,610.821,0.0,610.821
808,SUSC,2021-12-31,WORST,2025-02-27,474.209,5662.651,6136.86
809,SUSC,2021-12-31,WORST,2025-02-28,389.789,0.0,389.789
810,SUSC,2021-12-31,WORST,2025-03-01,647.338,56295.181,56942.519
811,SUSC,2021-12-31,WORST,2025-03-02,46.31,3704.819,3751.13
812,SUSC,2021-12-31,WORST,2025-03-03,18626.111,3795.181,22421.292
813,SUSC,2021-12-31,WORST,2025-03-04,797.952,0.0,797.952
814,SUSC,2021-12-31,WORST,2025-03-05,255.355,0.0,255.355
815,SUSC,2021-12-31,WORST,2025-03-06,499.652,4879.518,5379.17
816,SUSC,2021-12-31,WORST,2025-03-07,686.446,0.0,686.446
817,SUSC,2021-12-31,WORST,2025-03-09,395.437,11204.819,11600.256
818,SUSC,2021-12-31,WORST,2025-03-10,5417.949,199698.795,205116.744
819,SUSC,2021-12-31,WORST,2025-03-11,412.482,1204.819,1617.301
820,SUSC,2021-12-31,WORST,2025-03-12,632.114,0.0,632.114
821,SUSC,2021-12-31,WORST,2025-03-13,1204.587,6536.145,7740.732
822,SUSC,2021-12-31,WORST,2025-03-14,1159.228,0.0,1159.228
823,SUSC,2021-12-31,WORST,2025-03-15,1759.661,145421.687,147181.348
824,SUSC,2021-12-31,WORST,2025-03-17,34106.919,15000.0,49106.919
825,SUSC,2021-12-31,WORST,2025-03-18,2130.534,0.0,2130.534
826,SUSC,2021-12-31,WORST,2025-03-19,1487.337,0.0,1487.337
827,SUSC,2021-12-31,WORST,2025-03-20,1231.693,0.0,1231.693
828,SUSC,2021-12-31,WORST,2025-03-21,1197.834,0.0,1197.834
829,SUSC,2021-12-31,WORST,2025-03-23,106.627,10662.651,10769.277
830,SUSC,2021-12-31,WORST,2025-03-24,3490.922,50090.361,53581.284
831,SUSC,2021-12-31,WORST,2025-03-25,3642.694,5331.325,8974.019
832,SUSC,2021-12-31,WORST,2025-03-26,883.639,1506.024,2389.663
833,SUSC,2021-12-31,WORST,2025-03-27,707.477,0.0,707.477
834,SUSC,2021-12-31,WORST,2025-03-28,109.834,0.0,109.834
835,SUSC,2021-12-31,WORST,2025-03-31,3153.012,24337.349,27490.362
836,SUSC,2021-12-31,WORST,2025-04-01,27504.354,24909.639,52413.992
837,SUSC,2021-12-31,WORST,2025-04-02,677.711,0.0,677.711
838,SUSC,2021-12-31,WORST,2025-04-03,461.578,0.0,461.578
839,SUSC,2021-12-31,WORST,2025-04-04,22.892,0.0,22.892
840,SUSC,2021-12-31,WORST,2025-04-07,1941.195,0.0,1941.195
841,SUSC,2021-12-31,WORST,2025-04-08,99.663,5331.325,5430.988
842,SUSC,2021-12-31,WORST,2025-04-09,372.214,0.0,372.214
843,SUSC,2021-12-31,WORST,2025-04-11,1190.115,0.0,1190.115
844,SUSC,2021-12-31,WORST,2025-04-14,1134.237,1234.94,2369.177
845,SUSC,2021-12-31,WORST,2025-04-15,20457.896,36536.145,56994.041
846,SUSC,2021-12-31,WORST,2025-04-16,522.242,0.0,522.242
847,SUSC,2021-12-31,WORST,2025-04-17,646.498,19879.518,20526.017
848,SUSC,2021-12-31,WORST,2025-04-18,35.09,0.0,35.09
849,SUSC,2021-12-31,WORST,2025-04-20,43.234,4487.952,4531.186
850,SUSC,2021-12-31,WORST,2025-04-21,1561.611,7349.398,8911.008
851,SUSC,2021-12-31,WORST,2025-04-22,1511.858,2861.446,4373.303
852,SUSC,2021-12-31,WORST,2025-04-23,2684.994,0.0,2684.994
853,SUSC,2021-12-31,WORST,2025-04-24,1063.177,17409.639,18472.816
854,SUSC,2021-12-31,WORST,2025-04-25,1092.447,0.0,1092.447
855,SUSC,2021-12-31,WORST,2025-04-28,1703.767,8584.337,10288.104
856,SUSC,2021-12-31,WORST,2025-04-29,1317.147,12981.928,14299.075
857,SUSC,2021-12-31,WORST,2025-04-30,2668.404,0.0,2668.404
858,SUSC,2021-12-31,WORST,2025-05-01,16034.188,25391.566,41425.754
859,SUSC,2021-12-31,WORST,2025-05-02,1068.381,0.0,1068.381
860,SUSC,2021-12-31,WORST,2025-05-05,3886.162,4668.675,8554.837
861,SUSC,2021-12-31,WORST,2025-05-06,1409.38,0.0,1409.38
862,SUSC,2021-12-31,WORST,2025-05-07,561.418,0.0,561.418
863,SUSC,2021-12-31,WORST,2025-05-08,900.588,6024.096,6924.684
864,SUSC,2021-12-31,WORST,2025-05-09,258.557,0.0,258.557
865,SUSC,2021-12-31,WORST,2025-05-12,1260.983,0.0,1260.983
866,SUSC,2021-12-31,WORST,2025-05-13,1047.752,0.0,1047.752
867,SUSC,2021-12-31,WORST,2025-05-14,2312.764,0.0,2312.764
868,SUSC,2021-12-31,WORST,2025-05-15,26207.427,12861.446,39068.873
869,SUSC,2021-12-31,WORST,2025-05-16,2426.696,0.0,2426.696
870,SUSC,2021-12-31,WORST,2025-05-19,4515.847,0.0,4515.847
871,SUSC,2021-12-31,WORST,2025-05-20,1018.876,0.0,1018.876
872,SUSC,2021-12-31,WORST,2025-05-21,1008.05,903.614,1911.664
873,SUSC,2021-12-31,WORST,2025-05-22,1240.084,0.0,1240.084
874,SUSC,2021-12-31,WORST,2025-05-23,727.07,0.0,727.07
875,SUSC,2021-12-31,WORST,2025-05-27,2758.438,0.0,2758.438
876,SUSC,2021-12-31,WORST,2025-05-28,466.882,0.0,466.882
877,SUSC,2021-12-31,WORST,2025-05-29,329.197,0.0,329.197
878,SUSC,2021-12-31,WORST,2025-05-30,2423.863,7530.12,9953.983
879,SUSC,2021-12-31,WORST,2025-06-01,111.583,9156.627,9268.21
880,SUSC,2021-12-31,WORST,2025-06-02,21176.795,21656.627,42833.421
881,SUSC,2021-12-31,WORST,2025-06-03,944.413,0.0,944.413
882,SUSC,2021-12-31,WORST,2025-06-04,541.497,0.0,541.497
883,SUSC,2021-12-31,WORST,2025-06-05,1039.793,0.0,1039.793
884,SUSC,2021-12-31,WORST,2025-06-06,1110.325,0.0,1110.325
885,SUSC,2021-12-31,WORST,2025-06-08,122.8,7228.916,7351.716
886,SUSC,2021-12-31,WORST,2025-06-09,868.782,0.0,868.782
887,SUSC,2021-12-31,WORST,2025-06-10,1181.004,12228.916,13409.92
888,SUSC,2021-12-31,WORST,2025-06-11,580.535,69126.506,69707.041
889,SUSC,2021-12-31,WORST,2025-06-12,120.482,0.0,120.482
890,SUSC,2021-12-31,WORST,2025-06-15,369.06,38012.048,38381.108
891,SUSC,2021-12-31,WORST,2025-06-16,25584.646,24126.506,49711.152
892,SUSC,2021-12-31,WORST,2025-06-17,357.154,0.0,357.154
893,SUSC,2021-12-31,WORST,2025-06-18,252.794,0.0,252.794
894,SUSC,2021-12-31,WORST,2025-06-19,531.481,0.0,531.481
895,SUSC,2021-12-31,WORST,2025-06-20,1056.698,0.0,1056.698
896,SUSC,2021-12-31,WORST,2025-06-23,537.116,0.0,537.116
897,SUSC,2021-12-31,WORST,2025-06-24,80.459,0.0,80.459
898,SUSC,2021-12-31,WORST,2025-06-25,17.47,1204.819,1222.289
899,SUSC,2021-12-31,WORST,2025-06-26,162.169,0.0,162.169
900,SUSC,2021-12-31,WORST,2025-06-27,73.19,0.0,73.19
901,SUSC,2021-12-31,WORST,2025-06-30,1689.153,0.0,1689.153
902,SUSC,2021-12-31,WORST,2025-07-01,2379.232,22710.843,25090.075
903,SUSC,2021-12-31,WORST,2025-07-02,459.379,0.0,459.379
904,SUSC,2021-12-31,WORST,2025-07-07,299.232,0.0,299.232
905,SUSC,2021-12-31,WORST,2025-07-08,836.92,0.0,836.92
906,SUSC,2021-12-31,WORST,2025-07-09,523.298,0.0,523.298
907,SUSC,2021-12-31,WORST,2025-07-10,891.644,0.0,891.644
908,SUSC,2021-12-31,WORST,2025-07-11,128.65,0.0,128.65
909,SUSC,2021-12-31,WORST,2025-07-14,1997.861,0.0,1997.861
910,SUSC,2021-12-31,WORST,2025-07-15,20450.621,33855.422,54306.043
911,SUSC,2021-12-31,WORST,2025-07-16,1028.702,6174.699,7203.401
912,SUSC,2021-12-31,WORST,2025-07-17,653.086,0.0,653.086
913,SUSC,2021-12-31,WORST,2025-07-18,932.065,0.0,932.065
914,SUSC,2021-12-31,WORST,2025-07-21,2587.764,5813.253,8401.017
915,SUSC,2021-12-31,WORST,2025-07-22,1346.445,12981.928,14328.373
916,SUSC,2021-12-31,WORST,2025-07-23,3406.309,5692.771,9099.08
917,SUSC,2021-12-31,WORST,2025-07-24,1657.648,0.0,1657.648
918,SUSC,2021-12-31,WORST,2025-07-25,1140.523,0.0,1140.523
919,SUSC,2021-12-31,WORST,2025-07-28,2721.376,1204.819,3926.195
920,SUSC,2021-12-31,WORST,2025-07-29,1163.824,0.0,1163.824
921,SUSC,2021-12-31,WORST,2025-07-30,1984.789,6024.096,8008.886
922,SUSC,2021-12-31,WORST,2025-07-31,312.636,0.0,312.636
923,SUSC,2021-12-31,WORST,2025-08-01,12805.737,7891.566,20697.303
924,SUSC,2021-12-31,WORST,2025-08-03,328.068,42469.88,42797.947
925,SUSC,2021-12-31,WORST,2025-08-04,1505.855,9186.747,10692.602
926,SUSC,2021-12-31,WORST,2025-08-05,507.221,0.0,507.221
927,SUSC,2021-12-31,WORST,2025-08-06,1245.514,0.0,1245.514
928,SUSC,2021-12-31,WORST,2025-08-07,1693.795,38885.542,40579.337
929,SUSC,2021-12-31,WORST,2025-08-08,6792.237,0.0,6792.237
930,SUSC,2021-12-31,WORST,2025-08-11,2502.869,0.0,2502.869
931,SUSC,2021-12-31,WORST,2025-08-12,838.542,0.0,838.542
932,SUSC,2021-12-31,WORST,2025-08-13,510.121,8524.096,9034.217
933,SUSC,2021-12-31,WORST,2025-08-14,360.113,0.0,360.113
934,SUSC,2021-12-31,WORST,2025-08-15,17591.355,36174.699,53766.054
935,SUSC,2021-12-31,WORST,2025-08-16,26.812,1777.108,1803.92
936,SUSC,2021-12-31,WORST,2025-08-17,33.679,4096.386,4130.064
937,SUSC,2021-12-31,WORST,2025-08-18,3036.578,52319.277,55355.855
938,SUSC,2021-12-31,WORST,2025-08-19,870.649,0.0,870.649
939,SUSC,2021-12-31,WORST,2025-08-20,511.009,0.0,511.009
940,SUSC,2021-12-31,WORST,2025-08-21,1701.286,0.0,1701.286
941,SUSC,2021-12-31,WORST,2025-08-22,1093.32,0.0,1093.32
942,SUSC,2021-12-31,WORST,2025-08-25,1838.461,0.0,1838.461
943,SUSC,2021-12-31,WORST,2025-08-26,820.309,0.0,820.309
944,SUSC,2021-12-31,WORST,2025-08-27,417.583,0.0,417.583
945,SUSC,2021-12-31,WORST,2025-08-28,389.789,0.0,389.789
946,SUSC,2021-12-31,WORST,2025-09-01,221.38,16114.458,16335.838
947,SUSC,2021-12-31,WORST,2025-09-02,17961.024,0.0,17961.024
948,SUSC,2021-12-31,WORST,2025-09-03,662.744,5271.084,5933.828
949,SUSC,2021-12-31,WORST,2025-09-04,797.952,0.0,797.952
950,SUSC,2021-12-31,WORST,2025-09-05,255.355,0.0,255.355
951,SUSC,2021-12-31,WORST,2025-09-08,2129.123,0.0,2129.123
952,SUSC,2021-12-31,WORST,2025-09-09,680.978,1777.108,2458.086
953,SUSC,2021-12-31,WORST,2025-09-10,519.307,0.0,519.307
954,SUSC,2021-12-31,WORST,2025-09-11,403.927,0.0,403.927
955,SUSC,2021-12-31,WORST,2025-09-12,632.114,0.0,632.114
956,SUSC,2021-12-31,WORST,2025-09-15,32250.212,24668.675,56918.886
957,SUSC,2021-12-31,WORST,2025-09-16,1898.733,0.0,1898.733
958,SUSC,2021-12-31,WORST,2025-09-17,1409.322,843.373,2252.695
959,SUSC,2021-12-31,WORST,2025-09-18,2130.534,113253.012,115383.546
960,SUSC,2021-12-31,WORST,2025-09-19,1487.337,0.0,1487.337
961,SUSC,2021-12-31,WORST,2025-09-22,3806.545,0.0,3806.545
962,SUSC,2021-12-31,WORST,2025-09-23,718.613,0.0,718.613
963,SUSC,2021-12-31,WORST,2025-09-24,938.871,0.0,938.871
964,SUSC,2021-12-31,WORST,2025-09-25,3604.272,2469.88,6074.151
965,SUSC,2021-12-31,WORST,2025-09-26,854.554,0.0,854.554
966,SUSC,2021-12-31,WORST,2025-09-29,1774.846,29066.265,30841.111
967,SUSC,2021-12-31,WORST,2025-09-30,1680.583,0.0,1680.583
968,SUSC,2021-12-31,WORST,2025-10-01,26585.941,0.0,26585.941
969,SUSC,2021-12-31,WORST,2025-10-02,677.711,0.0,677.711
970,SUSC,2021-12-31,WORST,2025-10-03,461.578,0.0,461.578
971,SUSC,2021-12-31,WORST,2025-10-06,2326.211,20692.771,23018.982
972,SUSC,2021-12-31,WORST,2025-10-08,16.867,0.0,16.867
973,SUSC,2021-12-31,WORST,2025-10-09,372.214,0.0,372.214
974,SUSC,2021-12-31,WORST,2025-10-14,2303.358,0.0,2303.358
975,SUSC,2021-12-31,WORST,2025-10-15,19161.276,5933.735,25095.01
976,SUSC,2021-12-31,WORST,2025-10-16,522.242,0.0,522.242
977,SUSC,2021-12-31,WORST,2025-10-17,444.767,0.0,444.767
978,SUSC,2021-12-31,WORST,2025-10-18,69.325,4216.867,4286.193
979,SUSC,2021-12-31,WORST,2025-10-20,664.162,0.0,664.162
980,SUSC,2021-12-31,WORST,2025-10-21,870.457,8885.542,9755.999
981,SUSC,2021-12-31,WORST,2025-10-22,1398.987,0.0,1398.987
982,SUSC,2021-12-31,WORST,2025-10-23,2684.994,0.0,2684.994
983,SUSC,2021-12-31,WORST,2025-10-24,917.443,0.0,917.443
984,SUSC,2021-12-31,WORST,2025-10-27,2055.808,0.0,2055.808
985,SUSC,2021-12-31,WORST,2025-10-28,639.875,0.0,639.875
986,SUSC,2021-12-31,WORST,2025-10-29,1197.064,9246.988,10444.052
987,SUSC,2021-12-31,WORST,2025-10-30,2480.465,36144.578,38625.043
988,SUSC,2021-12-31,WORST,2025-10-31,204.806,0.0,204.806
989,SUSC,2021-12-31,WORST,2025-11-01,449.386,49066.265,49515.651
990,SUSC,2021-12-31,WORST,2025-11-03,18728.153,29849.398,48577.551
991,SUSC,2021-12-31,WORST,2025-11-04,1008.822,0.0,1008.822
992,SUSC,2021-12-31,WORST,2025-11-05,67.082,0.0,67.082
993,SUSC,2021-12-31,WORST,2025-11-06,891.978,0.0,891.978
994,SUSC,2021-12-31,WORST,2025-11-07,561.418,753.012,1314.43
995,SUSC,2021-12-31,WORST,2025-11-10,1189.443,0.0,1189.443
996,SUSC,2021-12-31,WORST,2025-11-12,1096.649,0.0,1096.649
997,SUSC,2021-12-31,WORST,2025-11-13,855.96,0.0,855.96
998,SUSC,2021-12-31,WORST,2025-11-14,2390.881,8012.048,10402.929
999,SUSC,2021-12-31,WORST,2025-11-15,131.909,11927.711,12059.62
1000,SUSC,2021-12-31,WORST,2025-11-17,28236.539,46837.349,75073.888
1001,SUSC,2021-12-31,WORST,2025-11-18,2223.858,1204.819,3428.677
1002,SUSC,2021-12-31,WORST,2025-11-19,1487.801,1506.024,2993.825
1003,SUSC,2021-12-31,WORST,2025-11-20,1018.876,0.0,1018.876
1004,SUSC,2021-12-31,WORST,2025-11-21,992.802,0.0,992.802
1005,SUSC,2021-12-31,WORST,2025-11-24,3672.114,18042.169,21714.283
1006,SUSC,2021-12-31,WORST,2025-11-25,827.815,3433.735,4261.55
1007,SUSC,2021-12-31,WORST,2025-11-26,168.735,0.0,168.735
1008,SUSC,2021-12-31,WORST,2025-11-28,612.981,0.0,612.981
1009,SUSC,2021-12-31,WORST,2025-11-30,151.355,10090.361,10241.717
1010,SUSC,2021-12-31,WORST,2025-12-01,23022.133,52289.157,75311.29
1011,SUSC,2021-12-31,WORST,2025-12-02,906.434,0.0,906.434
1012,SUSC,2021-12-31,WORST,2025-12-03,824.323,0.0,824.323
1013,SUSC,2021-12-31,WORST,2025-12-04,541.497,0.0,541.497
1014,SUSC,2021-12-31,WORST,2025-12-05,1039.793,0.0,1039.793
1015,SUSC,2021-12-31,WORST,2025-12-08,1530.415,9036.145,10566.559
1016,SUSC,2021-12-31,WORST,2025-12-09,448.509,0.0,448.509
1017,SUSC,2021-12-31,WORST,2025-12-10,935.794,15361.446,16297.239
1018,SUSC,2021-12-31,WORST,2025-12-11,178.363,4066.265,4244.629
1019,SUSC,2021-12-31,WORST,2025-12-12,120.482,0.0,120.482
1020,SUSC,2021-12-31,WORST,2025-12-13,61.509,5090.361,5151.87
1021,SUSC,2021-12-31,WORST,2025-12-14,100.527,10783.133,10883.66
1022,SUSC,2021-12-31,WORST,2025-12-15,23936.796,26144.578,50081.374
1023,SUSC,2021-12-31,WORST,2025-12-16,1334.413,43734.94,45069.352
1024,SUSC,2021-12-31,WORST,2025-12-17,357.154,0.0,357.154
1025,SUSC,2021-12-31,WORST,2025-12-18,252.794,0.0,252.794
1026,SUSC,2021-12-31,WORST,2025-12-19,531.481,0.0,531.481
1027,SUSC,2021-12-31,WORST,2025-12-22,1434.891,0.0,1434.891
1028,SUSC,2021-12-31,WORST,2025-12-23,158.923,0.0,158.923
1029,SUSC,2021-12-31,WORST,2025-12-24,80.459,0.0,80.459
1030,SUSC,2021-12-31,WORST,2025-12-26,162.169,0.0,162.169
1031,SUSC,2021-12-31,WORST,2025-12-29,193.952,0.0,193.952
1032,SUSC,2021-12-31,WORST,2025-12-30,965.044,0.0,965.044
1033,SUSC,2021-12-31,WORST,2025-12-31,603.347,8644.578,9247.925
1034,SUSC,2021-12-31,WORST,2026-01-01,339.038,33313.253,33652.291
1035,SUSC,2021-12-31,WORST,2026-01-02,2609.872,0.0,2609.872
1036,SUSC,2021-12-31,WORST,2026-01-06,299.232,0.0,299.232
1037,SUSC,2021-12-31,WORST,2026-01-08,836.92,0.0,836.92
1038,SUSC,2021-12-31,WORST,2026-01-09,523.298,0.0,523.298
1039,SUSC,2021-12-31,WORST,2026-01-12,1475.726,2921.687,4397.413
1040,SUSC,2021-12-31,WORST,2026-01-13,1369.428,7951.807,9321.236
1041,SUSC,2021-12-31,WORST,2026-01-14,464.416,1054.217,1518.633
1042,SUSC,2021-12-31,WORST,2026-01-15,20147.636,50150.602,70298.238
1043,SUSC,2021-12-31,WORST,2026-01-16,991.989,0.0,991.989
1044,SUSC,2021-12-31,WORST,2026-01-20,3025.903,0.0,3025.903
1045,SUSC,2021-12-31,WORST,2026-01-21,1212.177,8132.53,9344.707
1046,SUSC,2021-12-31,WORST,2026-01-22,1221.679,0.0,1221.679
1047,SUSC,2021-12-31,WORST,2026-01-23,3294.035,3132.53,6426.565
1048,SUSC,2021-12-31,WORST,2026-01-26,2695.695,1415.663,4111.358
1049,SUSC,2021-12-31,WORST,2026-01-27,2561.258,18524.096,21085.355
1050,SUSC,2021-12-31,WORST,2026-01-28,342.225,11445.783,11788.008
1051,SUSC,2021-12-31,WORST,2026-01-29,1163.824,0.0,1163.824
1052,SUSC,2021-12-31,WORST,2026-01-30,1722.259,0.0,1722.259
1053,SUSC,2021-12-31,WORST,2026-02-02,11919.183,2289.157,14208.34
1054,SUSC,2021-12-31,WORST,2026-02-03,552.703,1807.229,2359.932
1055,SUSC,2021-12-31,WORST,2026-02-04,873.472,27530.12,28403.592
1056,SUSC,2021-12-31,WORST,2026-02-05,445.821,0.0,445.821
1057,SUSC,2021-12-31,WORST,2026-02-06,1245.514,0.0,1245.514
1058,SUSC,2021-12-31,WORST,2026-02-09,8574.555,0.0,8574.555
1059,SUSC,2021-12-31,WORST,2026-02-10,1365.708,3614.458,4980.166
1060,SUSC,2021-12-31,WORST,2026-02-11,436.589,0.0,436.589
1061,SUSC,2021-12-31,WORST,2026-02-12,838.542,0.0,838.542
1062,SUSC,2021-12-31,WORST,2026-02-13,321.962,3674.699,3996.661
1063,SUSC,2021-12-31,WORST,2026-02-14,23.855,2981.928,3005.783
1064,SUSC,2021-12-31,WORST,2026-02-15,119.873,19397.59,19517.463
1065,SUSC,2021-12-31,WORST,2026-02-16,18.581,2530.12,2548.701
1066,SUSC,2021-12-31,WORST,2026-02-17,18850.591,5030.12,23880.712
1067,SUSC,2021-12-31,WORST,2026-02-18,346.179,0.0,346.179
1068,SUSC,2021-12-31,WORST,2026-02-19,915.875,17801.205,18717.08
1069,SUSC,2021-12-31,WORST,2026-02-20,511.009,0.0,511.009
1070,SUSC,2021-12-31,WORST,2026-02-23,3732.076,0.0,3732.076
1071,SUSC,2021-12-31,WORST,2026-02-24,453.302,0.0,453.302
1072,SUSC,2021-12-31,WORST,2026-02-25,478.193,0.0,478.193
1073,SUSC,2021-12-31,WORST,2026-02-26,610.821,0.0,610.821
1074,SUSC,2021-12-31,WORST,2026-02-27,417.583,0.0,417.583
1075,SUSC,2021-12-31,WORST,2026-03-01,242.645,26024.096,26266.741
1076,SUSC,2021-12-31,WORST,2026-03-02,17237.794,25120.482,42358.276
1077,SUSC,2021-12-31,WORST,2026-03-03,593.415,6897.59,7491.005
1078,SUSC,2021-12-31,WORST,2026-03-04,797.952,14156.627,14954.578
1079,SUSC,2021-12-31,WORST,2026-03-05,255.355,0.0,255.355
1080,SUSC,2021-12-31,WORST,2026-03-06,434.786,0.0,434.786
1081,SUSC,2021-12-31,WORST,2026-03-09,2360.275,10481.928,12842.203
1082,SUSC,2021-12-31,WORST,2026-03-10,492.199,0.0,492.199
1083,SUSC,2021-12-31,WORST,2026-03-11,378.098,0.0,378.098
1084,SUSC,2021-12-31,WORST,2026-03-12,609.458,0.0,609.458
1085,SUSC,2021-12-31,WORST,2026-03-13,1047.617,0.0,1047.617
1086,SUSC,2021-12-31,WORST,2026-03-15,373.215,49036.145,49409.359
1087,SUSC,2021-12-31,WORST,2026-03-16,31695.115,8373.494,40068.609
1088,SUSC,2021-12-31,WORST,2026-03-17,1396.039,0.0,1396.039
1089,SUSC,2021-12-31,WORST,2026-03-18,1493.486,0.0,1493.486
1090,SUSC,2021-12-31,WORST,2026-03-19,1487.337,0.0,1487.337
1091,SUSC,2021-12-31,WORST,2026-03-20,1231.693,0.0,1231.693
1092,SUSC,2021-12-31,WORST,2026-03-23,3151.146,0.0,3151.146
1093,SUSC,2021-12-31,WORST,2026-03-24,938.871,6174.699,7113.57
1094,SUSC,2021-12-31,WORST,2026-03-25,3564.199,0.0,3564.199
1095,SUSC,2021-12-31,WORST,2026-03-26,854.554,0.0,854.554
1096,SUSC,2021-12-31,WORST,2026-03-27,707.477,0.0,707.477
1097,SUSC,2021-12-31,WORST,2026-03-30,2002.18,18644.578,20646.758
1098,SUSC,2021-12-31,WORST,2026-03-31,704.002,0.0,704.002
1099,SUSC,2021-12-31,WORST,2026-04-01,25985.797,41054.217,67040.014
1100,SUSC,2021-12-31,WORST,2026-04-02,677.711,0.0,677.711
1101,SUSC,2021-12-31,WORST,2026-04-03,421.367,0.0,421.367
1102,SUSC,2021-12-31,WORST,2026-04-06,1393.649,0.0,1393.649
1103,SUSC,2021-12-31,WORST,2026-04-07,570.438,9186.747,9757.185
1104,SUSC,2021-12-31,WORST,2026-04-08,16.867,0.0,16.867
1105,SUSC,2021-12-31,WORST,2026-04-09,372.214,0.0,372.214
1106,SUSC,2021-12-31,WORST,2026-04-13,1756.719,0.0,1756.719
1107,SUSC,2021-12-31,WORST,2026-04-14,546.639,0.0,546.639
1108,SUSC,2021-12-31,WORST,2026-04-15,19176.872,48825.301,68002.174
1109,SUSC,2021-12-31,WORST,2026-04-16,522.242,0.0,522.242
1110,SUSC,2021-12-31,WORST,2026-04-17,451.581,301.205,752.786
1111,SUSC,2021-12-31,WORST,2026-04-20,813.011,15210.843,16023.854
1112,SUSC,2021-12-31,WORST,2026-04-21,681.639,0.0,681.639
1113,SUSC,2021-12-31,WORST,2026-04-22,1398.987,0.0,1398.987
1114,SUSC,2021-12-31,WORST,2026-04-23,2684.994,0.0,2684.994
1115,SUSC,2021-12-31,WORST,2026-04-24,917.443,0.0,917.443
1116,SUSC,2021-12-31,WORST,2026-04-25,66.309,9518.072,9584.382
1117,SUSC,2021-12-31,WORST,2026-04-27,2064.901,1054.217,3119.118
1118,SUSC,2021-12-31,WORST,2026-04-28,432.42,0.0,432.42
1119,SUSC,2021-12-31,WORST,2026-04-29,1005.189,0.0,1005.189
1120,SUSC,2021-12-31,WORST,2026-04-30,1919.94,0.0,1919.94
1121,SUSC,2021-12-31,WORST,2026-05-01,15310.736,2379.518,17690.254
1122,SUSC,2021-12-31,WORST,2026-05-04,3568.475,7379.518,10947.993
1123,SUSC,2021-12-31,WORST,2026-05-05,370.176,0.0,370.176
1124,SUSC,2021-12-31,WORST,2026-05-06,891.978,0.0,891.978
1125,SUSC,2021-12-31,WORST,2026-05-07,556.339,0.0,556.339
1126,SUSC,2021-12-31,WORST,2026-05-08,935.123,28253.012,29188.135
1127,SUSC,2021-12-31,WORST,2026-05-11,1179.178,9457.831,10637.01
1128,SUSC,2021-12-31,WORST,2026-05-12,399.473,3313.253,3712.726
1129,SUSC,2021-12-31,WORST,2026-05-13,855.96,14969.88,15825.84
1130,SUSC,2021-12-31,WORST,2026-05-14,2265.053,0.0,2265.053
1131,SUSC,2021-12-31,WORST,2026-05-15,25369.162,77108.434,102477.595
1132,SUSC,2021-12-31,WORST,2026-05-17,246.476,40240.964,40487.44
1133,SUSC,2021-12-31,WORST,2026-05-18,4448.967,0.0,4448.967
1134,SUSC,2021-12-31,WORST,2026-05-19,1432.553,66174.699,67607.252
1135,SUSC,2021-12-31,WORST,2026-05-20,832.035,10542.169,11374.204
1136,SUSC,2021-12-31,WORST,2026-05-21,992.802,0.0,992.802
1137,SUSC,2021-12-31,WORST,2026-05-22,1240.084,0.0,1240.084
1138,SUSC,2021-12-31,WORST,2026-05-24,73.965,8463.855,8537.82
1139,SUSC,2021-12-31,WORST,2026-05-26,3089.409,1054.217,4143.625
1140,SUSC,2021-12-31,WORST,2026-05-27,146.099,0.0,146.099
1141,SUSC,2021-12-31,WORST,2026-05-28,466.882,0.0,466.882
1142,SUSC,2021-12-31,WORST,2026-05-29,329.197,0.0,329.197
1143,SUSC,2021-12-31,WORST,2026-06-01,21605.725,6024.096,27629.822
1144,SUSC,2021-12-31,WORST,2026-06-02,777.142,0.0,777.142
1145,SUSC,2021-12-31,WORST,2026-06-03,824.323,0.0,824.323
1146,SUSC,2021-12-31,WORST,2026-06-04,541.497,0.0,541.497
1147,SUSC,2021-12-31,WORST,2026-06-05,1039.793,0.0,1039.793
1148,SUSC,2021-12-31,WORST,2026-06-08,1497.433,0.0,1497.433
1149,SUSC,2021-12-31,WORST,2026-06-09,448.509,0.0,448.509
1150,SUSC,2021-12-31,WORST,2026-06-10,701.242,2409.639,3110.881
1151,SUSC,2021-12-31,WORST,2026-06-11,131.212,0.0,131.212
1152,SUSC,2021-12-31,WORST,2026-06-12,120.482,0.0,120.482
1153,SUSC,2021-12-31,WORST,2026-06-15,22767.611,39367.47,62135.081
1154,SUSC,2021-12-31,WORST,2026-06-16,958.882,76325.301,77284.183
1155,SUSC,2021-12-31,WORST,2026-06-17,357.154,0.0,357.154
1156,SUSC,2021-12-31,WORST,2026-06-18,307.262,4668.675,4975.936
1157,SUSC,2021-12-31,WORST,2026-06-19,660.416,22921.687,23582.103
1158,SUSC,2021-12-31,WORST,2026-06-20,61.935,9909.639,9971.574
1159,SUSC,2021-12-31,WORST,2026-06-22,1476.229,5451.807,6928.036
1160,SUSC,2021-12-31,WORST,2026-06-23,222.297,7921.687,8143.983
1161,SUSC,2021-12-31,WORST,2026-06-24,80.459,1656.627,1737.086
1162,SUSC,2021-12-31,WORST,2026-06-26,162.169,0.0,162.169
1163,SUSC,2021-12-31,WORST,2026-06-29,193.952,0.0,193.952
1164,SUSC,2021-12-31,WORST,2026-06-30,998.019,0.0,998.019
1165,SUSC,2021-12-31,WORST,2026-07-01,2253.4,13614.458,15867.858
1166,SUSC,2021-12-31,WORST,2026-07-02,459.379,0.0,459.379
1167,SUSC,2021-12-31,WORST,2026-07-06,394.017,15963.855,16357.873
1168,SUSC,2021-12-31,WORST,2026-07-08,836.92,0.0,836.92
1169,SUSC,2021-12-31,WORST,2026-07-09,523.298,0.0,523.298
1170,SUSC,2021-12-31,WORST,2026-07-10,891.644,0.0,891.644
1171,SUSC,2021-12-31,WORST,2026-07-13,1387.901,14939.759,16327.66
1172,SUSC,2021-12-31,WORST,2026-07-14,446.626,5150.602,5597.228
1173,SUSC,2021-12-31,WORST,2026-07-15,19469.808,21656.627,41126.435
1174,SUSC,2021-12-31,WORST,2026-07-16,991.989,0.0,991.989
1175,SUSC,2021-12-31,WORST,2026-07-17,653.086,0.0,653.086
1176,SUSC,2021-12-31,WORST,2026-07-20,2125.466,0.0,2125.466
1177,SUSC,2021-12-31,WORST,2026-07-21,1398.889,6204.819,7603.708
1178,SUSC,2021-12-31,WORST,2026-07-22,1221.679,0.0,1221.679
1179,SUSC,2021-12-31,WORST,2026-07-23,3168.042,0.0,3168.042
1180,SUSC,2021-12-31,WORST,2026-07-24,1657.648,0.0,1657.648
1181,SUSC,2021-12-31,WORST,2026-07-25,112.576,11385.542,11498.118
1182,SUSC,2021-12-31,WORST,2026-07-27,3044.509,10391.566,13436.075
1183,SUSC,2021-12-31,WORST,2026-07-28,238.498,3162.651,3401.148
1184,SUSC,2021-12-31,WORST,2026-07-29,1122.311,0.0,1122.311
1185,SUSC,2021-12-31,WORST,2026-07-30,1630.648,1385.542,3016.19
1186,SUSC,2021-12-31,WORST,2026-07-31,312.636,0.0,312.636
1187,SUSC,2021-12-31,WORST,2026-08-01,1166.953,166355.422,167522.375
1188,SUSC,2021-12-31,WORST,2026-08-03,12131.751,0.0,12131.751
1189,SUSC,2021-12-31,WORST,2026-08-04,601.845,4548.193,5150.038
1190,SUSC,2021-12-31,WORST,2026-08-05,559.823,10572.289,11132.112
1191,SUSC,2021-12-31,WORST,2026-08-06,1245.514,0.0,1245.514
1192,SUSC,2021-12-31,WORST,2026-08-07,1110.511,0.0,1110.511
1193,SUSC,2021-12-31,WORST,2026-08-10,8468.125,3765.06,12233.185
1194,SUSC,2021-12-31,WORST,2026-08-11,318.366,0.0,318.366
1195,SUSC,2021-12-31,WORST,2026-08-12,838.542,0.0,838.542
1196,SUSC,2021-12-31,WORST,2026-08-13,295.995,0.0,295.995
1197,SUSC,2021-12-31,WORST,2026-08-14,203.878,0.0,203.878
1198,SUSC,2021-12-31,WORST,2026-08-15,178.311,23222.892,23401.203
1199,SUSC,2021-12-31,WORST,2026-08-17,16983.596,15602.41,32586.005
1200,SUSC,2021-12-31,WORST,2026-08-18,264.477,0.0,264.477
1201,SUSC,2021-12-31,WORST,2026-08-19,535.197,10271.084,10806.282
1202,SUSC,2021-12-31,WORST,2026-08-20,511.009,0.0,511.009
1203,SUSC,2021-12-31,WORST,2026-08-21,1701.286,0.0,1701.286
1204,SUSC,2021-12-31,WORST,2026-08-24,2484.092,0.0,2484.092
1205,SUSC,2021-12-31,WORST,2026-08-25,478.193,0.0,478.193
1206,SUSC,2021-12-31,WORST,2026-08-26,610.821,0.0,610.821
1207,SUSC,2021-12-31,WORST,2026-08-27,417.583,0.0,417.583
1208,SUSC,2021-12-31,WORST,2026-08-28,198.75,0.0,198.75
1209,SUSC,2021-12-31,WORST,2026-09-01,16533.492,5000.0,21533.492
1210,SUSC,2021-12-31,WORST,2026-09-02,184.418,0.0,184.418
1211,SUSC,2021-12-31,WORST,2026-09-03,439.944,0.0,439.944
1212,SUSC,2021-12-31,WORST,2026-09-04,504.202,0.0,504.202
1213,SUSC,2021-12-31,WORST,2026-09-06,41.323,4518.072,4559.395
1214,SUSC,2021-12-31,WORST,2026-09-08,2368.288,16234.94,18603.228
1215,SUSC,2021-12-31,WORST,2026-09-09,458.027,9849.398,10307.425
1216,SUSC,2021-12-31,WORST,2026-09-10,492.199,6024.096,6516.295
1217,SUSC,2021-12-31,WORST,2026-09-11,378.098,0.0,378.098
1218,SUSC,2021-12-31,WORST,2026-09-14,2614.12,3373.494,5987.614
1219,SUSC,2021-12-31,WORST,2026-09-15,28639.691,108222.892,136862.583
1220,SUSC,2021-12-31,WORST,2026-09-16,635.334,0.0,635.334
1221,SUSC,2021-12-31,WORST,2026-09-17,1396.039,0.0,1396.039
1222,SUSC,2021-12-31,WORST,2026-09-18,1568.606,7771.084,9339.691
1223,SUSC,2021-12-31,WORST,2026-09-19,127.244,10753.012,10880.256
1224,SUSC,2021-12-31,WORST,2026-09-21,3282.47,0.0,3282.47
1225,SUSC,2021-12-31,WORST,2026-09-22,1404.213,0.0,1404.213
1226,SUSC,2021-12-31,WORST,2026-09-23,591.866,0.0,591.866
1227,SUSC,2021-12-31,WORST,2026-09-24,795.309,0.0,795.309
1228,SUSC,2021-12-31,WORST,2026-09-25,3564.199,0.0,3564.199
1229,SUSC,2021-12-31,WORST,2026-09-28,1671.866,0.0,1671.866
1230,SUSC,2021-12-31,WORST,2026-09-29,757.545,0.0,757.545
1231,SUSC,2021-12-31,WORST,2026-09-30,1687.737,451.807,2139.544
1232,SUSC,2021-12-31,WORST,2026-10-01,25176.181,10451.807,35627.989
1233,SUSC,2021-12-31,WORST,2026-10-02,677.711,0.0,677.711
1234,SUSC,2021-12-31,WORST,2026-10-04,20.708,3012.048,3032.756
1235,SUSC,2021-12-31,WORST,2026-10-05,937.0,2861.446,3798.446
1236,SUSC,2021-12-31,WORST,2026-10-06,866.918,0.0,866.918
1237,SUSC,2021-12-31,WORST,2026-10-08,16.867,0.0,16.867
1238,SUSC,2021-12-31,WORST,2026-10-09,372.214,0.0,372.214
1239,SUSC,2021-12-31,WORST,2026-10-12,28.151,3102.41,3130.561
1240,SUSC,2021-12-31,WORST,2026-10-13,1756.719,903.614,2660.333
1241,SUSC,2021-12-31,WORST,2026-10-14,546.639,0.0,546.639
1242,SUSC,2021-12-31,WORST,2026-10-15,18411.328,12921.687,31333.015
1243,SUSC,2021-12-31,WORST,2026-10-16,541.552,2560.241,3101.793
1244,SUSC,2021-12-31,WORST,2026-10-19,556.073,2198.795,2754.869
1245,SUSC,2021-12-31,WORST,2026-10-20,489.075,0.0,489.075
1246,SUSC,2021-12-31,WORST,2026-10-21,613.687,3554.217,4167.904
1247,SUSC,2021-12-31,WORST,2026-10-22,1398.987,7168.675,8567.661
1248,SUSC,2021-12-31,WORST,2026-10-23,2644.681,0.0,2644.681
1249,SUSC,2021-12-31,WORST,2026-10-26,2035.259,0.0,2035.259
1250,SUSC,2021-12-31,WORST,2026-10-27,710.281,0.0,710.281
1251,SUSC,2021-12-31,WORST,2026-10-28,432.42,0.0,432.42
1252,SUSC,2021-12-31,WORST,2026-10-29,1005.189,0.0,1005.189
1253,SUSC,2021-12-31,WORST,2026-10-30,1706.549,0.0,1706.549
1254,SUSC,2021-12-31,WORST,2026-11-01,31.852,3915.663,3947.515
1255,SUSC,2021-12-31,WORST,2026-11-02,14294.548,3915.663,18210.211
1256,SUSC,2021-12-31,WORST,2026-11-03,2119.118,8855.422,10974.54
1257,SUSC,2021-12-31,WORST,2026-11-04,590.96,0.0,590.96
1258,SUSC,2021-12-31,WORST,2026-11-05,67.082,0.0,67.082
1259,SUSC,2021-12-31,WORST,2026-11-06,1217.257,39427.711,40644.967
1260,SUSC,2021-12-31,WORST,2026-11-09,1697.191,11355.422,13052.613
1261,SUSC,2021-12-31,WORST,2026-11-10,246.744,10301.205,10547.948
1262,SUSC,2021-12-31,WORST,2026-11-12,1010.504,0.0,1010.504
1263,SUSC,2021-12-31,WORST,2026-11-13,642.639,0.0,642.639
1264,SUSC,2021-12-31,WORST,2026-11-15,118.098,12861.446,12979.543
1265,SUSC,2021-12-31,WORST,2026-11-16,28229.229,22500.0,50729.229
1266,SUSC,2021-12-31,WORST,2026-11-17,719.424,0.0,719.424
1267,SUSC,2021-12-31,WORST,2026-11-18,2072.209,0.0,2072.209
1268,SUSC,2021-12-31,WORST,2026-11-19,441.928,0.0,441.928
1269,SUSC,2021-12-31,WORST,2026-11-20,652.818,4397.59,5050.408
1270,SUSC,2021-12-31,WORST,2026-11-23,2959.955,19909.639,22869.593
1271,SUSC,2021-12-31,WORST,2026-11-24,1397.98,0.0,1397.98
1272,SUSC,2021-12-31,WORST,2026-11-25,775.066,7349.398,8124.464
1273,SUSC,2021-12-31,WORST,2026-11-27,314.834,0.0,314.834
1274,SUSC,2021-12-31,WORST,2026-11-30,3560.123,0.0,3560.123
1275,SUSC,2021-12-31,WORST,2026-12-01,18951.249,57469.88,76421.129
1276,SUSC,2021-12-31,WORST,2026-12-02,779.838,34006.024,34785.862
1277,SUSC,2021-12-31,WORST,2026-12-03,858.31,4608.434,5466.744
1278,SUSC,2021-12-31,WORST,2026-12-04,541.497,0.0,541.497
1279,SUSC,2021-12-31,WORST,2026-12-07,2316.991,0.0,2316.991
1280,SUSC,2021-12-31,WORST,2026-12-08,136.651,0.0,136.651
1281,SUSC,2021-12-31,WORST,2026-12-09,448.509,0.0,448.509
1282,SUSC,2021-12-31,WORST,2026-12-10,669.315,0.0,669.315
1283,SUSC,2021-12-31,WORST,2026-12-11,131.212,0.0,131.212
1284,SUSC,2021-12-31,WORST,2026-12-14,830.663,0.0,830.663
1285,SUSC,2021-12-31,WORST,2026-12-15,21501.002,38313.253,59814.255
1286,SUSC,2021-12-31,WORST,2026-12-16,350.377,0.0,350.377
1287,SUSC,2021-12-31,WORST,2026-12-17,357.154,0.0,357.154
1288,SUSC,2021-12-31,WORST,2026-12-18,252.794,0.0,252.794
1289,SUSC,2021-12-31,WORST,2026-12-21,1916.347,14969.88,16886.227
1290,SUSC,2021-12-31,WORST,2026-12-22,159.804,0.0,159.804
1291,SUSC,2021-12-31,WORST,2026-12-23,158.923,0.0,158.923
1292,SUSC,2021-12-31,WORST,2026-12-24,69.277,0.0,69.277
1293,SUSC,2021-12-31,WORST,2026-12-28,162.169,0.0,162.169
1294,SUSC,2021-12-31,WORST,2026-12-29,193.952,0.0,193.952
1295,SUSC,2021-12-31,WORST,2026-12-30,673.538,2590.361,3263.9
1296,SUSC,2021-12-31,WORST,2026-12-31,349.413,0.0,349.413
1297,SUSC,2021-12-31,WORST,2027-01-01,528.651,59819.277,60347.928
1298,SUSC,2021-12-31,WORST,2027-01-04,2609.872,0.0,2609.872
1299,SUSC,2021-12-31,WORST,2027-01-06,483.509,16024.096,16507.605
1300,SUSC,2021-12-31,WORST,2027-01-08,836.92,6475.904,7312.824
1301,SUSC,2021-12-31,WORST,2027-01-11,1331.173,6265.06,7596.233
1302,SUSC,2021-12-31,WORST,2027-01-12,519.676,4096.386,4616.062
1303,SUSC,2021-12-31,WORST,2027-01-13,1125.505,0.0,1125.505
1304,SUSC,2021-12-31,WORST,2027-01-14,400.459,2409.639,2810.097
1305,SUSC,2021-12-31,WORST,2027-01-15,18620.606,6084.337,24704.944
1306,SUSC,2021-12-31,WORST,2027-01-19,2632.86,6746.988,9379.848
1307,SUSC,2021-12-31,WORST,2027-01-20,1410.459,3765.06,5175.519
1308,SUSC,2021-12-31,WORST,2027-01-21,1080.853,0.0,1080.853
1309,SUSC,2021-12-31,WORST,2027-01-22,1239.751,1807.229,3046.98
1310,SUSC,2021-12-31,WORST,2027-01-25,6011.395,3614.458,9625.853
1311,SUSC,2021-12-31,WORST,2027-01-26,322.105,0.0,322.105
1312,SUSC,2021-12-31,WORST,2027-01-27,1475.955,24849.398,26325.353
1313,SUSC,2021-12-31,WORST,2027-01-28,206.871,0.0,206.871
1314,SUSC,2021-12-31,WORST,2027-01-29,1213.923,3313.253,4527.176
1315,SUSC,2021-12-31,WORST,2027-02-01,13614.536,46385.542,60000.078
1316,SUSC,2021-12-31,WORST,2027-02-02,132.53,0.0,132.53
1317,SUSC,2021-12-31,WORST,2027-02-03,501.145,4728.916,5230.06
1318,SUSC,2021-12-31,WORST,2027-02-04,596.214,7138.554,7734.768
1319,SUSC,2021-12-31,WORST,2027-02-05,457.176,1566.265,2023.441
1320,SUSC,2021-12-31,WORST,2027-02-06,45.533,3855.422,3900.954
1321,SUSC,2021-12-31,WORST,2027-02-08,8158.669,0.0,8158.669
1322,SUSC,2021-12-31,WORST,2027-02-09,352.726,2590.361,2943.087
1323,SUSC,2021-12-31,WORST,2027-02-10,1178.298,0.0,1178.298
1324,SUSC,2021-12-31,WORST,2027-02-11,365.069,5963.855,6328.924
1325,SUSC,2021-12-31,WORST,2027-02-12,838.542,0.0,838.542
1326,SUSC,2021-12-31,WORST,2027-02-15,551.853,66385.542,66937.395
1327,SUSC,2021-12-31,WORST,2027-02-16,16505.332,13192.771,29698.103
1328,SUSC,2021-12-31,WORST,2027-02-17,465.73,0.0,465.73
1329,SUSC,2021-12-31,WORST,2027-02-18,264.477,0.0,264.477
1330,SUSC,2021-12-31,WORST,2027-02-19,396.538,0.0,396.538
1331,SUSC,2021-12-31,WORST,2027-02-22,3140.946,3162.651,6303.597
1332,SUSC,2021-12-31,WORST,2027-02-23,979.92,4548.193,5528.112
1333,SUSC,2021-12-31,WORST,2027-02-24,453.302,7469.88,7923.182
1334,SUSC,2021-12-31,WORST,2027-02-25,545.444,6897.59,7443.035
1335,SUSC,2021-12-31,WORST,2027-02-26,610.821,0.0,610.821
1336,SUSC,2021-12-31,WORST,2027-03-01,16447.001,19457.831,35904.833
1337,SUSC,2021-12-31,WORST,2027-03-02,198.232,3945.783,4144.016
1338,SUSC,2021-12-31,WORST,2027-03-03,371.969,0.0,371.969
1339,SUSC,2021-12-31,WORST,2027-03-04,504.202,0.0,504.202
1340,SUSC,2021-12-31,WORST,2027-03-05,337.911,9277.108,9615.02
1341,SUSC,2021-12-31,WORST,2027-03-06,63.723,6927.711,6991.434
1342,SUSC,2021-12-31,WORST,2027-03-08,1759.823,19126.506,20886.329
1343,SUSC,2021-12-31,WORST,2027-03-09,362.078,3885.542,4247.62
1344,SUSC,2021-12-31,WORST,2027-03-10,454.548,0.0,454.548
1345,SUSC,2021-12-31,WORST,2027-03-11,378.098,0.0,378.098
1346,SUSC,2021-12-31,WORST,2027-03-12,563.299,7710.843,8274.142
1347,SUSC,2021-12-31,WORST,2027-03-15,29733.602,86204.819,115938.422
1348,SUSC,2021-12-31,WORST,2027-03-16,635.334,2981.928,3617.261
1349,SUSC,2021-12-31,WORST,2027-03-17,1396.039,0.0,1396.039
1350,SUSC,2021-12-31,WORST,2027-03-18,1493.486,0.0,1493.486
1351,SUSC,2021-12-31,WORST,2027-03-19,1132.854,0.0,1132.854
1352,SUSC,2021-12-31,WORST,2027-03-22,3411.282,0.0,3411.282
1353,SUSC,2021-12-31,WORST,2027-03-23,591.866,4578.313,5170.18
1354,SUSC,2021-12-31,WORST,2027-03-24,795.309,0.0,795.309
1355,SUSC,2021-12-31,WORST,2027-03-25,3496.428,14668.675,18165.102
1356,SUSC,2021-12-31,WORST,2027-03-26,854.554,0.0,854.554
1357,SUSC,2021-12-31,WORST,2027-03-29,1480.542,15813.253,17293.795
1358,SUSC,2021-12-31,WORST,2027-03-30,936.13,0.0,936.13
1359,SUSC,2021-12-31,WORST,2027-03-31,704.002,0.0,704.002
1360,SUSC,2021-12-31,WORST,2027-04-01,23899.687,0.0,23899.687
1361,SUSC,2021-12-31,WORST,2027-04-02,1427.685,54909.639,56337.323
1362,SUSC,2021-12-31,WORST,2027-04-05,914.109,0.0,914.109
1363,SUSC,2021-12-31,WORST,2027-04-06,430.065,5662.651,6092.716
1364,SUSC,2021-12-31,WORST,2027-04-08,16.867,0.0,16.867
1365,SUSC,2021-12-31,WORST,2027-04-09,372.214,0.0,372.214
1366,SUSC,2021-12-31,WORST,2027-04-12,1227.766,0.0,1227.766
1367,SUSC,2021-12-31,WORST,2027-04-13,587.538,6445.783,7033.321
1368,SUSC,2021-12-31,WORST,2027-04-14,665.889,14608.434,15274.322
1369,SUSC,2021-12-31,WORST,2027-04-15,18480.414,45783.133,64263.546
1370,SUSC,2021-12-31,WORST,2027-04-16,522.242,0.0,522.242
1371,SUSC,2021-12-31,WORST,2027-04-19,573.189,3825.301,4398.49
1372,SUSC,2021-12-31,WORST,2027-04-20,489.075,0.0,489.075
1373,SUSC,2021-12-31,WORST,2027-04-21,630.222,13102.41,13732.632
1374,SUSC,2021-12-31,WORST,2027-04-22,1246.652,0.0,1246.652
1375,SUSC,2021-12-31,WORST,2027-04-23,2581.006,12108.434,14689.44
1376,SUSC,2021-12-31,WORST,2027-04-26,2035.259,0.0,2035.259
1377,SUSC,2021-12-31,WORST,2027-04-27,710.281,0.0,710.281
1378,SUSC,2021-12-31,WORST,2027-04-28,432.42,0.0,432.42
1379,SUSC,2021-12-31,WORST,2027-04-29,1005.189,9487.952,10493.141
1380,SUSC,2021-12-31,WORST,2027-04-30,1911.356,0.0,1911.356
1381,SUSC,2021-12-31,WORST,2027-05-01,96.858,10933.735,11030.593
1382,SUSC,2021-12-31,WORST,2027-05-03,14144.794,0.0,14144.794
1383,SUSC,2021-12-31,WORST,2027-05-04,783.581,0.0,783.581
1384,SUSC,2021-12-31,WORST,2027-05-05,44.371,0.0,44.371
1385,SUSC,2021-12-31,WORST,2027-05-06,891.978,0.0,891.978
1386,SUSC,2021-12-31,WORST,2027-05-07,606.754,2108.434,2715.188
1387,SUSC,2021-12-31,WORST,2027-05-10,1129.4,27620.482,28749.882
1388,SUSC,2021-12-31,WORST,2027-05-11,603.245,0.0,603.245
1389,SUSC,2021-12-31,WORST,2027-05-12,313.328,0.0,313.328
1390,SUSC,2021-12-31,WORST,2027-05-13,642.639,0.0,642.639
1391,SUSC,2021-12-31,WORST,2027-05-14,2265.053,0.0,2265.053
1392,SUSC,2021-12-31,WORST,2027-05-15,66.224,7951.807,8018.032
1393,SUSC,2021-12-31,WORST,2027-05-17,25066.97,301.205,25368.175
1394,SUSC,2021-12-31,WORST,2027-05-18,2040.763,0.0,2040.763
1395,SUSC,2021-12-31,WORST,2027-05-19,381.679,0.0,381.679
1396,SUSC,2021-12-31,WORST,2027-05-20,558.27,0.0,558.27
1397,SUSC,2021-12-31,WORST,2027-05-21,1084.792,9487.952,10572.744
1398,SUSC,2021-12-31,WORST,2027-05-22,78.987,10030.12,10109.108
1399,SUSC,2021-12-31,WORST,2027-05-24,2876.958,7861.446,10738.404
1400,SUSC,2021-12-31,WORST,2027-05-25,486.851,3162.651,3649.501
1401,SUSC,2021-12-31,WORST,2027-05-26,168.735,0.0,168.735
1402,SUSC,2021-12-31,WORST,2027-05-27,146.099,0.0,146.099
1403,SUSC,2021-12-31,WORST,2027-05-28,466.882,0.0,466.882
1404,SUSC,2021-12-31,WORST,2027-06-01,21442.777,8704.819,30147.596
1405,SUSC,2021-12-31,WORST,2027-06-02,147.711,0.0,147.711
1406,SUSC,2021-12-31,WORST,2027-06-03,824.323,0.0,824.323
1407,SUSC,2021-12-31,WORST,2027-06-04,541.497,0.0,541.497
1408,SUSC,2021-12-31,WORST,2027-06-07,2021.84,0.0,2021.84
1409,SUSC,2021-12-31,WORST,2027-06-08,136.651,0.0,136.651
1410,SUSC,2021-12-31,WORST,2027-06-09,448.509,0.0,448.509
1411,SUSC,2021-12-31,WORST,2027-06-10,625.791,0.0,625.791
1412,SUSC,2021-12-31,WORST,2027-06-11,131.212,0.0,131.212
1413,SUSC,2021-12-31,WORST,2027-06-14,797.192,12500.0,13297.192
1414,SUSC,2021-12-31,WORST,2027-06-15,19865.835,43975.904,63841.738
1415,SUSC,2021-12-31,WORST,2027-06-16,350.377,0.0,350.377
1416,SUSC,2021-12-31,WORST,2027-06-17,357.154,0.0,357.154
1417,SUSC,2021-12-31,WORST,2027-06-18,252.794,0.0,252.794
1418,SUSC,2021-12-31,WORST,2027-06-19,9.63,1174.699,1184.328
1419,SUSC,2021-12-31,WORST,2027-06-21,1806.568,0.0,1806.568
1420,SUSC,2021-12-31,WORST,2027-06-22,159.804,0.0,159.804
1421,SUSC,2021-12-31,WORST,2027-06-23,158.923,0.0,158.923
1422,SUSC,2021-12-31,WORST,2027-06-24,69.277,0.0,69.277
1423,SUSC,2021-12-31,WORST,2027-06-25,154.462,16475.904,16630.365
1424,SUSC,2021-12-31,WORST,2027-06-28,235.359,0.0,235.359
1425,SUSC,2021-12-31,WORST,2027-06-29,120.762,0.0,120.762
1426,SUSC,2021-12-31,WORST,2027-06-30,852.913,0.0,852.913
1427,SUSC,2021-12-31,WORST,2027-07-01,2233.377,15301.205,17534.582
1428,SUSC,2021-12-31,WORST,2027-07-02,459.379,0.0,459.379
1429,SUSC,2021-12-31,WORST,2027-07-06,299.232,0.0,299.232
1430,SUSC,2021-12-31,WORST,2027-07-08,760.828,0.0,760.828
1431,SUSC,2021-12-31,WORST,2027-07-09,523.298,0.0,523.298
1432,SUSC,2021-12-31,WORST,2027-07-12,1012.795,3915.663,4928.457
1433,SUSC,2021-12-31,WORST,2027-07-13,675.203,0.0,675.203
1434,SUSC,2021-12-31,WORST,2027-07-14,378.844,0.0,378.844
1435,SUSC,2021-12-31,WORST,2027-07-15,18432.438,62891.566,81324.004
1436,SUSC,2021-12-31,WORST,2027-07-16,953.368,0.0,953.368
1437,SUSC,2021-12-31,WORST,2027-07-19,1274.627,0.0,1274.627
1438,SUSC,2021-12-31,WORST,2027-07-20,1615.14,3192.771,4807.911
1439,SUSC,2021-12-31,WORST,2027-07-21,841.734,0.0,841.734
1440,SUSC,2021-12-31,WORST,2027-07-22,1221.679,0.0,1221.679
1441,SUSC,2021-12-31,WORST,2027-07-23,3168.042,0.0,3168.042
1442,SUSC,2021-12-31,WORST,2027-07-26,3120.277,3674.699,6794.975
1443,SUSC,2021-12-31,WORST,2027-07-27,1111.38,0.0,1111.38
1444,SUSC,2021-12-31,WORST,2027-07-28,206.871,0.0,206.871
1445,SUSC,2021-12-31,WORST,2027-07-29,1098.222,0.0,1098.222
1446,SUSC,2021-12-31,WORST,2027-07-30,1709.443,0.0,1709.443
1447,SUSC,2021-12-31,WORST,2027-08-01,21.518,2409.639,2431.156
1448,SUSC,2021-12-31,WORST,2027-08-02,11549.905,16656.627,28206.532
1449,SUSC,2021-12-31,WORST,2027-08-03,543.765,10933.735,11477.5
1450,SUSC,2021-12-31,WORST,2027-08-04,540.444,0.0,540.444
1451,SUSC,2021-12-31,WORST,2027-08-05,445.821,0.0,445.821
1452,SUSC,2021-12-31,WORST,2027-08-06,594.957,0.0,594.957
1453,SUSC,2021-12-31,WORST,2027-08-09,7699.871,0.0,7699.871
1454,SUSC,2021-12-31,WORST,2027-08-10,1178.298,0.0,1178.298
1455,SUSC,2021-12-31,WORST,2027-08-11,318.366,9548.193,9866.559
1456,SUSC,2021-12-31,WORST,2027-08-12,838.542,0.0,838.542
1457,SUSC,2021-12-31,WORST,2027-08-13,295.995,0.0,295.995
1458,SUSC,2021-12-31,WORST,2027-08-15,534.26,59638.554,60172.815
1459,SUSC,2021-12-31,WORST,2027-08-16,15968.953,0.0,15968.953
1460,SUSC,2021-12-31,WORST,2027-08-17,465.73,0.0,465.73
1461,SUSC,2021-12-31,WORST,2027-08-18,264.477,0.0,264.477
1462,SUSC,2021-12-31,WORST,2027-08-19,396.538,0.0,396.538
1463,SUSC,2021-12-31,WORST,2027-08-20,511.009,0.0,511.009
1464,SUSC,2021-12-31,WORST,2027-08-23,3166.272,0.0,3166.272
1465,SUSC,2021-12-31,WORST,2027-08-24,152.259,0.0,152.259
1466,SUSC,2021-12-31,WORST,2027-08-25,478.193,0.0,478.193
1467,SUSC,2021-12-31,WORST,2027-08-26,610.821,0.0,610.821
1468,SUSC,2021-12-31,WORST,2027-08-27,282.492,0.0,282.492
1469,SUSC,2021-12-31,WORST,2027-08-30,198.75,0.0,198.75
1470,SUSC,2021-12-31,WORST,2027-09-01,16277.725,74277.108,90554.834
1471,SUSC,2021-12-31,WORST,2027-09-02,163.214,0.0,163.214
1472,SUSC,2021-12-31,WORST,2027-09-03,371.969,0.0,371.969
1473,SUSC,2021-12-31,WORST,2027-09-06,42.532,4277.108,4319.641
1474,SUSC,2021-12-31,WORST,2027-09-07,1880.79,0.0,1880.79
1475,SUSC,2021-12-31,WORST,2027-09-08,292.479,1656.627,1949.105
1476,SUSC,2021-12-31,WORST,2027-09-09,328.08,0.0,328.08
1477,SUSC,2021-12-31,WORST,2027-09-10,454.548,0.0,454.548
1478,SUSC,2021-12-31,WORST,2027-09-13,1658.855,0.0,1658.855
1479,SUSC,2021-12-31,WORST,2027-09-14,749.718,6024.096,6773.814
1480,SUSC,2021-12-31,WORST,2027-09-15,26504.905,49066.265,75571.17
1481,SUSC,2021-12-31,WORST,2027-09-16,573.831,0.0,573.831
1482,SUSC,2021-12-31,WORST,2027-09-17,1396.039,0.0,1396.039
1483,SUSC,2021-12-31,WORST,2027-09-20,3714.903,0.0,3714.903
1484,SUSC,2021-12-31,WORST,2027-09-21,945.179,0.0,945.179
1485,SUSC,2021-12-31,WORST,2027-09-22,1358.279,6024.096,7382.376
1486,SUSC,2021-12-31,WORST,2027-09-23,507.168,0.0,507.168
1487,SUSC,2021-12-31,WORST,2027-09-24,795.309,0.0,795.309
1488,SUSC,2021-12-31,WORST,2027-09-25,109.203,8463.855,8573.058
1489,SUSC,2021-12-31,WORST,2027-09-27,4440.568,0.0,4440.568
1490,SUSC,2021-12-31,WORST,2027-09-28,109.834,0.0,109.834
1491,SUSC,2021-12-31,WORST,2027-09-29,445.233,11807.229,12252.462
1492,SUSC,2021-12-31,WORST,2027-09-30,1630.719,0.0,1630.719
1493,SUSC,2021-12-31,WORST,2027-10-01,23748.437,27590.361,51338.799
1494,SUSC,2021-12-31,WORST,2027-10-04,1099.078,0.0,1099.078
1495,SUSC,2021-12-31,WORST,2027-10-05,492.742,0.0,492.742
1496,SUSC,2021-12-31,WORST,2027-10-06,366.36,0.0,366.36
1497,SUSC,2021-12-31,WORST,2027-10-08,16.867,0.0,16.867
1498,SUSC,2021-12-31,WORST,2027-10-12,1619.859,1927.711,3547.57
1499,SUSC,2021-12-31,WORST,2027-10-13,523.08,0.0,523.08
1500,SUSC,2021-12-31,WORST,2027-10-14,503.41,0.0,503.41
1501,SUSC,2021-12-31,WORST,2027-10-15,17297.441,39789.157,57086.597
1502,SUSC,2021-12-31,WORST,2027-10-18,1045.223,2981.928,4027.151
1503,SUSC,2021-12-31,WORST,2027-10-20,489.075,0.0,489.075
1504,SUSC,2021-12-31,WORST,2027-10-21,510.663,9487.952,9998.614
1505,SUSC,2021-12-31,WORST,2027-10-22,1246.652,0.0,1246.652
1506,SUSC,2021-12-31,WORST,2027-10-23,8.754,903.614,912.368
1507,SUSC,2021-12-31,WORST,2027-10-25,4047.745,8674.699,12722.443
1508,SUSC,2021-12-31,WORST,2027-10-26,253.08,0.0,253.08
1509,SUSC,2021-12-31,WORST,2027-10-27,710.281,0.0,710.281
1510,SUSC,2021-12-31,WORST,2027-10-28,432.42,0.0,432.42
1511,SUSC,2021-12-31,WORST,2027-10-29,716.816,10722.892,11439.707
1512,SUSC,2021-12-31,WORST,2027-11-01,14237.569,0.0,14237.569
1513,SUSC,2021-12-31,WORST,2027-11-02,846.227,0.0,846.227
1514,SUSC,2021-12-31,WORST,2027-11-03,872.793,0.0,872.793
1515,SUSC,2021-12-31,WORST,2027-11-04,479.42,0.0,479.42
1516,SUSC,2021-12-31,WORST,2027-11-05,44.371,0.0,44.371
1517,SUSC,2021-12-31,WORST,2027-11-07,68.097,8102.41,8170.506
1518,SUSC,2021-12-31,WORST,2027-11-08,1835.181,0.0,1835.181
1519,SUSC,2021-12-31,WORST,2027-11-09,162.244,0.0,162.244
1520,SUSC,2021-12-31,WORST,2027-11-10,164.334,0.0,164.334
1521,SUSC,2021-12-31,WORST,2027-11-12,916.573,0.0,916.573
1522,SUSC,2021-12-31,WORST,2027-11-15,25098.757,27891.566,52990.323
1523,SUSC,2021-12-31,WORST,2027-11-16,1412.387,6837.349,8249.737
1524,SUSC,2021-12-31,WORST,2027-11-17,691.751,0.0,691.751
1525,SUSC,2021-12-31,WORST,2027-11-18,2040.763,6024.096,8064.859
1526,SUSC,2021-12-31,WORST,2027-11-19,381.679,0.0,381.679
1527,SUSC,2021-12-31,WORST,2027-11-22,2758.896,6024.096,8782.992
1528,SUSC,2021-12-31,WORST,2027-11-23,450.437,13704.819,14155.256
1529,SUSC,2021-12-31,WORST,2027-11-24,1272.306,12048.193,13320.498
1530,SUSC,2021-12-31,WORST,2027-11-26,609.727,0.0,609.727
1531,SUSC,2021-12-31,WORST,2027-11-29,942.179,0.0,942.179
1532,SUSC,2021-12-31,WORST,2027-11-30,2764.044,0.0,2764.044
1533,SUSC,2021-12-31,WORST,2027-12-01,17224.151,44939.759,62163.91
1534,SUSC,2021-12-31,WORST,2027-12-02,147.711,0.0,147.711
1535,SUSC,2021-12-31,WORST,2027-12-03,824.323,0.0,824.323
1536,SUSC,2021-12-31,WORST,2027-12-06,2122.901,0.0,2122.901
1537,SUSC,2021-12-31,WORST,2027-12-07,283.622,0.0,283.622
1538,SUSC,2021-12-31,WORST,2027-12-08,136.651,0.0,136.651
1539,SUSC,2021-12-31,WORST,2027-12-09,448.509,0.0,448.509
1540,SUSC,2021-12-31,WORST,2027-12-10,625.791,0.0,625.791
1541,SUSC,2021-12-31,WORST,2027-12-13,131.212,0.0,131.212
1542,SUSC,2021-12-31,WORST,2027-12-14,710.181,0.0,710.181
1543,SUSC,2021-12-31,WORST,2027-12-15,19562.847,87590.361,107153.209
1544,SUSC,2021-12-31,WORST,2027-12-16,350.377,0.0,350.377
1545,SUSC,2021-12-31,WORST,2027-12-17,357.154,0.0,357.154
1546,SUSC,2021-12-31,WORST,2027-12-20,1864.173,2349.398,4213.571
1547,SUSC,2021-12-31,WORST,2027-12-21,218.389,0.0,218.389
1548,SUSC,2021-12-31,WORST,2027-12-22,171.928,1385.542,1557.47
1549,SUSC,2021-12-31,WORST,2027-12-23,299.349,10301.205,10600.553
1550,SUSC,2021-12-31,WORST,2027-12-24,69.277,0.0,69.277
1551,SUSC,2021-12-31,WORST,2027-12-25,108.533,10210.843,10319.377
1552,SUSC,2021-12-31,WORST,2027-12-27,207.621,4307.229,4514.85
1553,SUSC,2021-12-31,WORST,2027-12-29,193.952,0.0,193.952
1554,SUSC,2021-12-31,WORST,2027-12-30,648.606,0.0,648.606
1555,SUSC,2021-12-31,WORST,2027-12-31,204.307,0.0,204.307
1556,SUSC,2021-12-31,WORST,2028-01-01,116.574,11957.831,12074.405
1557,SUSC,2021-12-31,WORST,2028-01-03,2151.696,602.41,2754.106
1558,SUSC,2021-12-31,WORST,2028-01-04,425.388,0.0,425.388
1559,SUSC,2021-12-31,WORST,2028-01-06,299.232,903.614,1202.846
1560,SUSC,2021-12-31,WORST,2028-01-10,1752.109,10301.205,12053.314
1561,SUSC,2021-12-31,WORST,2028-01-11,735.143,50150.602,50885.746
1562,SUSC,2021-12-31,WORST,2028-01-12,128.224,0.0,128.224
1563,SUSC,2021-12-31,WORST,2028-01-13,823.095,14789.157,15612.252
1564,SUSC,2021-12-31,WORST,2028-01-14,378.844,0.0,378.844
1565,SUSC,2021-12-31,WORST,2028-01-15,201.706,19246.988,19448.694
1566,SUSC,2021-12-31,WORST,2028-01-17,102.841,9849.398,9952.238
1567,SUSC,2021-12-31,WORST,2028-01-18,19769.201,12439.759,32208.96
1568,SUSC,2021-12-31,WORST,2028-01-19,30.293,0.0,30.293
1569,SUSC,2021-12-31,WORST,2028-01-20,1356.869,14246.988,15603.857
1570,SUSC,2021-12-31,WORST,2028-01-21,824.447,0.0,824.447
1571,SUSC,2021-12-31,WORST,2028-01-24,5587.277,6626.506,12213.783
1572,SUSC,2021-12-31,WORST,2028-01-25,922.253,11295.181,12217.434
1573,SUSC,2021-12-31,WORST,2028-01-26,322.105,0.0,322.105
1574,SUSC,2021-12-31,WORST,2028-01-27,1111.38,0.0,1111.38
1575,SUSC,2021-12-31,WORST,2028-01-28,206.871,0.0,206.871
1576,SUSC,2021-12-31,WORST,2028-01-31,2846.399,45903.614,48750.014
1577,SUSC,2021-12-31,WORST,2028-02-01,10765.282,17198.795,27964.078
1578,SUSC,2021-12-31,WORST,2028-02-02,132.53,0.0,132.53
1579,SUSC,2021-12-31,WORST,2028-02-03,464.495,0.0,464.495
1580,SUSC,2021-12-31,WORST,2028-02-04,540.444,0.0,540.444
1581,SUSC,2021-12-31,WORST,2028-02-07,1834.474,19367.47,21201.944
1582,SUSC,2021-12-31,WORST,2028-02-08,6453.2,0.0,6453.2
1583,SUSC,2021-12-31,WORST,2028-02-09,330.06,0.0,330.06
1584,SUSC,2021-12-31,WORST,2028-02-10,1178.298,0.0,1178.298
1585,SUSC,2021-12-31,WORST,2028-02-11,182.304,0.0,182.304
1586,SUSC,2021-12-31,WORST,2028-02-14,1338.415,0.0,1338.415
1587,SUSC,2021-12-31,WORST,2028-02-15,15068.713,34126.506,49195.219
1588,SUSC,2021-12-31,WORST,2028-02-16,400.014,0.0,400.014
1589,SUSC,2021-12-31,WORST,2028-02-17,465.73,0.0,465.73
1590,SUSC,2021-12-31,WORST,2028-02-18,807.211,56024.096,56831.307
1591,SUSC,2021-12-31,WORST,2028-02-22,3136.349,0.0,3136.349
1592,SUSC,2021-12-31,WORST,2028-02-23,622.259,3012.048,3634.307
1593,SUSC,2021-12-31,WORST,2028-02-24,152.259,0.0,152.259
1594,SUSC,2021-12-31,WORST,2028-02-25,606.245,11204.819,11811.064
1595,SUSC,2021-12-31,WORST,2028-02-28,1092.063,0.0,1092.063
1596,SUSC,2021-12-31,WORST,2028-03-01,15151.874,17138.554,32290.428
1597,SUSC,2021-12-31,WORST,2028-03-02,163.214,3253.012,3416.226
1598,SUSC,2021-12-31,WORST,2028-03-03,480.85,7409.639,7890.488
1599,SUSC,2021-12-31,WORST,2028-03-06,1194.344,1506.024,2700.368
1600,SUSC,2021-12-31,WORST,2028-03-07,686.446,0.0,686.446
1601,SUSC,2021-12-31,WORST,2028-03-08,269.286,0.0,269.286
1602,SUSC,2021-12-31,WORST,2028-03-09,328.08,0.0,328.08
1603,SUSC,2021-12-31,WORST,2028-03-10,454.548,0.0,454.548
1604,SUSC,2021-12-31,WORST,2028-03-13,1658.855,7981.928,9640.783
1605,SUSC,2021-12-31,WORST,2028-03-14,710.862,0.0,710.862
1606,SUSC,2021-12-31,WORST,2028-03-15,25358.962,71626.506,96985.468
1607,SUSC,2021-12-31,WORST,2028-03-16,573.831,0.0,573.831
1608,SUSC,2021-12-31,WORST,2028-03-17,1396.039,0.0,1396.039
1609,SUSC,2021-12-31,WORST,2028-03-20,3767.109,8765.06,12532.17
1610,SUSC,2021-12-31,WORST,2028-03-21,945.179,0.0,945.179
1611,SUSC,2021-12-31,WORST,2028-03-22,1308.581,15512.048,16820.629
1612,SUSC,2021-12-31,WORST,2028-03-23,507.168,0.0,507.168
1613,SUSC,2021-12-31,WORST,2028-03-24,795.309,0.0,795.309
1614,SUSC,2021-12-31,WORST,2028-03-26,33.283,2048.193,2081.476
1615,SUSC,2021-12-31,WORST,2028-03-27,4130.13,0.0,4130.13
1616,SUSC,2021-12-31,WORST,2028-03-28,109.834,0.0,109.834
1617,SUSC,2021-12-31,WORST,2028-03-29,182.523,0.0,182.523
1618,SUSC,2021-12-31,WORST,2028-03-30,926.717,0.0,926.717
1619,SUSC,2021-12-31,WORST,2028-03-31,704.002,0.0,704.002
1620,SUSC,2021-12-31,WORST,2028-04-03,24176.031,2921.687,27097.718
1621,SUSC,2021-12-31,WORST,2028-04-05,492.742,0.0,492.742
1622,SUSC,2021-12-31,WORST,2028-04-06,366.36,0.0,366.36
1623,SUSC,2021-12-31,WORST,2028-04-10,389.081,0.0,389.081
1624,SUSC,2021-12-31,WORST,2028-04-11,336.998,7831.325,8168.323
1625,SUSC,2021-12-31,WORST,2028-04-12,37.651,0.0,37.651
1626,SUSC,2021-12-31,WORST,2028-04-13,227.297,0.0,227.297
1627,SUSC,2021-12-31,WORST,2028-04-14,456.099,0.0,456.099
1628,SUSC,2021-12-31,WORST,2028-04-15,116.223,10512.048,10628.271
1629,SUSC,2021-12-31,WORST,2028-04-17,16509.928,0.0,16509.928
1630,SUSC,2021-12-31,WORST,2028-04-18,881.546,0.0,881.546
1631,SUSC,2021-12-31,WORST,2028-04-20,323.985,0.0,323.985
1632,SUSC,2021-12-31,WORST,2028-04-21,463.554,0.0,463.554
1633,SUSC,2021-12-31,WORST,2028-04-24,4482.353,7138.554,11620.907
1634,SUSC,2021-12-31,WORST,2028-04-25,733.547,0.0,733.547
1635,SUSC,2021-12-31,WORST,2028-04-26,213.14,0.0,213.14
1636,SUSC,2021-12-31,WORST,2028-04-27,575.289,0.0,575.289
1637,SUSC,2021-12-31,WORST,2028-04-28,432.42,10783.133,11215.553
1638,SUSC,2021-12-31,WORST,2028-05-01,14366.984,14518.072,28885.056
1639,SUSC,2021-12-31,WORST,2028-05-02,1236.618,60.241,1296.859
1640,SUSC,2021-12-31,WORST,2028-05-03,978.831,12168.675,13147.506
1641,SUSC,2021-12-31,WORST,2028-05-04,479.42,0.0,479.42
1642,SUSC,2021-12-31,WORST,2028-05-05,44.371,0.0,44.371
1643,SUSC,2021-12-31,WORST,2028-05-08,4554.567,207379.518,211934.085
1644,SUSC,2021-12-31,WORST,2028-05-09,162.244,0.0,162.244
1645,SUSC,2021-12-31,WORST,2028-05-10,164.334,0.0,164.334
1646,SUSC,2021-12-31,WORST,2028-05-11,603.245,0.0,603.245
1647,SUSC,2021-12-31,WORST,2028-05-12,313.328,0.0,313.328
1648,SUSC,2021-12-31,WORST,2028-05-15,24319.681,24909.639,49229.319
1649,SUSC,2021-12-31,WORST,2028-05-16,1286.762,0.0,1286.762
1650,SUSC,2021-12-31,WORST,2028-05-17,691.751,0.0,691.751
1651,SUSC,2021-12-31,WORST,2028-05-18,936.019,0.0,936.019
1652,SUSC,2021-12-31,WORST,2028-05-19,381.679,0.0,381.679
1653,SUSC,2021-12-31,WORST,2028-05-20,90.597,9397.59,9488.187
1654,SUSC,2021-12-31,WORST,2028-05-21,173.536,18614.458,18787.994
1655,SUSC,2021-12-31,WORST,2028-05-22,2723.354,0.0,2723.354
1656,SUSC,2021-12-31,WORST,2028-05-23,292.831,0.0,292.831
1657,SUSC,2021-12-31,WORST,2028-05-24,1260.691,0.0,1260.691
1658,SUSC,2021-12-31,WORST,2028-05-25,183.45,0.0,183.45
1659,SUSC,2021-12-31,WORST,2028-05-26,168.735,0.0,168.735
1660,SUSC,2021-12-31,WORST,2028-05-30,3210.733,10602.41,13813.143
1661,SUSC,2021-12-31,WORST,2028-05-31,495.489,0.0,495.489
1662,SUSC,2021-12-31,WORST,2028-06-01,16239.857,15000.0,31239.857
1663,SUSC,2021-12-31,WORST,2028-06-02,147.711,0.0,147.711
1664,SUSC,2021-12-31,WORST,2028-06-05,2167.353,7228.916,9396.269
1665,SUSC,2021-12-31,WORST,2028-06-06,779.871,0.0,779.871
1666,SUSC,2021-12-31,WORST,2028-06-07,283.622,0.0,283.622
1667,SUSC,2021-12-31,WORST,2028-06-08,136.651,0.0,136.651
1668,SUSC,2021-12-31,WORST,2028-06-09,448.509,0.0,448.509
1669,SUSC,2021-12-31,WORST,2028-06-10,40.452,4096.386,4136.837
1670,SUSC,2021-12-31,WORST,2028-06-12,757.003,0.0,757.003
1671,SUSC,2021-12-31,WORST,2028-06-13,31.514,2710.843,2742.357
1672,SUSC,2021-12-31,WORST,2028-06-14,864.407,17018.072,17882.479
1673,SUSC,2021-12-31,WORST,2028-06-15,17071.229,16084.337,33155.566
1674,SUSC,2021-12-31,WORST,2028-06-16,350.377,0.0,350.377
1675,SUSC,2021-12-31,WORST,2028-06-19,1141.429,0.0,1141.429
1676,SUSC,2021-12-31,WORST,2028-06-20,830.727,0.0,830.727
1677,SUSC,2021-12-31,WORST,2028-06-21,275.368,5903.614,6178.983
1678,SUSC,2021-12-31,WORST,2028-06-22,159.804,0.0,159.804
1679,SUSC,2021-12-31,WORST,2028-06-23,158.923,0.0,158.923
1680,SUSC,2021-12-31,WORST,2028-06-26,306.753,6807.229,7113.982
1681,SUSC,2021-12-31,WORST,2028-06-27,73.19,0.0,73.19
1682,SUSC,2021-12-31,WORST,2028-06-29,120.762,0.0,120.762
1683,SUSC,2021-12-31,WORST,2028-06-30,852.913,0.0,852.913
1684,SUSC,2021-12-31,WORST,2028-07-01,534.323,48283.133,48817.456
1685,SUSC,2021-12-31,WORST,2028-07-03,2571.393,0.0,2571.393
1686,SUSC,2021-12-31,WORST,2028-07-06,285.452,0.0,285.452
1687,SUSC,2021-12-31,WORST,2028-07-10,1910.25,0.0,1910.25
1688,SUSC,2021-12-31,WORST,2028-07-12,128.224,0.0,128.224
1689,SUSC,2021-12-31,WORST,2028-07-13,675.203,0.0,675.203
1690,SUSC,2021-12-31,WORST,2028-07-14,378.844,0.0,378.844
1691,SUSC,2021-12-31,WORST,2028-07-15,260.224,24879.518,25139.742
1692,SUSC,2021-12-31,WORST,2028-07-16,133.624,12951.807,13085.432
1693,SUSC,2021-12-31,WORST,2028-07-17,17750.531,8795.181,26545.712
1694,SUSC,2021-12-31,WORST,2028-07-18,1500.892,0.0,1500.892
1695,SUSC,2021-12-31,WORST,2028-07-19,30.293,1536.145,1566.437
1696,SUSC,2021-12-31,WORST,2028-07-20,1214.942,753.012,1967.954
1697,SUSC,2021-12-31,WORST,2028-07-21,824.447,1716.867,2541.314
1698,SUSC,2021-12-31,WORST,2028-07-24,5274.609,26777.108,32051.717
1699,SUSC,2021-12-31,WORST,2028-07-25,730.235,6265.06,6995.295
1700,SUSC,2021-12-31,WORST,2028-07-26,322.105,3162.651,3484.756
1701,SUSC,2021-12-31,WORST,2028-07-27,1111.38,0.0,1111.38
1702,SUSC,2021-12-31,WORST,2028-07-28,206.871,0.0,206.871
1703,SUSC,2021-12-31,WORST,2028-07-30,229.134,30722.892,30952.026
1704,SUSC,2021-12-31,WORST,2028-07-31,2398.839,0.0,2398.839
1705,SUSC,2021-12-31,WORST,2028-08-01,10671.582,11325.301,21996.884
1706,SUSC,2021-12-31,WORST,2028-08-02,132.53,0.0,132.53
1707,SUSC,2021-12-31,WORST,2028-08-03,242.417,0.0,242.417
1708,SUSC,2021-12-31,WORST,2028-08-04,540.444,0.0,540.444
1709,SUSC,2021-12-31,WORST,2028-08-06,47.286,4518.072,4565.359
1710,SUSC,2021-12-31,WORST,2028-08-07,1775.302,6204.819,7980.121
1711,SUSC,2021-12-31,WORST,2028-08-08,853.953,0.0,853.953
1712,SUSC,2021-12-31,WORST,2028-08-09,330.06,0.0,330.06
1713,SUSC,2021-12-31,WORST,2028-08-10,1178.298,0.0,1178.298
1714,SUSC,2021-12-31,WORST,2028-08-11,182.304,0.0,182.304
1715,SUSC,2021-12-31,WORST,2028-08-14,1396.972,8554.217,9951.189
1716,SUSC,2021-12-31,WORST,2028-08-15,14534.676,16777.108,31311.785
1717,SUSC,2021-12-31,WORST,2028-08-16,521.776,14969.88,15491.656
1718,SUSC,2021-12-31,WORST,2028-08-17,465.73,0.0,465.73
1719,SUSC,2021-12-31,WORST,2028-08-18,264.477,0.0,264.477
1720,SUSC,2021-12-31,WORST,2028-08-21,1726.875,0.0,1726.875
1721,SUSC,2021-12-31,WORST,2028-08-22,877.2,0.0,877.2
1722,SUSC,2021-12-31,WORST,2028-08-23,565.03,0.0,565.03
1723,SUSC,2021-12-31,WORST,2028-08-24,152.259,0.0,152.259
1724,SUSC,2021-12-31,WORST,2028-08-25,478.193,0.0,478.193
1725,SUSC,2021-12-31,WORST,2028-08-26,41.416,3313.253,3354.669
1726,SUSC,2021-12-31,WORST,2028-08-28,1127.267,3825.301,4952.568
1727,SUSC,2021-12-31,WORST,2028-08-29,44.927,4518.072,4562.999
1728,SUSC,2021-12-31,WORST,2028-08-30,12.651,1054.217,1066.867
1729,SUSC,2021-12-31,WORST,2028-09-01,14876.735,18222.892,33099.626
1730,SUSC,2021-12-31,WORST,2028-09-05,1129.949,0.0,1129.949
1731,SUSC,2021-12-31,WORST,2028-09-06,508.719,7319.277,7827.996
1732,SUSC,2021-12-31,WORST,2028-09-07,686.446,0.0,686.446
1733,SUSC,2021-12-31,WORST,2028-09-08,269.286,0.0,269.286
1734,SUSC,2021-12-31,WORST,2028-09-11,1080.715,301.205,1381.92
1735,SUSC,2021-12-31,WORST,2028-09-12,324.367,0.0,324.367
1736,SUSC,2021-12-31,WORST,2028-09-13,823.316,0.0,823.316
1737,SUSC,2021-12-31,WORST,2028-09-14,402.41,0.0,402.41
1738,SUSC,2021-12-31,WORST,2028-09-15,24373.123,10301.205,34674.327
1739,SUSC,2021-12-31,WORST,2028-09-18,3359.676,6024.096,9383.773
1740,SUSC,2021-12-31,WORST,2028-09-19,1217.274,0.0,1217.274
1741,SUSC,2021-12-31,WORST,2028-09-20,1061.422,0.0,1061.422
1742,SUSC,2021-12-31,WORST,2028-09-21,831.22,3945.783,4777.003
1743,SUSC,2021-12-31,WORST,2028-09-22,969.255,0.0,969.255
1744,SUSC,2021-12-31,WORST,2028-09-24,214.791,13765.06,13979.851
1745,SUSC,2021-12-31,WORST,2028-09-25,4046.382,0.0,4046.382
1746,SUSC,2021-12-31,WORST,2028-09-26,703.093,0.0,703.093
1747,SUSC,2021-12-31,WORST,2028-09-27,531.67,0.0,531.67
1748,SUSC,2021-12-31,WORST,2028-09-28,109.834,0.0,109.834
1749,SUSC,2021-12-31,WORST,2028-09-29,182.523,0.0,182.523
1750,SUSC,2021-12-31,WORST,2028-10-01,22.811,3012.048,3034.859
1751,SUSC,2021-12-31,WORST,2028-10-02,24224.321,18915.663,43139.984
1752,SUSC,2021-12-31,WORST,2028-10-03,409.921,0.0,409.921
1753,SUSC,2021-12-31,WORST,2028-10-05,492.742,0.0,492.742
1754,SUSC,2021-12-31,WORST,2028-10-06,366.36,0.0,366.36
1755,SUSC,2021-12-31,WORST,2028-10-10,413.741,3915.663,4329.404
1756,SUSC,2021-12-31,WORST,2028-10-11,121.636,6265.06,6386.696
1757,SUSC,2021-12-31,WORST,2028-10-12,37.651,0.0,37.651
1758,SUSC,2021-12-31,WORST,2028-10-13,227.297,0.0,227.297
1759,SUSC,2021-12-31,WORST,2028-10-15,236.702,19036.145,19272.847
1760,SUSC,2021-12-31,WORST,2028-10-16,16786.293,7891.566,24677.86
1761,SUSC,2021-12-31,WORST,2028-10-17,317.944,15090.361,15408.306
1762,SUSC,2021-12-31,WORST,2028-10-18,165.239,10692.771,10858.01
1763,SUSC,2021-12-31,WORST,2028-10-20,323.985,0.0,323.985
1764,SUSC,2021-12-31,WORST,2028-10-23,4053.872,19608.434,23662.305
1765,SUSC,2021-12-31,WORST,2028-10-24,785.201,0.0,785.201
1766,SUSC,2021-12-31,WORST,2028-10-25,759.077,2168.675,2927.752
1767,SUSC,2021-12-31,WORST,2028-10-26,242.628,2680.723,2923.351
1768,SUSC,2021-12-31,WORST,2028-10-27,575.289,12500.0,13075.289
1769,SUSC,2021-12-31,WORST,2028-10-30,1803.074,0.0,1803.074
1770,SUSC,2021-12-31,WORST,2028-10-31,290.951,8614.458,8905.409
1771,SUSC,2021-12-31,WORST,2028-11-01,11880.752,9578.313,21459.065
1772,SUSC,2021-12-31,WORST,2028-11-02,846.227,1656.627,2502.854
1773,SUSC,2021-12-31,WORST,2028-11-03,867.792,451.807,1319.599
1774,SUSC,2021-12-31,WORST,2028-11-06,1395.113,5662.651,7057.763
1775,SUSC,2021-12-31,WORST,2028-11-07,334.941,4668.675,5003.616
1776,SUSC,2021-12-31,WORST,2028-11-08,445.806,6084.337,6530.144
1777,SUSC,2021-12-31,WORST,2028-11-09,162.244,0.0,162.244
1778,SUSC,2021-12-31,WORST,2028-11-10,164.334,0.0,164.334
1779,SUSC,2021-12-31,WORST,2028-11-13,1559.213,0.0,1559.213
1780,SUSC,2021-12-31,WORST,2028-11-14,2147.282,0.0,2147.282
1781,SUSC,2021-12-31,WORST,2028-11-15,20884.86,10572.289,31457.149
1782,SUSC,2021-12-31,WORST,2028-11-16,907.088,0.0,907.088
1783,SUSC,2021-12-31,WORST,2028-11-17,691.751,0.0,691.751
1784,SUSC,2021-12-31,WORST,2028-11-19,42.959,5030.12,5073.08
1785,SUSC,2021-12-31,WORST,2028-11-20,1639.982,0.0,1639.982
1786,SUSC,2021-12-31,WORST,2028-11-21,992.802,0.0,992.802
1787,SUSC,2021-12-31,WORST,2028-11-22,1172.282,0.0,1172.282
1788,SUSC,2021-12-31,WORST,2028-11-24,1553.523,0.0,1553.523
1789,SUSC,2021-12-31,WORST,2028-11-26,17.683,1506.024,1523.707
1790,SUSC,2021-12-31,WORST,2028-11-27,415.453,0.0,415.453
1791,SUSC,2021-12-31,WORST,2028-11-28,395.674,0.0,395.674
1792,SUSC,2021-12-31,WORST,2028-11-29,329.197,0.0,329.197
1793,SUSC,2021-12-31,WORST,2028-11-30,2506.815,0.0,2506.815
1794,SUSC,2021-12-31,WORST,2028-12-01,16030.809,39789.157,55819.966
1795,SUSC,2021-12-31,WORST,2028-12-04,1160.801,0.0,1160.801
1796,SUSC,2021-12-31,WORST,2028-12-05,739.395,0.0,739.395
1797,SUSC,2021-12-31,WORST,2028-12-06,632.006,0.0,632.006
1798,SUSC,2021-12-31,WORST,2028-12-07,358.893,8855.422,9214.315
1799,SUSC,2021-12-31,WORST,2028-12-08,136.651,0.0,136.651
1800,SUSC,2021-12-31,WORST,2028-12-11,1168.313,0.0,1168.313
1801,SUSC,2021-12-31,WORST,2028-12-14,710.181,0.0,710.181
1802,SUSC,2021-12-31,WORST,2028-12-15,17495.619,78463.855,95959.474
1803,SUSC,2021-12-31,WORST,2028-12-18,1457.914,49759.036,51216.95
1804,SUSC,2021-12-31,WORST,2028-12-19,435.869,6686.747,7122.616
1805,SUSC,2021-12-31,WORST,2028-12-20,830.727,2650.602,3481.329
1806,SUSC,2021-12-31,WORST,2028-12-21,368.328,16536.145,16904.473
1807,SUSC,2021-12-31,WORST,2028-12-22,159.804,0.0,159.804
1808,SUSC,2021-12-31,WORST,2028-12-25,43.84,4277.108,4320.949
1809,SUSC,2021-12-31,WORST,2028-12-26,390.369,0.0,390.369
1810,SUSC,2021-12-31,WORST,2028-12-27,73.19,0.0,73.19
1811,SUSC,2021-12-31,WORST,2028-12-29,207.317,7138.554,7345.871
1812,SUSC,2021-12-31,WORST,2028-12-30,13.16,1054.217,1067.377
1813,SUSC,2021-12-31,WORST,2029-01-01,623.422,64066.265,64689.687
1814,SUSC,2021-12-31,WORST,2029-01-02,3424.306,0.0,3424.306
1815,SUSC,2021-12-31,WORST,2029-01-05,86.578,9487.952,9574.529
1816,SUSC,2021-12-31,WORST,2029-01-08,1046.28,2198.795,3245.075
1817,SUSC,2021-12-31,WORST,2029-01-09,523.298,0.0,523.298
1818,SUSC,2021-12-31,WORST,2029-01-10,626.124,0.0,626.124
1819,SUSC,2021-12-31,WORST,2029-01-12,128.224,0.0,128.224
1820,SUSC,2021-12-31,WORST,2029-01-15,106.368,12500.0,12606.368
1821,SUSC,2021-12-31,WORST,2029-01-16,18220.793,1506.024,19726.817
1822,SUSC,2021-12-31,WORST,2029-01-17,239.029,0.0,239.029
1823,SUSC,2021-12-31,WORST,2029-01-18,613.115,1506.024,2119.139
1824,SUSC,2021-12-31,WORST,2029-01-22,2826.723,0.0,2826.723
1825,SUSC,2021-12-31,WORST,2029-01-23,2477.184,18012.048,20489.232
1826,SUSC,2021-12-31,WORST,2029-01-24,1316.037,7861.446,9177.483
1827,SUSC,2021-12-31,WORST,2029-01-25,695.499,33253.012,33948.511
1828,SUSC,2021-12-31,WORST,2029-01-26,199.086,0.0,199.086
1829,SUSC,2021-12-31,WORST,2029-01-29,2234.183,0.0,2234.183
1830,SUSC,2021-12-31,WORST,2029-01-30,1170.271,0.0,1170.271
1831,SUSC,2021-12-31,WORST,2029-01-31,312.636,0.0,312.636
1832,SUSC,2021-12-31,WORST,2029-02-01,10209.691,3734.94,13944.631
1833,SUSC,2021-12-31,WORST,2029-02-02,145.237,1355.422,1500.659
1834,SUSC,2021-12-31,WORST,2029-02-03,169.145,19759.036,19928.181
1835,SUSC,2021-12-31,WORST,2029-02-05,1228.682,0.0,1228.682
1836,SUSC,2021-12-31,WORST,2029-02-06,444.133,0.0,444.133
1837,SUSC,2021-12-31,WORST,2029-02-07,664.338,0.0,664.338
1838,SUSC,2021-12-31,WORST,2029-02-08,736.069,0.0,736.069
1839,SUSC,2021-12-31,WORST,2029-02-09,330.06,0.0,330.06
1840,SUSC,2021-12-31,WORST,2029-02-12,2172.036,0.0,2172.036
1841,SUSC,2021-12-31,WORST,2029-02-13,295.995,0.0,295.995
1842,SUSC,2021-12-31,WORST,2029-02-14,203.878,0.0,203.878
1843,SUSC,2021-12-31,WORST,2029-02-15,14250.258,16746.988,30997.246
1844,SUSC,2021-12-31,WORST,2029-02-16,328.064,0.0,328.064
1845,SUSC,2021-12-31,WORST,2029-02-19,51.064,3162.651,3213.714
1846,SUSC,2021-12-31,WORST,2029-02-20,1342.414,0.0,1342.414
1847,SUSC,2021-12-31,WORST,2029-02-21,1002.581,0.0,1002.581
1848,SUSC,2021-12-31,WORST,2029-02-22,897.268,2469.88,3367.148
1849,SUSC,2021-12-31,WORST,2029-02-23,646.32,7108.434,7754.754
1850,SUSC,2021-12-31,WORST,2029-02-26,1205.505,0.0,1205.505
1851,SUSC,2021-12-31,WORST,2029-02-27,282.492,0.0,282.492
1852,SUSC,2021-12-31,WORST,2029-02-28,243.976,3524.096,3768.072
1853,SUSC,2021-12-31,WORST,2029-03-01,15107.876,124216.867,139324.743
1854,SUSC,2021-12-31,WORST,2029-03-02,98.788,0.0,98.788
1855,SUSC,2021-12-31,WORST,2029-03-05,1031.162,5210.843,6242.005
1856,SUSC,2021-12-31,WORST,2029-03-06,434.786,0.0,434.786
1857,SUSC,2021-12-31,WORST,2029-03-07,535.904,5391.566,5927.47
1858,SUSC,2021-12-31,WORST,2029-03-08,269.286,0.0,269.286
1859,SUSC,2021-12-31,WORST,2029-03-09,328.08,0.0,328.08
1860,SUSC,2021-12-31,WORST,2029-03-12,1055.441,0.0,1055.441
1861,SUSC,2021-12-31,WORST,2029-03-13,823.316,0.0,823.316
1862,SUSC,2021-12-31,WORST,2029-03-14,424.68,2740.964,3165.644
1863,SUSC,2021-12-31,WORST,2029-03-15,22851.192,29457.831,52309.024
1864,SUSC,2021-12-31,WORST,2029-03-16,573.831,0.0,573.831
1865,SUSC,2021-12-31,WORST,2029-03-18,44.036,4096.386,4140.422
1866,SUSC,2021-12-31,WORST,2029-03-19,2717.189,0.0,2717.189
1867,SUSC,2021-12-31,WORST,2029-03-20,1061.422,0.0,1061.422
1868,SUSC,2021-12-31,WORST,2029-03-21,484.081,4487.952,4972.033
1869,SUSC,2021-12-31,WORST,2029-03-22,969.255,0.0,969.255
1870,SUSC,2021-12-31,WORST,2029-03-23,507.168,0.0,507.168
1871,SUSC,2021-12-31,WORST,2029-03-26,4154.627,0.0,4154.627
1872,SUSC,2021-12-31,WORST,2029-03-27,531.67,0.0,531.67
1873,SUSC,2021-12-31,WORST,2029-03-28,109.834,0.0,109.834
1874,SUSC,2021-12-31,WORST,2029-03-29,9.413,0.0,9.413
1875,SUSC,2021-12-31,WORST,2029-03-30,695.494,9728.916,10424.409
1876,SUSC,2021-12-31,WORST,2029-04-01,154.014,16656.627,16810.641
1877,SUSC,2021-12-31,WORST,2029-04-02,21652.732,7138.554,28791.286
1878,SUSC,2021-12-31,WORST,2029-04-03,653.37,0.0,653.37
1879,SUSC,2021-12-31,WORST,2029-04-05,319.587,0.0,319.587
1880,SUSC,2021-12-31,WORST,2029-04-06,366.36,0.0,366.36
1881,SUSC,2021-12-31,WORST,2029-04-09,389.081,6686.747,7075.828
1882,SUSC,2021-12-31,WORST,2029-04-12,37.651,0.0,37.651
1883,SUSC,2021-12-31,WORST,2029-04-13,227.297,0.0,227.297
1884,SUSC,2021-12-31,WORST,2029-04-15,28.586,3102.41,3130.995
1885,SUSC,2021-12-31,WORST,2029-04-16,16397.081,13644.578,30041.66
1886,SUSC,2021-12-31,WORST,2029-04-17,164.556,0.0,164.556
1887,SUSC,2021-12-31,WORST,2029-04-20,323.985,0.0,323.985
1888,SUSC,2021-12-31,WORST,2029-04-23,3602.021,21656.627,25258.648
1889,SUSC,2021-12-31,WORST,2029-04-24,785.201,0.0,785.201
1890,SUSC,2021-12-31,WORST,2029-04-25,442.462,0.0,442.462
1891,SUSC,2021-12-31,WORST,2029-04-26,213.14,0.0,213.14
1892,SUSC,2021-12-31,WORST,2029-04-27,490.281,0.0,490.281
1893,SUSC,2021-12-31,WORST,2029-04-29,90.531,13795.181,13885.712
1894,SUSC,2021-12-31,WORST,2029-04-30,2073.016,7921.687,9994.703
1895,SUSC,2021-12-31,WORST,2029-05-01,11790.587,28825.301,40615.888
1896,SUSC,2021-12-31,WORST,2029-05-02,802.59,0.0,802.59
1897,SUSC,2021-12-31,WORST,2029-05-03,525.866,0.0,525.866
1898,SUSC,2021-12-31,WORST,2029-05-04,479.42,0.0,479.42
1899,SUSC,2021-12-31,WORST,2029-05-05,42.952,5542.169,5585.12
1900,SUSC,2021-12-31,WORST,2029-05-07,1142.632,0.0,1142.632
1901,SUSC,2021-12-31,WORST,2029-05-08,451.473,6626.506,7077.979
1902,SUSC,2021-12-31,WORST,2029-05-09,162.244,0.0,162.244
1903,SUSC,2021-12-31,WORST,2029-05-10,164.334,0.0,164.334
1904,SUSC,2021-12-31,WORST,2029-05-11,603.245,0.0,603.245
1905,SUSC,2021-12-31,WORST,2029-05-14,3103.249,0.0,3103.249
1906,SUSC,2021-12-31,WORST,2029-05-15,20785.944,67620.482,88406.426
1907,SUSC,2021-12-31,WORST,2029-05-16,936.119,14277.108,15213.227
1908,SUSC,2021-12-31,WORST,2029-05-17,691.751,0.0,691.751
1909,SUSC,2021-12-31,WORST,2029-05-18,700.451,17469.88,18170.331
1910,SUSC,2021-12-31,WORST,2029-05-19,4.613,662.651,667.263
1911,SUSC,2021-12-31,WORST,2029-05-21,1932.751,0.0,1932.751
1912,SUSC,2021-12-31,WORST,2029-05-22,1132.147,0.0,1132.147
1913,SUSC,2021-12-31,WORST,2029-05-23,184.255,6656.627,6840.881
1914,SUSC,2021-12-31,WORST,2029-05-24,1260.691,0.0,1260.691
1915,SUSC,2021-12-31,WORST,2029-05-25,183.45,0.0,183.45
1916,SUSC,2021-12-31,WORST,2029-05-26,130.732,22018.072,22148.805
1917,SUSC,2021-12-31,WORST,2029-05-29,956.874,0.0,956.874
1918,SUSC,2021-12-31,WORST,2029-05-30,2036.627,0.0,2036.627
1919,SUSC,2021-12-31,WORST,2029-05-31,377.681,0.0,377.681
1920,SUSC,2021-12-31,WORST,2029-06-01,13398.944,13192.771,26591.715
1921,SUSC,2021-12-31,WORST,2029-06-04,1019.787,10783.133,11802.92
1922,SUSC,2021-12-31,WORST,2029-06-05,720.532,0.0,720.532
1923,SUSC,2021-12-31,WORST,2029-06-06,650.727,3524.096,4174.824
1924,SUSC,2021-12-31,WORST,2029-06-07,283.622,0.0,283.622
1925,SUSC,2021-12-31,WORST,2029-06-08,136.651,0.0,136.651
1926,SUSC,2021-12-31,WORST,2029-06-11,1168.313,0.0,1168.313
1927,SUSC,2021-12-31,WORST,2029-06-13,4.797,783.133,787.929
1928,SUSC,2021-12-31,WORST,2029-06-14,665.64,0.0,665.64
1929,SUSC,2021-12-31,WORST,2029-06-15,16481.637,51475.904,67957.541
1930,SUSC,2021-12-31,WORST,2029-06-17,16.741,1927.711,1944.452
1931,SUSC,2021-12-31,WORST,2029-06-18,872.252,0.0,872.252
1932,SUSC,2021-12-31,WORST,2029-06-19,383.843,18042.169,18426.012
1933,SUSC,2021-12-31,WORST,2029-06-20,814.172,7108.434,7922.606
1934,SUSC,2021-12-31,WORST,2029-06-21,134.563,0.0,134.563
1935,SUSC,2021-12-31,WORST,2029-06-22,159.804,0.0,159.804
1936,SUSC,2021-12-31,WORST,2029-06-25,228.2,0.0,228.2
1937,SUSC,2021-12-31,WORST,2029-06-26,162.169,0.0,162.169
1938,SUSC,2021-12-31,WORST,2029-06-27,73.19,4427.711,4500.901
1939,SUSC,2021-12-31,WORST,2029-06-29,120.762,0.0,120.762
1940,SUSC,2021-12-31,WORST,2029-07-01,303.191,37138.554,37441.746
1941,SUSC,2021-12-31,WORST,2029-07-02,2876.249,0.0,2876.249
1942,SUSC,2021-12-31,WORST,2029-07-06,285.452,0.0,285.452
1943,SUSC,2021-12-31,WORST,2029-07-09,1243.998,0.0,1243.998
1944,SUSC,2021-12-31,WORST,2029-07-10,626.124,0.0,626.124
1945,SUSC,2021-12-31,WORST,2029-07-12,128.224,0.0,128.224
1946,SUSC,2021-12-31,WORST,2029-07-13,675.203,0.0,675.203
1947,SUSC,2021-12-31,WORST,2029-07-15,1.46,150.602,152.063
1948,SUSC,2021-12-31,WORST,2029-07-16,16843.261,1084.337,17927.598
1949,SUSC,2021-12-31,WORST,2029-07-17,866.922,8644.578,9511.501
1950,SUSC,2021-12-31,WORST,2029-07-18,598.996,3222.892,3821.888
1951,SUSC,2021-12-31,WORST,2029-07-20,1201.128,0.0,1201.128
1952,SUSC,2021-12-31,WORST,2029-07-23,3901.053,7319.277,11220.33
1953,SUSC,2021-12-31,WORST,2029-07-24,1356.898,20000.0,21356.898
1954,SUSC,2021-12-31,WORST,2029-07-25,406.884,0.0,406.884
1955,SUSC,2021-12-31,WORST,2029-07-26,199.086,0.0,199.086
1956,SUSC,2021-12-31,WORST,2029-07-27,750.067,0.0,750.067
1957,SUSC,2021-12-31,WORST,2029-07-29,63.274,7831.325,7894.599
1958,SUSC,2021-12-31,WORST,2029-07-30,2084.001,7108.434,9192.435
1959,SUSC,2021-12-31,WORST,2029-07-31,263.69,0.0,263.69
1960,SUSC,2021-12-31,WORST,2029-08-01,10480.129,67078.313,77558.442
1961,SUSC,2021-12-31,WORST,2029-08-02,132.53,0.0,132.53
1962,SUSC,2021-12-31,WORST,2029-08-03,242.417,0.0,242.417
1963,SUSC,2021-12-31,WORST,2029-08-04,3.332,451.807,455.139
1964,SUSC,2021-12-31,WORST,2029-08-06,1344.494,0.0,1344.494
1965,SUSC,2021-12-31,WORST,2029-08-07,710.706,11746.988,12457.694
1966,SUSC,2021-12-31,WORST,2029-08-08,606.853,0.0,606.853
1967,SUSC,2021-12-31,WORST,2029-08-09,330.06,0.0,330.06
1968,SUSC,2021-12-31,WORST,2029-08-10,1178.298,0.0,1178.298
1969,SUSC,2021-12-31,WORST,2029-08-13,1289.733,0.0,1289.733
1970,SUSC,2021-12-31,WORST,2029-08-14,203.878,0.0,203.878
1971,SUSC,2021-12-31,WORST,2029-08-15,13736.806,49789.157,63525.962
1972,SUSC,2021-12-31,WORST,2029-08-16,270.004,0.0,270.004
1973,SUSC,2021-12-31,WORST,2029-08-17,440.538,6024.096,6464.635
1974,SUSC,2021-12-31,WORST,2029-08-18,102.169,12771.084,12873.253
1975,SUSC,2021-12-31,WORST,2029-08-19,99.889,10361.446,10461.335
1976,SUSC,2021-12-31,WORST,2029-08-20,892.599,0.0,892.599
1977,SUSC,2021-12-31,WORST,2029-08-21,1002.581,0.0,1002.581
1978,SUSC,2021-12-31,WORST,2029-08-22,877.2,0.0,877.2
1979,SUSC,2021-12-31,WORST,2029-08-23,455.196,0.0,455.196
1980,SUSC,2021-12-31,WORST,2029-08-24,152.259,0.0,152.259
1981,SUSC,2021-12-31,WORST,2029-08-27,1074.273,0.0,1074.273
1982,SUSC,2021-12-31,WORST,2029-08-28,198.75,0.0,198.75
1983,SUSC,2021-12-31,WORST,2029-09-01,217.011,27349.398,27566.408
1984,SUSC,2021-12-31,WORST,2029-09-03,38.793,3885.542,3924.335
1985,SUSC,2021-12-31,WORST,2029-09-04,14552.303,8072.289,22624.592
1986,SUSC,2021-12-31,WORST,2029-09-05,121.664,0.0,121.664
1987,SUSC,2021-12-31,WORST,2029-09-06,397.343,16626.506,17023.849
1988,SUSC,2021-12-31,WORST,2029-09-07,438.123,0.0,438.123
1989,SUSC,2021-12-31,WORST,2029-09-10,969.225,0.0,969.225
1990,SUSC,2021-12-31,WORST,2029-09-11,356.537,1114.458,1470.994
1991,SUSC,2021-12-31,WORST,2029-09-12,324.367,0.0,324.367
1992,SUSC,2021-12-31,WORST,2029-09-13,813.722,0.0,813.722
1993,SUSC,2021-12-31,WORST,2029-09-14,402.41,0.0,402.41
1994,SUSC,2021-12-31,WORST,2029-09-15,146.611,18855.422,19002.033
1995,SUSC,2021-12-31,WORST,2029-09-16,20.814,2439.759,2460.573
1996,SUSC,2021-12-31,WORST,2029-09-17,23534.845,150.602,23685.448
1997,SUSC,2021-12-31,WORST,2029-09-18,601.984,6475.904,7077.888
1998,SUSC,2021-12-31,WORST,2029-09-19,812.002,0.0,812.002
1999,SUSC,2021-12-31,WORST,2029-09-20,1010.922,0.0,1010.922
2000,SUSC,2021-12-31,WORST,2029-09-21,445.934,0.0,445.934
2001,SUSC,2021-12-31,WORST,2029-09-24,2271.732,0.0,2271.732
2002,SUSC,2021-12-31,WORST,2029-09-25,2656.224,0.0,2656.224
2003,SUSC,2021-12-31,WORST,2029-09-26,703.093,0.0,703.093
2004,SUSC,2021-12-31,WORST,2029-09-27,531.67,0.0,531.67
2005,SUSC,2021-12-31,WORST,2029-09-28,109.834,0.0,109.834
2006,SUSC,2021-12-31,WORST,2029-10-01,21375.646,15783.133,37158.779
2007,SUSC,2021-12-31,WORST,2029-10-02,321.386,0.0,321.386
2008,SUSC,2021-12-31,WORST,2029-10-03,409.921,0.0,409.921
2009,SUSC,2021-12-31,WORST,2029-10-05,319.587,0.0,319.587
2010,SUSC,2021-12-31,WORST,2029-10-09,620.035,0.0,620.035
2011,SUSC,2021-12-31,WORST,2029-10-10,89.897,12710.843,12800.741
2012,SUSC,2021-12-31,WORST,2029-10-12,37.651,0.0,37.651
2013,SUSC,2021-12-31,WORST,2029-10-15,16315.906,46325.301,62641.208
2014,SUSC,2021-12-31,WORST,2029-10-16,202.909,301.205,504.114
2015,SUSC,2021-12-31,WORST,2029-10-17,204.369,3915.663,4120.031
2016,SUSC,2021-12-31,WORST,2029-10-22,2040.163,11716.867,13757.031
2017,SUSC,2021-12-31,WORST,2029-10-23,1744.365,0.0,1744.365
2018,SUSC,2021-12-31,WORST,2029-10-24,652.866,8554.217,9207.083
2019,SUSC,2021-12-31,WORST,2029-10-25,442.462,0.0,442.462
2020,SUSC,2021-12-31,WORST,2029-10-26,213.14,0.0,213.14
2021,SUSC,2021-12-31,WORST,2029-10-29,1145.767,0.0,1145.767
2022,SUSC,2021-12-31,WORST,2029-10-30,913.703,0.0,913.703
2023,SUSC,2021-12-31,WORST,2029-10-31,217.035,1746.988,1964.023
2024,SUSC,2021-12-31,WORST,2029-11-01,10608.307,17138.554,27746.861
2025,SUSC,2021-12-31,WORST,2029-11-02,802.59,0.0,802.59
2026,SUSC,2021-12-31,WORST,2029-11-05,1046.587,602.41,1648.997
2027,SUSC,2021-12-31,WORST,2029-11-06,704.752,1566.265,2271.017
2028,SUSC,2021-12-31,WORST,2029-11-07,157.364,6114.458,6271.822
2029,SUSC,2021-12-31,WORST,2029-11-08,273.251,0.0,273.251
2030,SUSC,2021-12-31,WORST,2029-11-09,162.244,0.0,162.244
2031,SUSC,2021-12-31,WORST,2029-11-10,56.928,8674.699,8731.627
2032,SUSC,2021-12-31,WORST,2029-11-13,1723.547,0.0,1723.547
2033,SUSC,2021-12-31,WORST,2029-11-14,2147.282,0.0,2147.282
2034,SUSC,2021-12-31,WORST,2029-11-15,19534.909,44789.157,64324.066
2035,SUSC,2021-12-31,WORST,2029-11-16,806.619,0.0,806.619
2036,SUSC,2021-12-31,WORST,2029-11-19,1208.904,0.0,1208.904
2037,SUSC,2021-12-31,WORST,2029-11-20,558.27,451.807,1010.077
2038,SUSC,2021-12-31,WORST,2029-11-21,1010.143,2831.325,3841.469
2039,SUSC,2021-12-31,WORST,2029-11-22,48.479,5240.964,5289.443
2040,SUSC,2021-12-31,WORST,2029-11-23,1018.201,0.0,1018.201
2041,SUSC,2021-12-31,WORST,2029-11-26,1530.044,0.0,1530.044
2042,SUSC,2021-12-31,WORST,2029-11-27,146.099,0.0,146.099
2043,SUSC,2021-12-31,WORST,2029-11-28,395.674,0.0,395.674
2044,SUSC,2021-12-31,WORST,2029-11-29,329.197,0.0,329.197
2045,SUSC,2021-12-31,WORST,2029-11-30,2414.307,0.0,2414.307
2046,SUSC,2021-12-31,WORST,2029-12-01,322.647,48373.494,48696.141
2047,SUSC,2021-12-31,WORST,2029-12-03,13558.035,10240.964,23798.999
2048,SUSC,2021-12-31,WORST,2029-12-04,188.768,0.0,188.768
2049,SUSC,2021-12-31,WORST,2029-12-05,720.532,1295.181,2015.713
2050,SUSC,2021-12-31,WORST,2029-12-06,673.17,4939.759,5612.929
2051,SUSC,2021-12-31,WORST,2029-12-07,283.622,0.0,283.622
2052,SUSC,2021-12-31,WORST,2029-12-10,1190.672,3222.892,4413.564
2053,SUSC,2021-12-31,WORST,2029-12-11,166.792,5271.084,5437.877
2054,SUSC,2021-12-31,WORST,2029-12-14,665.64,0.0,665.64
2055,SUSC,2021-12-31,WORST,2029-12-15,305.858,45150.602,45456.46
2056,SUSC,2021-12-31,WORST,2029-12-17,16465.158,0.0,16465.158
2057,SUSC,2021-12-31,WORST,2029-12-18,164.721,0.0,164.721
2058,SUSC,2021-12-31,WORST,2029-12-19,371.372,17951.807,18323.179
2059,SUSC,2021-12-31,WORST,2029-12-20,633.334,0.0,633.334
2060,SUSC,2021-12-31,WORST,2029-12-21,134.563,0.0,134.563
2061,SUSC,2021-12-31,WORST,2029-12-22,45.596,5150.602,5196.199
2062,SUSC,2021-12-31,WORST,2029-12-23,62.69,5542.169,5604.859
2063,SUSC,2021-12-31,WORST,2029-12-24,624.752,19728.916,20353.667
2064,SUSC,2021-12-31,WORST,2029-12-25,73.419,7530.12,7603.539
2065,SUSC,2021-12-31,WORST,2029-12-26,274.804,14246.988,14521.792
2066,SUSC,2021-12-31,WORST,2029-12-27,131.879,17198.795,17330.674
2067,SUSC,2021-12-31,WORST,2029-12-30,29.166,2469.88,2499.045
2068,SUSC,2021-12-31,WORST,2029-12-31,769.368,0.0,769.368
2069,SUSC,2021-12-31,WORST,2030-01-01,920.198,105692.771,106612.969
2070,SUSC,2021-12-31,WORST,2030-01-02,2253.735,1987.952,4241.687
2071,SUSC,2021-12-31,WORST,2030-01-03,76.224,7228.916,7305.139
2072,SUSC,2021-12-31,WORST,2030-01-04,127.405,12018.072,12145.477
2073,SUSC,2021-12-31,WORST,2030-01-06,42.491,4759.036,4801.527
2074,SUSC,2021-12-31,WORST,2030-01-07,285.452,0.0,285.452
2075,SUSC,2021-12-31,WORST,2030-01-08,729.087,963.855,1692.942
2076,SUSC,2021-12-31,WORST,2030-01-09,588.689,10361.446,10950.135
2077,SUSC,2021-12-31,WORST,2030-01-10,446.329,0.0,446.329
2078,SUSC,2021-12-31,WORST,2030-01-13,112.371,11355.422,11467.793
2079,SUSC,2021-12-31,WORST,2030-01-14,1182.271,0.0,1182.271
2080,SUSC,2021-12-31,WORST,2030-01-15,16367.574,136234.94,152602.514
2081,SUSC,2021-12-31,WORST,2030-01-16,819.239,22168.675,22987.914
2082,SUSC,2021-12-31,WORST,2030-01-17,239.029,0.0,239.029
2083,SUSC,2021-12-31,WORST,2030-01-18,553.162,0.0,553.162
2084,SUSC,2021-12-31,WORST,2030-01-22,2705.646,0.0,2705.646
2085,SUSC,2021-12-31,WORST,2030-01-23,2285.861,17469.88,19755.741
2086,SUSC,2021-12-31,WORST,2030-01-24,1176.969,0.0,1176.969
2087,SUSC,2021-12-31,WORST,2030-01-25,406.884,0.0,406.884
2088,SUSC,2021-12-31,WORST,2030-01-28,1156.024,24397.59,25553.614
2089,SUSC,2021-12-31,WORST,2030-01-29,734.871,0.0,734.871
2090,SUSC,2021-12-31,WORST,2030-01-30,1194.623,14337.349,15531.973
2091,SUSC,2021-12-31,WORST,2030-01-31,239.232,0.0,239.232
2092,SUSC,2021-12-31,WORST,2030-02-01,10054.924,26807.229,36862.153
2093,SUSC,2021-12-31,WORST,2030-02-04,762.161,0.0,762.161
2094,SUSC,2021-12-31,WORST,2030-02-05,352.688,0.0,352.688
2095,SUSC,2021-12-31,WORST,2030-02-06,361.241,0.0,361.241
2096,SUSC,2021-12-31,WORST,2030-02-07,539.063,3584.337,4123.4
2097,SUSC,2021-12-31,WORST,2030-02-08,606.853,0.0,606.853
2098,SUSC,2021-12-31,WORST,2030-02-11,1576.807,0.0,1576.807
2099,SUSC,2021-12-31,WORST,2030-02-12,904.155,7650.602,8554.757
2100,SUSC,2021-12-31,WORST,2030-02-13,295.995,2710.843,3006.838
2101,SUSC,2021-12-31,WORST,2030-02-14,203.878,0.0,203.878
2102,SUSC,2021-12-31,WORST,2030-02-15,13361.253,66626.506,79987.759
2103,SUSC,2021-12-31,WORST,2030-02-19,1234.131,0.0,1234.131
2104,SUSC,2021-12-31,WORST,2030-02-20,327.756,0.0,327.756
2105,SUSC,2021-12-31,WORST,2030-02-21,967.897,0.0,967.897
2106,SUSC,2021-12-31,WORST,2030-02-22,1025.102,32831.325,33856.427
2107,SUSC,2021-12-31,WORST,2030-02-25,1085.648,421.687,1507.334
2108,SUSC,2021-12-31,WORST,2030-02-26,313.588,0.0,313.588
2109,SUSC,2021-12-31,WORST,2030-02-27,282.492,0.0,282.492
2110,SUSC,2021-12-31,WORST,2030-02-28,206.481,903.614,1110.095
2111,SUSC,2021-12-31,WORST,2030-03-01,13415.94,62530.12,75946.061
2112,SUSC,2021-12-31,WORST,2030-03-04,853.648,0.0,853.648
2113,SUSC,2021-12-31,WORST,2030-03-05,191.082,14066.265,14257.348
2114,SUSC,2021-12-31,WORST,2030-03-06,220.686,0.0,220.686
2115,SUSC,2021-12-31,WORST,2030-03-07,438.123,0.0,438.123
2116,SUSC,2021-12-31,WORST,2030-03-08,269.286,0.0,269.286
2117,SUSC,2021-12-31,WORST,2030-03-11,1011.518,6686.747,7698.265
2118,SUSC,2021-12-31,WORST,2030-03-12,324.367,5451.807,5776.175
2119,SUSC,2021-12-31,WORST,2030-03-13,757.816,0.0,757.816
2120,SUSC,2021-12-31,WORST,2030-03-14,402.41,0.0,402.41
2121,SUSC,2021-12-31,WORST,2030-03-15,21234.024,11837.349,33071.373
2122,SUSC,2021-12-31,WORST,2030-03-18,2355.704,7530.12,9885.825
2123,SUSC,2021-12-31,WORST,2030-03-19,582.972,5692.771,6275.743
2124,SUSC,2021-12-31,WORST,2030-03-20,1010.922,4156.627,5167.548
2125,SUSC,2021-12-31,WORST,2030-03-21,445.934,0.0,445.934
2126,SUSC,2021-12-31,WORST,2030-03-22,877.026,2078.313,2955.339
2127,SUSC,2021-12-31,WORST,2030-03-25,3212.286,12590.361,15802.647
2128,SUSC,2021-12-31,WORST,2030-03-26,554.05,11506.024,12060.074
2129,SUSC,2021-12-31,WORST,2030-03-27,267.913,0.0,267.913
2130,SUSC,2021-12-31,WORST,2030-03-28,109.834,0.0,109.834
2131,SUSC,2021-12-31,WORST,2030-03-29,9.413,0.0,9.413
2132,SUSC,2021-12-31,WORST,2030-03-30,83.746,11355.422,11439.168
2133,SUSC,2021-12-31,WORST,2030-04-01,19170.606,30572.289,49742.895
2134,SUSC,2021-12-31,WORST,2030-04-02,269.202,0.0,269.202
2135,SUSC,2021-12-31,WORST,2030-04-03,257.474,0.0,257.474
2136,SUSC,2021-12-31,WORST,2030-04-05,319.587,0.0,319.587
2137,SUSC,2021-12-31,WORST,2030-04-08,279.912,0.0,279.912
2138,SUSC,2021-12-31,WORST,2030-04-09,106.024,0.0,106.024
2139,SUSC,2021-12-31,WORST,2030-04-12,37.651,0.0,37.651
2140,SUSC,2021-12-31,WORST,2030-04-15,13794.119,4879.518,18673.637
2141,SUSC,2021-12-31,WORST,2030-04-16,194.814,0.0,194.814
2142,SUSC,2021-12-31,WORST,2030-04-17,164.556,0.0,164.556
2143,SUSC,2021-12-31,WORST,2030-04-22,1859.118,2831.325,4690.444
2144,SUSC,2021-12-31,WORST,2030-04-23,1573.906,0.0,1573.906
2145,SUSC,2021-12-31,WORST,2030-04-24,597.419,6475.904,7073.322
2146,SUSC,2021-12-31,WORST,2030-04-25,442.462,0.0,442.462
2147,SUSC,2021-12-31,WORST,2030-04-26,213.14,0.0,213.14
2148,SUSC,2021-12-31,WORST,2030-04-29,1145.767,21144.578,22290.345
2149,SUSC,2021-12-31,WORST,2030-04-30,907.154,0.0,907.154
2150,SUSC,2021-12-31,WORST,2030-05-01,9981.508,15993.976,25975.483
2151,SUSC,2021-12-31,WORST,2030-05-02,802.59,0.0,802.59
2152,SUSC,2021-12-31,WORST,2030-05-03,525.866,0.0,525.866
2153,SUSC,2021-12-31,WORST,2030-05-06,1189.539,19337.349,20526.889
2154,SUSC,2021-12-31,WORST,2030-05-07,117.62,0.0,117.62
2155,SUSC,2021-12-31,WORST,2030-05-08,273.251,9608.434,9881.685
2156,SUSC,2021-12-31,WORST,2030-05-09,162.244,0.0,162.244
2157,SUSC,2021-12-31,WORST,2030-05-10,164.334,0.0,164.334
2158,SUSC,2021-12-31,WORST,2030-05-13,1372.729,0.0,1372.729
2159,SUSC,2021-12-31,WORST,2030-05-14,2147.282,0.0,2147.282
2160,SUSC,2021-12-31,WORST,2030-05-15,17857.896,13042.169,30900.065
2161,SUSC,2021-12-31,WORST,2030-05-16,806.619,0.0,806.619
2162,SUSC,2021-12-31,WORST,2030-05-17,691.751,0.0,691.751
2163,SUSC,2021-12-31,WORST,2030-05-20,1069.37,0.0,1069.37
2164,SUSC,2021-12-31,WORST,2030-05-21,992.802,0.0,992.802
2165,SUSC,2021-12-31,WORST,2030-05-22,396.393,22590.361,22986.755
2166,SUSC,2021-12-31,WORST,2030-05-23,129.337,0.0,129.337
2167,SUSC,2021-12-31,WORST,2030-05-24,1260.691,0.0,1260.691
2168,SUSC,2021-12-31,WORST,2030-05-28,811.127,0.0,811.127
2169,SUSC,2021-12-31,WORST,2030-05-29,329.197,0.0,329.197
2170,SUSC,2021-12-31,WORST,2030-05-30,2020.813,0.0,2020.813
2171,SUSC,2021-12-31,WORST,2030-05-31,377.681,0.0,377.681
2172,SUSC,2021-12-31,WORST,2030-06-03,12620.602,113734.94,126355.542
2173,SUSC,2021-12-31,WORST,2030-06-04,188.768,0.0,188.768
2174,SUSC,2021-12-31,WORST,2030-06-05,571.728,0.0,571.728
2175,SUSC,2021-12-31,WORST,2030-06-06,632.006,0.0,632.006
2176,SUSC,2021-12-31,WORST,2030-06-07,283.622,0.0,283.622
2177,SUSC,2021-12-31,WORST,2030-06-10,1173.752,0.0,1173.752
2178,SUSC,2021-12-31,WORST,2030-06-14,665.64,0.0,665.64
2179,SUSC,2021-12-31,WORST,2030-06-15,97.703,13554.217,13651.92
2180,SUSC,2021-12-31,WORST,2030-06-17,16265.854,6084.337,22350.192
2181,SUSC,2021-12-31,WORST,2030-06-19,163.282,0.0,163.282
2182,SUSC,2021-12-31,WORST,2030-06-20,633.334,0.0,633.334
2183,SUSC,2021-12-31,WORST,2030-06-21,134.563,0.0,134.563
2184,SUSC,2021-12-31,WORST,2030-06-24,388.005,0.0,388.005
2185,SUSC,2021-12-31,WORST,2030-06-26,9.714,0.0,9.714
2186,SUSC,2021-12-31,WORST,2030-07-01,2427.896,52801.205,55229.101
2187,SUSC,2021-12-31,WORST,2030-07-02,425.388,0.0,425.388
2188,SUSC,2021-12-31,WORST,2030-07-08,1006.152,0.0,1006.152
2189,SUSC,2021-12-31,WORST,2030-07-09,519.608,0.0,519.608
2190,SUSC,2021-12-31,WORST,2030-07-10,446.329,0.0,446.329
2191,SUSC,2021-12-31,WORST,2030-07-12,128.224,0.0,128.224
2192,SUSC,2021-12-31,WORST,2030-07-15,16142.045,16114.458,32256.503
2193,SUSC,2021-12-31,WORST,2030-07-16,485.594,9337.349,9822.943
2194,SUSC,2021-12-31,WORST,2030-07-17,239.029,0.0,239.029
2195,SUSC,2021-12-31,WORST,2030-07-18,553.162,0.0,553.162
2196,SUSC,2021-12-31,WORST,2030-07-22,2649.77,0.0,2649.77
2197,SUSC,2021-12-31,WORST,2030-07-23,2106.651,3403.614,5510.266
2198,SUSC,2021-12-31,WORST,2030-07-24,1176.969,0.0,1176.969
2199,SUSC,2021-12-31,WORST,2030-07-25,406.884,0.0,406.884
2200,SUSC,2021-12-31,WORST,2030-07-26,199.086,0.0,199.086
2201,SUSC,2021-12-31,WORST,2030-07-29,1392.326,0.0,1392.326
2202,SUSC,2021-12-31,WORST,2030-07-30,1088.946,1024.096,2113.042
2203,SUSC,2021-12-31,WORST,2030-07-31,239.232,0.0,239.232
2204,SUSC,2021-12-31,WORST,2030-08-01,9836.684,0.0,9836.684
2205,SUSC,2021-12-31,WORST,2030-08-02,132.53,0.0,132.53
2206,SUSC,2021-12-31,WORST,2030-08-05,982.319,0.0,982.319
2207,SUSC,2021-12-31,WORST,2030-08-06,361.241,0.0,361.241
2208,SUSC,2021-12-31,WORST,2030-08-07,513.63,0.0,513.63
2209,SUSC,2021-12-31,WORST,2030-08-08,606.853,0.0,606.853
2210,SUSC,2021-12-31,WORST,2030-08-09,330.06,0.0,330.06
2211,SUSC,2021-12-31,WORST,2030-08-12,2058.181,0.0,2058.181
2212,SUSC,2021-12-31,WORST,2030-08-13,237.361,0.0,237.361
2213,SUSC,2021-12-31,WORST,2030-08-14,203.878,0.0,203.878
2214,SUSC,2021-12-31,WORST,2030-08-15,12436.705,85813.253,98249.958
2215,SUSC,2021-12-31,WORST,2030-08-16,270.004,0.0,270.004
2216,SUSC,2021-12-31,WORST,2030-08-19,964.127,0.0,964.127
2217,SUSC,2021-12-31,WORST,2030-08-20,327.756,0.0,327.756
2218,SUSC,2021-12-31,WORST,2030-08-21,967.897,0.0,967.897
2219,SUSC,2021-12-31,WORST,2030-08-22,780.242,0.0,780.242
2220,SUSC,2021-12-31,WORST,2030-08-23,455.196,0.0,455.196
2221,SUSC,2021-12-31,WORST,2030-08-26,786.386,0.0,786.386
2222,SUSC,2021-12-31,WORST,2030-08-27,434.752,0.0,434.752
2223,SUSC,2021-12-31,WORST,2030-08-28,198.75,0.0,198.75
2224,SUSC,2021-12-31,WORST,2030-09-03,13395.578,97921.687,111317.265
2225,SUSC,2021-12-31,WORST,2030-09-04,382.892,0.0,382.892
2226,SUSC,2021-12-31,WORST,2030-09-05,68.562,0.0,68.562
2227,SUSC,2021-12-31,WORST,2030-09-06,220.686,0.0,220.686
2228,SUSC,2021-12-31,WORST,2030-09-09,1035.488,0.0,1035.488
2229,SUSC,2021-12-31,WORST,2030-09-10,338.912,0.0,338.912
2230,SUSC,2021-12-31,WORST,2030-09-11,259.514,0.0,259.514
2231,SUSC,2021-12-31,WORST,2030-09-12,264.541,0.0,264.541
2232,SUSC,2021-12-31,WORST,2030-09-13,757.816,8283.133,9040.949
2233,SUSC,2021-12-31,WORST,2030-09-15,35.024,2891.566,2926.59
2234,SUSC,2021-12-31,WORST,2030-09-16,21879.881,72228.916,94108.796
2235,SUSC,2021-12-31,WORST,2030-09-17,1221.689,2560.241,3781.93
2236,SUSC,2021-12-31,WORST,2030-09-18,498.305,13102.41,13600.715
2237,SUSC,2021-12-31,WORST,2030-09-19,545.542,0.0,545.542
2238,SUSC,2021-12-31,WORST,2030-09-20,978.705,0.0,978.705
2239,SUSC,2021-12-31,WORST,2030-09-23,1664.555,4126.506,5791.061
2240,SUSC,2021-12-31,WORST,2030-09-24,223.024,0.0,223.024
2241,SUSC,2021-12-31,WORST,2030-09-25,2377.821,0.0,2377.821
2242,SUSC,2021-12-31,WORST,2030-09-26,477.822,0.0,477.822
2243,SUSC,2021-12-31,WORST,2030-09-27,267.913,0.0,267.913
2244,SUSC,2021-12-31,WORST,2030-09-30,1384.142,0.0,1384.142
2245,SUSC,2021-12-31,WORST,2030-10-01,17058.391,79156.627,96215.017
2246,SUSC,2021-12-31,WORST,2030-10-02,269.202,0.0,269.202
2247,SUSC,2021-12-31,WORST,2030-10-03,257.474,0.0,257.474
2248,SUSC,2021-12-31,WORST,2030-10-07,599.499,0.0,599.499
2249,SUSC,2021-12-31,WORST,2030-10-09,106.024,0.0,106.024
2250,SUSC,2021-12-31,WORST,2030-10-15,13474.751,19186.747,32661.498
2251,SUSC,2021-12-31,WORST,2030-10-16,194.814,0.0,194.814
2252,SUSC,2021-12-31,WORST,2030-10-17,164.556,0.0,164.556
2253,SUSC,2021-12-31,WORST,2030-10-21,764.889,0.0,764.889
2254,SUSC,2021-12-31,WORST,2030-10-22,1082.916,1024.096,2107.013
2255,SUSC,2021-12-31,WORST,2030-10-23,1739.523,15240.964,16980.487
2256,SUSC,2021-12-31,WORST,2030-10-24,520.517,0.0,520.517
2257,SUSC,2021-12-31,WORST,2030-10-25,442.462,0.0,442.462
2258,SUSC,2021-12-31,WORST,2030-10-28,928.266,0.0,928.266
2259,SUSC,2021-12-31,WORST,2030-10-29,210.036,0.0,210.036
2260,SUSC,2021-12-31,WORST,2030-10-30,748.755,2469.88,3218.635
2261,SUSC,2021-12-31,WORST,2030-10-31,178.466,0.0,178.466
2262,SUSC,2021-12-31,WORST,2030-11-01,9831.203,3012.048,12843.251
2263,SUSC,2021-12-31,WORST,2030-11-04,1708.968,0.0,1708.968
2264,SUSC,2021-12-31,WORST,2030-11-05,22.478,2981.928,3004.405
2265,SUSC,2021-12-31,WORST,2030-11-06,633.532,0.0,633.532
2266,SUSC,2021-12-31,WORST,2030-11-07,117.62,0.0,117.62
2267,SUSC,2021-12-31,WORST,2030-11-08,173.317,0.0,173.317
2268,SUSC,2021-12-31,WORST,2030-11-12,1056.668,0.0,1056.668
2269,SUSC,2021-12-31,WORST,2030-11-13,642.639,0.0,642.639
2270,SUSC,2021-12-31,WORST,2030-11-14,2147.282,0.0,2147.282
2271,SUSC,2021-12-31,WORST,2030-11-15,17776.639,26807.229,44583.868
2272,SUSC,2021-12-31,WORST,2030-11-18,1835.892,0.0,1835.892
2273,SUSC,2021-12-31,WORST,2030-11-19,179.631,0.0,179.631
2274,SUSC,2021-12-31,WORST,2030-11-20,552.218,0.0,552.218
2275,SUSC,2021-12-31,WORST,2030-11-21,992.802,0.0,992.802
2276,SUSC,2021-12-31,WORST,2030-11-22,190.919,0.0,190.919
2277,SUSC,2021-12-31,WORST,2030-11-25,1603.445,5240.964,6844.409
2278,SUSC,2021-12-31,WORST,2030-11-26,85.904,0.0,85.904
2279,SUSC,2021-12-31,WORST,2030-11-27,146.099,0.0,146.099
2280,SUSC,2021-12-31,WORST,2030-11-29,724.871,11295.181,12020.052
2281,SUSC,2021-12-31,WORST,2030-12-02,13265.196,1204.819,14470.015
2282,SUSC,2021-12-31,WORST,2030-12-03,534.262,0.0,534.262
2283,SUSC,2021-12-31,WORST,2030-12-04,184.751,0.0,184.751
2284,SUSC,2021-12-31,WORST,2030-12-05,571.728,0.0,571.728
2285,SUSC,2021-12-31,WORST,2030-12-06,632.006,0.0,632.006
2286,SUSC,2021-12-31,WORST,2030-12-09,868.782,0.0,868.782
2287,SUSC,2021-12-31,WORST,2030-12-10,588.592,0.0,588.592
2288,SUSC,2021-12-31,WORST,2030-12-15,233.908,36295.181,36529.089
2289,SUSC,2021-12-31,WORST,2030-12-16,16264.348,60361.446,76625.794
2290,SUSC,2021-12-31,WORST,2030-12-17,316.19,0.0,316.19
2291,SUSC,2021-12-31,WORST,2030-12-19,163.282,0.0,163.282
2292,SUSC,2021-12-31,WORST,2030-12-20,633.334,0.0,633.334
2293,SUSC,2021-12-31,WORST,2030-12-23,453.291,0.0,453.291
2294,SUSC,2021-12-31,WORST,2030-12-24,69.277,0.0,69.277
2295,SUSC,2021-12-31,WORST,2030-12-26,9.714,0.0,9.714
2296,SUSC,2021-12-31,WORST,2030-12-30,601.875,0.0,601.875
2297,SUSC,2021-12-31,WORST,2031-01-01,133.208,20843.373,20976.581
2298,SUSC,2021-12-31,WORST,2031-01-02,1713.328,0.0,1713.328
2299,SUSC,2021-12-31,WORST,2031-01-06,285.452,0.0,285.452
2300,SUSC,2021-12-31,WORST,2031-01-08,720.7,0.0,720.7
2301,SUSC,2021-12-31,WORST,2031-01-09,519.608,0.0,519.608
2302,SUSC,2021-12-31,WORST,2031-01-10,446.329,0.0,446.329
2303,SUSC,2021-12-31,WORST,2031-01-13,803.427,0.0,803.427
2304,SUSC,2021-12-31,WORST,2031-01-14,378.844,0.0,378.844
2305,SUSC,2021-12-31,WORST,2031-01-15,14724.718,52560.241,67284.959
2306,SUSC,2021-12-31,WORST,2031-01-16,362.538,0.0,362.538
2307,SUSC,2021-12-31,WORST,2031-01-17,239.029,0.0,239.029
2308,SUSC,2021-12-31,WORST,2031-01-21,2565.181,9759.036,12324.217
2309,SUSC,2021-12-31,WORST,2031-01-22,637.751,7590.361,8228.112
2310,SUSC,2021-12-31,WORST,2031-01-23,1709.608,0.0,1709.608
2311,SUSC,2021-12-31,WORST,2031-01-24,1176.969,0.0,1176.969
2312,SUSC,2021-12-31,WORST,2031-01-27,1098.139,0.0,1098.139
2313,SUSC,2021-12-31,WORST,2031-01-28,206.871,0.0,206.871
2314,SUSC,2021-12-31,WORST,2031-01-29,693.287,5783.133,6476.419
2315,SUSC,2021-12-31,WORST,2031-01-30,1008.486,34397.59,35406.077
2316,SUSC,2021-12-31,WORST,2031-01-31,239.232,0.0,239.232
2317,SUSC,2021-12-31,WORST,2031-02-03,10186.217,0.0,10186.217
2318,SUSC,2021-12-31,WORST,2031-02-04,387.214,0.0,387.214
2319,SUSC,2021-12-31,WORST,2031-02-05,352.688,0.0,352.688
2320,SUSC,2021-12-31,WORST,2031-02-06,361.241,0.0,361.241
2321,SUSC,2021-12-31,WORST,2031-02-07,513.63,0.0,513.63
2322,SUSC,2021-12-31,WORST,2031-02-10,2001.356,0.0,2001.356
2323,SUSC,2021-12-31,WORST,2031-02-11,182.304,0.0,182.304
2324,SUSC,2021-12-31,WORST,2031-02-12,811.434,0.0,811.434
2325,SUSC,2021-12-31,WORST,2031-02-13,237.361,4548.193,4785.554
2326,SUSC,2021-12-31,WORST,2031-02-14,378.859,25451.807,25830.666
2327,SUSC,2021-12-31,WORST,2031-02-15,11.295,1807.229,1818.524
2328,SUSC,2021-12-31,WORST,2031-02-18,12530.744,1445.783,13976.527
2329,SUSC,2021-12-31,WORST,2031-02-19,300.365,0.0,300.365
2330,SUSC,2021-12-31,WORST,2031-02-20,327.756,0.0,327.756
2331,SUSC,2021-12-31,WORST,2031-02-21,967.897,0.0,967.897
2332,SUSC,2021-12-31,WORST,2031-02-24,1387.697,0.0,1387.697
2333,SUSC,2021-12-31,WORST,2031-02-25,424.68,1807.229,2231.909
2334,SUSC,2021-12-31,WORST,2031-02-26,313.588,0.0,313.588
2335,SUSC,2021-12-31,WORST,2031-02-27,282.492,0.0,282.492
2336,SUSC,2021-12-31,WORST,2031-02-28,198.75,0.0,198.75
2337,SUSC,2021-12-31,WORST,2031-03-01,63.079,9397.59,9460.67
2338,SUSC,2021-12-31,WORST,2031-03-03,12757.928,4638.554,17396.482
2339,SUSC,2021-12-31,WORST,2031-03-04,382.892,0.0,382.892
2340,SUSC,2021-12-31,WORST,2031-03-05,68.562,0.0,68.562
2341,SUSC,2021-12-31,WORST,2031-03-06,220.686,0.0,220.686
2342,SUSC,2021-12-31,WORST,2031-03-07,438.123,0.0,438.123
2343,SUSC,2021-12-31,WORST,2031-03-10,937.17,0.0,937.17
2344,SUSC,2021-12-31,WORST,2031-03-11,259.514,0.0,259.514
2345,SUSC,2021-12-31,WORST,2031-03-12,264.541,0.0,264.541
2346,SUSC,2021-12-31,WORST,2031-03-13,694.901,0.0,694.901
2347,SUSC,2021-12-31,WORST,2031-03-14,402.41,0.0,402.41
2348,SUSC,2021-12-31,WORST,2031-03-15,3.931,602.41,606.341
2349,SUSC,2021-12-31,WORST,2031-03-17,21235.756,3493.976,24729.732
2350,SUSC,2021-12-31,WORST,2031-03-18,265.934,0.0,265.934
2351,SUSC,2021-12-31,WORST,2031-03-19,545.542,0.0,545.542
2352,SUSC,2021-12-31,WORST,2031-03-20,978.705,0.0,978.705
2353,SUSC,2021-12-31,WORST,2031-03-21,445.934,0.0,445.934
2354,SUSC,2021-12-31,WORST,2031-03-24,1368.11,0.0,1368.11
2355,SUSC,2021-12-31,WORST,2031-03-25,2377.821,0.0,2377.821
2356,SUSC,2021-12-31,WORST,2031-03-26,477.822,0.0,477.822
2357,SUSC,2021-12-31,WORST,2031-03-27,267.913,0.0,267.913
2358,SUSC,2021-12-31,WORST,2031-03-28,109.834,0.0,109.834
2359,SUSC,2021-12-31,WORST,2031-03-30,110.482,15783.133,15893.614
2360,SUSC,2021-12-31,WORST,2031-03-31,1274.307,0.0,1274.307
2361,SUSC,2021-12-31,WORST,2031-04-01,15202.081,31265.06,46467.141
2362,SUSC,2021-12-31,WORST,2031-04-02,269.202,0.0,269.202
2363,SUSC,2021-12-31,WORST,2031-04-03,257.474,0.0,257.474
2364,SUSC,2021-12-31,WORST,2031-04-07,599.499,0.0,599.499
2365,SUSC,2021-12-31,WORST,2031-04-09,106.024,0.0,106.024
2366,SUSC,2021-12-31,WORST,2031-04-14,493.75,0.0,493.75
2367,SUSC,2021-12-31,WORST,2031-04-15,12800.452,0.0,12800.452
2368,SUSC,2021-12-31,WORST,2031-04-16,194.814,0.0,194.814
2369,SUSC,2021-12-31,WORST,2031-04-17,164.556,0.0,164.556
2370,SUSC,2021-12-31,WORST,2031-04-21,764.889,0.0,764.889
2371,SUSC,2021-12-31,WORST,2031-04-22,1075.752,4849.398,5925.15
2372,SUSC,2021-12-31,WORST,2031-04-23,1552.821,0.0,1552.821
2373,SUSC,2021-12-31,WORST,2031-04-24,520.517,0.0,520.517
2374,SUSC,2021-12-31,WORST,2031-04-25,442.462,0.0,442.462
2375,SUSC,2021-12-31,WORST,2031-04-28,928.266,0.0,928.266
2376,SUSC,2021-12-31,WORST,2031-04-29,210.35,5060.241,5270.591
2377,SUSC,2021-12-31,WORST,2031-04-30,907.154,0.0,907.154
2378,SUSC,2021-12-31,WORST,2031-05-01,9805.318,0.0,9805.318
2379,SUSC,2021-12-31,WORST,2031-05-02,802.59,0.0,802.59
2380,SUSC,2021-12-31,WORST,2031-05-05,906.378,0.0,906.378
2381,SUSC,2021-12-31,WORST,2031-05-06,633.532,0.0,633.532
2382,SUSC,2021-12-31,WORST,2031-05-07,117.62,0.0,117.62
2383,SUSC,2021-12-31,WORST,2031-05-08,173.317,0.0,173.317
2384,SUSC,2021-12-31,WORST,2031-05-09,162.244,0.0,162.244
2385,SUSC,2021-12-31,WORST,2031-05-12,894.424,1355.422,2249.846
2386,SUSC,2021-12-31,WORST,2031-05-13,642.639,0.0,642.639
2387,SUSC,2021-12-31,WORST,2031-05-14,1797.319,0.0,1797.319
2388,SUSC,2021-12-31,WORST,2031-05-15,17481.618,1234.94,18716.558
2389,SUSC,2021-12-31,WORST,2031-05-16,806.619,0.0,806.619
2390,SUSC,2021-12-31,WORST,2031-05-19,1208.904,0.0,1208.904
2391,SUSC,2021-12-31,WORST,2031-05-20,552.218,0.0,552.218
2392,SUSC,2021-12-31,WORST,2031-05-21,992.802,0.0,992.802
2393,SUSC,2021-12-31,WORST,2031-05-22,190.919,0.0,190.919
2394,SUSC,2021-12-31,WORST,2031-05-23,129.337,0.0,129.337
2395,SUSC,2021-12-31,WORST,2031-05-27,1651.837,0.0,1651.837
2396,SUSC,2021-12-31,WORST,2031-05-28,224.439,0.0,224.439
2397,SUSC,2021-12-31,WORST,2031-05-29,329.197,0.0,329.197
2398,SUSC,2021-12-31,WORST,2031-05-30,2020.813,0.0,2020.813
2399,SUSC,2021-12-31,WORST,2031-06-02,11070.828,0.0,11070.828
2400,SUSC,2021-12-31,WORST,2031-06-03,534.262,0.0,534.262
2401,SUSC,2021-12-31,WORST,2031-06-04,184.756,2108.434,2293.19
2402,SUSC,2021-12-31,WORST,2031-06-05,571.728,0.0,571.728
2403,SUSC,2021-12-31,WORST,2031-06-06,632.006,0.0,632.006
2404,SUSC,2021-12-31,WORST,2031-06-09,868.782,0.0,868.782
2405,SUSC,2021-12-31,WORST,2031-06-10,588.592,0.0,588.592
2406,SUSC,2021-12-31,WORST,2031-06-16,13572.138,19728.916,33301.054
2407,SUSC,2021-12-31,WORST,2031-06-17,316.19,15662.651,15978.84
2408,SUSC,2021-12-31,WORST,2031-06-19,163.282,0.0,163.282
2409,SUSC,2021-12-31,WORST,2031-06-20,633.334,0.0,633.334
2410,SUSC,2021-12-31,WORST,2031-06-23,453.291,0.0,453.291
2411,SUSC,2021-12-31,WORST,2031-06-24,69.277,0.0,69.277
2412,SUSC,2021-12-31,WORST,2031-06-26,9.714,0.0,9.714
2413,SUSC,2021-12-31,WORST,2031-06-30,380.912,0.0,380.912
2414,SUSC,2021-12-31,WORST,2031-07-01,1287.941,0.0,1287.941
2415,SUSC,2021-12-31,WORST,2031-07-02,425.388,0.0,425.388
2416,SUSC,2021-12-31,WORST,2031-07-07,285.452,0.0,285.452
2417,SUSC,2021-12-31,WORST,2031-07-08,720.7,0.0,720.7
2418,SUSC,2021-12-31,WORST,2031-07-09,519.608,0.0,519.608
2419,SUSC,2021-12-31,WORST,2031-07-10,446.329,0.0,446.329
2420,SUSC,2021-12-31,WORST,2031-07-14,890.856,0.0,890.856
2421,SUSC,2021-12-31,WORST,2031-07-15,14580.93,451.807,15032.737
2422,SUSC,2021-12-31,WORST,2031-07-16,362.538,0.0,362.538
2423,SUSC,2021-12-31,WORST,2031-07-17,239.029,0.0,239.029
2424,SUSC,2021-12-31,WORST,2031-07-18,138.403,0.0,138.403
2425,SUSC,2021-12-31,WORST,2031-07-21,2026.703,3012.048,5038.751
2426,SUSC,2021-12-31,WORST,2031-07-22,591.195,0.0,591.195
2427,SUSC,2021-12-31,WORST,2031-07-23,1709.608,0.0,1709.608
2428,SUSC,2021-12-31,WORST,2031-07-24,1176.969,0.0,1176.969
2429,SUSC,2021-12-31,WORST,2031-07-25,595.137,30120.482,30715.619
2430,SUSC,2021-12-31,WORST,2031-07-28,898.125,0.0,898.125
2431,SUSC,2021-12-31,WORST,2031-07-29,657.782,0.0,657.782
2432,SUSC,2021-12-31,WORST,2031-07-30,716.943,0.0,716.943
2433,SUSC,2021-12-31,WORST,2031-07-31,239.232,0.0,239.232
2434,SUSC,2021-12-31,WORST,2031-08-01,9811.27,53584.337,63395.607
2435,SUSC,2021-12-31,WORST,2031-08-04,762.161,0.0,762.161
2436,SUSC,2021-12-31,WORST,2031-08-05,352.688,0.0,352.688
2437,SUSC,2021-12-31,WORST,2031-08-06,361.241,0.0,361.241
2438,SUSC,2021-12-31,WORST,2031-08-07,513.63,0.0,513.63
2439,SUSC,2021-12-31,WORST,2031-08-08,606.853,0.0,606.853
2440,SUSC,2021-12-31,WORST,2031-08-11,1576.807,0.0,1576.807
2441,SUSC,2021-12-31,WORST,2031-08-12,811.434,3012.048,3823.482
2442,SUSC,2021-12-31,WORST,2031-08-13,180.413,0.0,180.413
2443,SUSC,2021-12-31,WORST,2031-08-14,203.878,0.0,203.878
2444,SUSC,2021-12-31,WORST,2031-08-15,11549.604,14216.867,25766.472
2445,SUSC,2021-12-31,WORST,2031-08-18,929.445,2710.843,3640.289
2446,SUSC,2021-12-31,WORST,2031-08-19,300.365,0.0,300.365
2447,SUSC,2021-12-31,WORST,2031-08-20,327.756,0.0,327.756
2448,SUSC,2021-12-31,WORST,2031-08-21,967.897,0.0,967.897
2449,SUSC,2021-12-31,WORST,2031-08-22,780.242,0.0,780.242
2450,SUSC,2021-12-31,WORST,2031-08-25,867.722,0.0,867.722
2451,SUSC,2021-12-31,WORST,2031-08-26,465.847,0.0,465.847
2452,SUSC,2021-12-31,WORST,2031-08-27,282.492,0.0,282.492
2453,SUSC,2021-12-31,WORST,2031-08-28,198.75,0.0,198.75
2454,SUSC,2021-12-31,WORST,2031-09-01,2.672,301.205,303.877
2455,SUSC,2021-12-31,WORST,2031-09-02,12222.141,5873.494,18095.635
2456,SUSC,2021-12-31,WORST,2031-09-03,350.508,0.0,350.508
2457,SUSC,2021-12-31,WORST,2031-09-04,382.892,0.0,382.892
2458,SUSC,2021-12-31,WORST,2031-09-05,68.562,0.0,68.562
2459,SUSC,2021-12-31,WORST,2031-09-08,928.095,0.0,928.095
2460,SUSC,2021-12-31,WORST,2031-09-09,328.08,0.0,328.08
2461,SUSC,2021-12-31,WORST,2031-09-10,294.075,9789.157,10083.232
2462,SUSC,2021-12-31,WORST,2031-09-11,259.514,0.0,259.514
2463,SUSC,2021-12-31,WORST,2031-09-12,264.541,6024.096,6288.637
2464,SUSC,2021-12-31,WORST,2031-09-15,20447.826,15963.855,36411.681
2465,SUSC,2021-12-31,WORST,2031-09-16,573.831,7379.518,7953.349
2466,SUSC,2021-12-31,WORST,2031-09-17,1201.207,6024.096,7225.304
2467,SUSC,2021-12-31,WORST,2031-09-18,265.934,0.0,265.934
2468,SUSC,2021-12-31,WORST,2031-09-19,545.542,0.0,545.542
2469,SUSC,2021-12-31,WORST,2031-09-22,2262.177,15060.241,17322.418
2470,SUSC,2021-12-31,WORST,2031-09-23,307.549,0.0,307.549
2471,SUSC,2021-12-31,WORST,2031-09-24,223.024,0.0,223.024
2472,SUSC,2021-12-31,WORST,2031-09-25,2377.821,0.0,2377.821
2473,SUSC,2021-12-31,WORST,2031-09-26,477.822,0.0,477.822
2474,SUSC,2021-12-31,WORST,2031-09-29,387.16,0.0,387.16
2475,SUSC,2021-12-31,WORST,2031-09-30,1264.895,301.205,1566.099
2476,SUSC,2021-12-31,WORST,2031-10-01,14024.692,0.0,14024.692
2477,SUSC,2021-12-31,WORST,2031-10-02,269.202,0.0,269.202
2478,SUSC,2021-12-31,WORST,2031-10-03,257.474,0.0,257.474
2479,SUSC,2021-12-31,WORST,2031-10-06,599.499,0.0,599.499
2480,SUSC,2021-12-31,WORST,2031-10-09,106.024,0.0,106.024
2481,SUSC,2021-12-31,WORST,2031-10-14,493.75,6024.096,6517.846
2482,SUSC,2021-12-31,WORST,2031-10-15,12815.756,9307.229,22122.985
2483,SUSC,2021-12-31,WORST,2031-10-16,194.814,0.0,194.814
2484,SUSC,2021-12-31,WORST,2031-10-17,164.556,0.0,164.556
2485,SUSC,2021-12-31,WORST,2031-10-20,301.334,0.0,301.334
2486,SUSC,2021-12-31,WORST,2031-10-21,434.187,0.0,434.187
2487,SUSC,2021-12-31,WORST,2031-10-22,812.157,0.0,812.157
2488,SUSC,2021-12-31,WORST,2031-10-23,1552.821,0.0,1552.821
2489,SUSC,2021-12-31,WORST,2031-10-24,520.517,0.0,520.517
2490,SUSC,2021-12-31,WORST,2031-10-27,769.378,0.0,769.378
2491,SUSC,2021-12-31,WORST,2031-10-28,163.742,602.41,766.152
2492,SUSC,2021-12-31,WORST,2031-10-29,153.614,0.0,153.614
2493,SUSC,2021-12-31,WORST,2031-10-30,778.386,6024.096,6802.483
2494,SUSC,2021-12-31,WORST,2031-10-31,178.466,0.0,178.466
2495,SUSC,2021-12-31,WORST,2031-11-03,11133.774,47469.88,58603.654
2496,SUSC,2021-12-31,WORST,2031-11-04,380.512,0.0,380.512
2497,SUSC,2021-12-31,WORST,2031-11-06,633.532,0.0,633.532
2498,SUSC,2021-12-31,WORST,2031-11-07,117.62,0.0,117.62
2499,SUSC,2021-12-31,WORST,2031-11-10,499.895,3012.048,3511.943
2500,SUSC,2021-12-31,WORST,2031-11-12,713.147,0.0,713.147
2501,SUSC,2021-12-31,WORST,2031-11-13,642.639,0.0,642.639
2502,SUSC,2021-12-31,WORST,2031-11-14,1797.319,0.0,1797.319
2503,SUSC,2021-12-31,WORST,2031-11-15,14.966,2259.036,2274.002
2504,SUSC,2021-12-31,WORST,2031-11-17,18942.544,2108.434,21050.977
2505,SUSC,2021-12-31,WORST,2031-11-18,365.195,8584.337,8949.532
2506,SUSC,2021-12-31,WORST,2031-11-19,179.631,0.0,179.631
2507,SUSC,2021-12-31,WORST,2031-11-20,552.218,0.0,552.218
2508,SUSC,2021-12-31,WORST,2031-11-21,992.802,0.0,992.802
2509,SUSC,2021-12-31,WORST,2031-11-24,1396.577,0.0,1396.577
2510,SUSC,2021-12-31,WORST,2031-11-25,159.142,0.0,159.142
2511,SUSC,2021-12-31,WORST,2031-11-26,85.904,0.0,85.904
2512,SUSC,2021-12-31,WORST,2031-11-28,302.542,0.0,302.542
2513,SUSC,2021-12-31,WORST,2031-12-01,13267.753,16234.94,29502.693
2514,SUSC,2021-12-31,WORST,2031-12-02,112.093,0.0,112.093
2515,SUSC,2021-12-31,WORST,2031-12-03,534.262,0.0,534.262
2516,SUSC,2021-12-31,WORST,2031-12-04,158.744,0.0,158.744
2517,SUSC,2021-12-31,WORST,2031-12-05,571.728,0.0,571.728
2518,SUSC,2021-12-31,WORST,2031-12-08,1052.278,0.0,1052.278
2519,SUSC,2021-12-31,WORST,2031-12-09,448.509,0.0,448.509
2520,SUSC,2021-12-31,WORST,2031-12-10,551.355,0.0,551.355
2521,SUSC,2021-12-31,WORST,2031-12-15,13040.436,18825.301,31865.738
2522,SUSC,2021-12-31,WORST,2031-12-16,350.377,0.0,350.377
2523,SUSC,2021-12-31,WORST,2031-12-17,108.66,0.0,108.66
2524,SUSC,2021-12-31,WORST,2031-12-19,163.282,0.0,163.282
2525,SUSC,2021-12-31,WORST,2031-12-22,927.701,753.012,1680.713
2526,SUSC,2021-12-31,WORST,2031-12-23,158.923,0.0,158.923
2527,SUSC,2021-12-31,WORST,2031-12-24,69.277,0.0,69.277
2528,SUSC,2021-12-31,WORST,2031-12-26,9.714,0.0,9.714
2529,SUSC,2021-12-31,WORST,2031-12-29,120.762,0.0,120.762
2530,SUSC,2021-12-31,WORST,2031-12-30,260.15,0.0,260.15
2531,SUSC,2021-12-31,WORST,2032-01-02,1713.328,0.0,1713.328
2532,SUSC,2021-12-31,WORST,2032-01-06,285.452,0.0,285.452
2533,SUSC,2021-12-31,WORST,2032-01-08,720.7,0.0,720.7
2534,SUSC,2021-12-31,WORST,2032-01-09,519.608,0.0,519.608
2535,SUSC,2021-12-31,WORST,2032-01-12,574.553,0.0,574.553
2536,SUSC,2021-12-31,WORST,2032-01-13,675.203,0.0,675.203
2537,SUSC,2021-12-31,WORST,2032-01-14,378.844,0.0,378.844
2538,SUSC,2021-12-31,WORST,2032-01-15,14273.272,30361.446,44634.718
2539,SUSC,2021-12-31,WORST,2032-01-16,362.538,0.0,362.538
2540,SUSC,2021-12-31,WORST,2032-01-20,1578.56,0.0,1578.56
2541,SUSC,2021-12-31,WORST,2032-01-21,646.745,0.0,646.745
2542,SUSC,2021-12-31,WORST,2032-01-22,591.195,0.0,591.195
2543,SUSC,2021-12-31,WORST,2032-01-23,1709.608,0.0,1709.608
2544,SUSC,2021-12-31,WORST,2032-01-26,1609.162,0.0,1609.162
2545,SUSC,2021-12-31,WORST,2032-01-27,665.946,0.0,665.946
2546,SUSC,2021-12-31,WORST,2032-01-28,206.871,0.0,206.871
2547,SUSC,2021-12-31,WORST,2032-01-29,657.782,0.0,657.782
2548,SUSC,2021-12-31,WORST,2032-01-30,709.157,0.0,709.157
2549,SUSC,2021-12-31,WORST,2032-02-02,9435.404,3012.048,12447.452
2550,SUSC,2021-12-31,WORST,2032-02-03,242.417,0.0,242.417
2551,SUSC,2021-12-31,WORST,2032-02-04,387.214,0.0,387.214
2552,SUSC,2021-12-31,WORST,2032-02-05,352.688,0.0,352.688
2553,SUSC,2021-12-31,WORST,2032-02-06,361.241,0.0,361.241
2554,SUSC,2021-12-31,WORST,2032-02-09,1450.542,0.0,1450.542
2555,SUSC,2021-12-31,WORST,2032-02-10,1064.443,0.0,1064.443
2556,SUSC,2021-12-31,WORST,2032-02-11,182.304,0.0,182.304
2557,SUSC,2021-12-31,WORST,2032-02-12,785.078,0.0,785.078
2558,SUSC,2021-12-31,WORST,2032-02-13,180.394,8734.94,8915.334
2559,SUSC,2021-12-31,WORST,2032-02-17,11914.805,2710.843,14625.648
2560,SUSC,2021-12-31,WORST,2032-02-18,232.53,0.0,232.53
2561,SUSC,2021-12-31,WORST,2032-02-19,300.365,0.0,300.365
2562,SUSC,2021-12-31,WORST,2032-02-20,327.756,0.0,327.756
2563,SUSC,2021-12-31,WORST,2032-02-23,2203.336,0.0,2203.336
2564,SUSC,2021-12-31,WORST,2032-02-24,152.259,0.0,152.259
2565,SUSC,2021-12-31,WORST,2032-02-25,412.526,0.0,412.526
2566,SUSC,2021-12-31,WORST,2032-02-26,313.588,0.0,313.588
2567,SUSC,2021-12-31,WORST,2032-02-27,282.492,0.0,282.492
2568,SUSC,2021-12-31,WORST,2032-03-01,12312.095,10361.446,22673.541
2569,SUSC,2021-12-31,WORST,2032-03-02,98.788,0.0,98.788
2570,SUSC,2021-12-31,WORST,2032-03-03,350.508,0.0,350.508
2571,SUSC,2021-12-31,WORST,2032-03-04,382.892,0.0,382.892
2572,SUSC,2021-12-31,WORST,2032-03-05,68.562,0.0,68.562
2573,SUSC,2021-12-31,WORST,2032-03-08,928.095,0.0,928.095
2574,SUSC,2021-12-31,WORST,2032-03-09,328.08,0.0,328.08
2575,SUSC,2021-12-31,WORST,2032-03-10,211.672,12048.193,12259.864
2576,SUSC,2021-12-31,WORST,2032-03-11,259.514,0.0,259.514
2577,SUSC,2021-12-31,WORST,2032-03-12,207.312,0.0,207.312
2578,SUSC,2021-12-31,WORST,2032-03-15,20182.704,42469.88,62652.584
2579,SUSC,2021-12-31,WORST,2032-03-16,482.907,0.0,482.907
2580,SUSC,2021-12-31,WORST,2032-03-17,1134.28,0.0,1134.28
2581,SUSC,2021-12-31,WORST,2032-03-18,265.934,0.0,265.934
2582,SUSC,2021-12-31,WORST,2032-03-19,545.542,0.0,545.542
2583,SUSC,2021-12-31,WORST,2032-03-22,2075.279,0.0,2075.279
2584,SUSC,2021-12-31,WORST,2032-03-23,307.549,0.0,307.549
2585,SUSC,2021-12-31,WORST,2032-03-24,223.024,0.0,223.024
2586,SUSC,2021-12-31,WORST,2032-03-25,2377.821,0.0,2377.821
2587,SUSC,2021-12-31,WORST,2032-03-26,477.822,0.0,477.822
2588,SUSC,2021-12-31,WORST,2032-03-29,377.747,0.0,377.747
2589,SUSC,2021-12-31,WORST,2032-03-30,924.27,0.0,924.27
2590,SUSC,2021-12-31,WORST,2032-03-31,338.178,0.0,338.178
2591,SUSC,2021-12-31,WORST,2032-04-01,14024.692,26566.265,40590.957
2592,SUSC,2021-12-31,WORST,2032-04-02,269.202,0.0,269.202
2593,SUSC,2021-12-31,WORST,2032-04-05,577.061,0.0,577.061
2594,SUSC,2021-12-31,WORST,2032-04-06,279.912,0.0,279.912
2595,SUSC,2021-12-31,WORST,2032-04-09,106.024,0.0,106.024
2596,SUSC,2021-12-31,WORST,2032-04-14,422.214,0.0,422.214
2597,SUSC,2021-12-31,WORST,2032-04-15,12527.609,12409.639,24937.247
2598,SUSC,2021-12-31,WORST,2032-04-16,194.814,0.0,194.814
2599,SUSC,2021-12-31,WORST,2032-04-19,164.556,0.0,164.556
2600,SUSC,2021-12-31,WORST,2032-04-20,236.995,3644.578,3881.574
2601,SUSC,2021-12-31,WORST,2032-04-21,375.181,0.0,375.181
2602,SUSC,2021-12-31,WORST,2032-04-22,812.157,33433.735,34245.892
2603,SUSC,2021-12-31,WORST,2032-04-23,1552.821,0.0,1552.821
2604,SUSC,2021-12-31,WORST,2032-04-26,799.614,0.0,799.614
2605,SUSC,2021-12-31,WORST,2032-04-27,490.281,0.0,490.281
2606,SUSC,2021-12-31,WORST,2032-04-28,155.083,14759.036,14914.119
2607,SUSC,2021-12-31,WORST,2032-04-29,153.614,0.0,153.614
2608,SUSC,2021-12-31,WORST,2032-04-30,907.154,0.0,907.154
2609,SUSC,2021-12-31,WORST,2032-05-03,9264.841,4548.193,13813.034
2610,SUSC,2021-12-31,WORST,2032-05-04,674.97,0.0,674.97
2611,SUSC,2021-12-31,WORST,2032-05-06,633.532,0.0,633.532
2612,SUSC,2021-12-31,WORST,2032-05-07,117.62,0.0,117.62
2613,SUSC,2021-12-31,WORST,2032-05-10,379.567,0.0,379.567
2614,SUSC,2021-12-31,WORST,2032-05-11,586.302,0.0,586.302
2615,SUSC,2021-12-31,WORST,2032-05-12,126.845,0.0,126.845
2616,SUSC,2021-12-31,WORST,2032-05-13,642.639,0.0,642.639
2617,SUSC,2021-12-31,WORST,2032-05-14,1797.319,0.0,1797.319
2618,SUSC,2021-12-31,WORST,2032-05-17,18944.389,12560.241,31504.63
2619,SUSC,2021-12-31,WORST,2032-05-18,223.26,0.0,223.26
2620,SUSC,2021-12-31,WORST,2032-05-19,179.631,0.0,179.631
2621,SUSC,2021-12-31,WORST,2032-05-20,552.218,0.0,552.218
2622,SUSC,2021-12-31,WORST,2032-05-21,992.802,0.0,992.802
2623,SUSC,2021-12-31,WORST,2032-05-24,780.718,24397.59,25178.308
2624,SUSC,2021-12-31,WORST,2032-05-25,159.142,0.0,159.142
2625,SUSC,2021-12-31,WORST,2032-05-26,85.904,0.0,85.904
2626,SUSC,2021-12-31,WORST,2032-05-27,146.099,0.0,146.099
2627,SUSC,2021-12-31,WORST,2032-05-28,156.442,10993.976,11150.418
2628,SUSC,2021-12-31,WORST,2032-06-01,12738.807,2259.036,14997.844
2629,SUSC,2021-12-31,WORST,2032-06-02,112.093,0.0,112.093
2630,SUSC,2021-12-31,WORST,2032-06-03,534.262,0.0,534.262
2631,SUSC,2021-12-31,WORST,2032-06-04,158.744,0.0,158.744
2632,SUSC,2021-12-31,WORST,2032-06-07,1487.356,0.0,1487.356
2633,SUSC,2021-12-31,WORST,2032-06-08,136.651,0.0,136.651
2634,SUSC,2021-12-31,WORST,2032-06-09,448.509,0.0,448.509
2635,SUSC,2021-12-31,WORST,2032-06-10,551.355,0.0,551.355
2636,SUSC,2021-12-31,WORST,2032-06-14,665.64,0.0,665.64
2637,SUSC,2021-12-31,WORST,2032-06-15,12010.941,4548.193,16559.134
2638,SUSC,2021-12-31,WORST,2032-06-16,350.377,0.0,350.377
2639,SUSC,2021-12-31,WORST,2032-06-17,108.66,0.0,108.66
2640,SUSC,2021-12-31,WORST,2032-06-21,922.896,0.0,922.896
2641,SUSC,2021-12-31,WORST,2032-06-22,159.804,0.0,159.804
2642,SUSC,2021-12-31,WORST,2032-06-23,158.923,0.0,158.923
2643,SUSC,2021-12-31,WORST,2032-06-24,69.277,0.0,69.277
2644,SUSC,2021-12-31,WORST,2032-06-28,9.714,0.0,9.714
2645,SUSC,2021-12-31,WORST,2032-06-29,120.762,0.0,120.762
2646,SUSC,2021-12-31,WORST,2032-06-30,260.15,0.0,260.15
2647,SUSC,2021-12-31,WORST,2032-07-01,1287.941,0.0,1287.941
2648,SUSC,2021-12-31,WORST,2032-07-02,425.388,0.0,425.388
2649,SUSC,2021-12-31,WORST,2032-07-06,285.452,0.0,285.452
2650,SUSC,2021-12-31,WORST,2032-07-08,720.7,0.0,720.7
2651,SUSC,2021-12-31,WORST,2032-07-09,519.608,0.0,519.608
2652,SUSC,2021-12-31,WORST,2032-07-12,574.553,0.0,574.553
2653,SUSC,2021-12-31,WORST,2032-07-13,675.203,0.0,675.203
2654,SUSC,2021-12-31,WORST,2032-07-14,378.844,0.0,378.844
2655,SUSC,2021-12-31,WORST,2032-07-15,13734.77,20391.566,34126.337
2656,SUSC,2021-12-31,WORST,2032-07-16,362.538,0.0,362.538
2657,SUSC,2021-12-31,WORST,2032-07-19,239.029,0.0,239.029
2658,SUSC,2021-12-31,WORST,2032-07-20,1339.531,0.0,1339.531
2659,SUSC,2021-12-31,WORST,2032-07-21,646.745,33283.133,33929.878
2660,SUSC,2021-12-31,WORST,2032-07-22,591.195,0.0,591.195
2661,SUSC,2021-12-31,WORST,2032-07-23,1709.608,0.0,1709.608
2662,SUSC,2021-12-31,WORST,2032-07-26,1782.939,0.0,1782.939
2663,SUSC,2021-12-31,WORST,2032-07-27,492.169,0.0,492.169
2664,SUSC,2021-12-31,WORST,2032-07-28,206.871,0.0,206.871
2665,SUSC,2021-12-31,WORST,2032-07-29,657.782,0.0,657.782
2666,SUSC,2021-12-31,WORST,2032-07-30,709.157,0.0,709.157
2667,SUSC,2021-12-31,WORST,2032-08-02,9403.401,0.0,9403.401
2668,SUSC,2021-12-31,WORST,2032-08-03,242.417,0.0,242.417
2669,SUSC,2021-12-31,WORST,2032-08-04,387.214,0.0,387.214
2670,SUSC,2021-12-31,WORST,2032-08-05,352.688,0.0,352.688
2671,SUSC,2021-12-31,WORST,2032-08-06,361.241,0.0,361.241
2672,SUSC,2021-12-31,WORST,2032-08-09,1450.542,0.0,1450.542
2673,SUSC,2021-12-31,WORST,2032-08-10,1064.443,0.0,1064.443
2674,SUSC,2021-12-31,WORST,2032-08-11,182.304,0.0,182.304
2675,SUSC,2021-12-31,WORST,2032-08-12,785.078,0.0,785.078
2676,SUSC,2021-12-31,WORST,2032-08-13,131.739,0.0,131.739
2677,SUSC,2021-12-31,WORST,2032-08-15,108.853,10240.964,10349.817
2678,SUSC,2021-12-31,WORST,2032-08-16,11481.635,0.0,11481.635
2679,SUSC,2021-12-31,WORST,2032-08-17,399.285,0.0,399.285
2680,SUSC,2021-12-31,WORST,2032-08-18,232.53,0.0,232.53
2681,SUSC,2021-12-31,WORST,2032-08-19,300.365,0.0,300.365
2682,SUSC,2021-12-31,WORST,2032-08-20,327.756,0.0,327.756
2683,SUSC,2021-12-31,WORST,2032-08-23,2203.336,0.0,2203.336
2684,SUSC,2021-12-31,WORST,2032-08-24,152.259,0.0,152.259
2685,SUSC,2021-12-31,WORST,2032-08-25,412.526,0.0,412.526
2686,SUSC,2021-12-31,WORST,2032-08-26,313.588,0.0,313.588
2687,SUSC,2021-12-31,WORST,2032-08-27,282.492,0.0,282.492
2688,SUSC,2021-12-31,WORST,2032-08-30,198.75,0.0,198.75
2689,SUSC,2021-12-31,WORST,2032-09-01,11852.231,0.0,11852.231
2690,SUSC,2021-12-31,WORST,2032-09-02,98.788,0.0,98.788
2691,SUSC,2021-12-31,WORST,2032-09-03,350.508,0.0,350.508
2692,SUSC,2021-12-31,WORST,2032-09-07,1110.262,0.0,1110.262
2693,SUSC,2021-12-31,WORST,2032-09-08,269.286,0.0,269.286
2694,SUSC,2021-12-31,WORST,2032-09-09,328.08,0.0,328.08
2695,SUSC,2021-12-31,WORST,2032-09-10,115.889,0.0,115.889
2696,SUSC,2021-12-31,WORST,2032-09-13,1084.498,0.0,1084.498
2697,SUSC,2021-12-31,WORST,2032-09-14,402.41,0.0,402.41
2698,SUSC,2021-12-31,WORST,2032-09-15,17909.731,0.0,17909.731
2699,SUSC,2021-12-31,WORST,2032-09-16,482.907,0.0,482.907
2700,SUSC,2021-12-31,WORST,2032-09-17,1134.28,0.0,1134.28
2701,SUSC,2021-12-31,WORST,2032-09-20,1790.181,0.0,1790.181
2702,SUSC,2021-12-31,WORST,2032-09-21,259.036,0.0,259.036
2703,SUSC,2021-12-31,WORST,2032-09-22,837.538,0.0,837.538
2704,SUSC,2021-12-31,WORST,2032-09-23,307.549,0.0,307.549
2705,SUSC,2021-12-31,WORST,2032-09-24,223.024,0.0,223.024
2706,SUSC,2021-12-31,WORST,2032-09-27,3123.556,0.0,3123.556
2707,SUSC,2021-12-31,WORST,2032-09-28,109.834,0.0,109.834
2708,SUSC,2021-12-31,WORST,2032-09-29,9.413,0.0,9.413
2709,SUSC,2021-12-31,WORST,2032-09-30,1253.035,0.0,1253.035
2710,SUSC,2021-12-31,WORST,2032-10-01,13555.376,3373.494,16928.87
2711,SUSC,2021-12-31,WORST,2032-10-04,526.675,0.0,526.675
2712,SUSC,2021-12-31,WORST,2032-10-05,319.587,0.0,319.587
2713,SUSC,2021-12-31,WORST,2032-10-06,279.912,0.0,279.912
2714,SUSC,2021-12-31,WORST,2032-10-12,106.024,0.0,106.024
2715,SUSC,2021-12-31,WORST,2032-10-14,422.214,0.0,422.214
2716,SUSC,2021-12-31,WORST,2032-10-15,12038.806,3795.181,15833.987
2717,SUSC,2021-12-31,WORST,2032-10-18,359.37,0.0,359.37
2718,SUSC,2021-12-31,WORST,2032-10-20,205.105,10240.964,10446.069
2719,SUSC,2021-12-31,WORST,2032-10-21,375.181,9036.145,9411.325
2720,SUSC,2021-12-31,WORST,2032-10-22,586.443,0.0,586.443
2721,SUSC,2021-12-31,WORST,2032-10-25,2139.295,0.0,2139.295
2722,SUSC,2021-12-31,WORST,2032-10-26,213.14,0.0,213.14
2723,SUSC,2021-12-31,WORST,2032-10-27,490.281,0.0,490.281
2724,SUSC,2021-12-31,WORST,2032-10-28,73.908,0.0,73.908
2725,SUSC,2021-12-31,WORST,2032-10-29,153.614,0.0,153.614
2726,SUSC,2021-12-31,WORST,2032-11-01,9175.854,2108.434,11284.288
2727,SUSC,2021-12-31,WORST,2032-11-02,772.47,1807.229,2579.699
2728,SUSC,2021-12-31,WORST,2032-11-03,417.675,2108.434,2526.108
2729,SUSC,2021-12-31,WORST,2032-11-04,380.512,0.0,380.512
2730,SUSC,2021-12-31,WORST,2032-11-08,840.286,13102.41,13942.696
2731,SUSC,2021-12-31,WORST,2032-11-09,126.099,0.0,126.099
2732,SUSC,2021-12-31,WORST,2032-11-10,164.334,0.0,164.334
2733,SUSC,2021-12-31,WORST,2032-11-12,713.147,0.0,713.147
2734,SUSC,2021-12-31,WORST,2032-11-15,19638.123,3524.096,23162.22
2735,SUSC,2021-12-31,WORST,2032-11-16,834.292,0.0,834.292
2736,SUSC,2021-12-31,WORST,2032-11-17,212.892,0.0,212.892
2737,SUSC,2021-12-31,WORST,2032-11-18,223.26,0.0,223.26
2738,SUSC,2021-12-31,WORST,2032-11-19,179.631,0.0,179.631
2739,SUSC,2021-12-31,WORST,2032-11-22,1682.903,7680.723,9363.626
2740,SUSC,2021-12-31,WORST,2032-11-23,129.337,0.0,129.337
2741,SUSC,2021-12-31,WORST,2032-11-24,308.426,45180.723,45489.149
2742,SUSC,2021-12-31,WORST,2032-11-26,245.046,0.0,245.046
2743,SUSC,2021-12-31,WORST,2032-11-29,532.902,3222.892,3755.794
2744,SUSC,2021-12-31,WORST,2032-11-30,2398.494,6114.458,8512.952
2745,SUSC,2021-12-31,WORST,2032-12-01,9906.636,60.241,9966.877
2746,SUSC,2021-12-31,WORST,2032-12-02,112.093,0.0,112.093
2747,SUSC,2021-12-31,WORST,2032-12-03,534.262,0.0,534.262
2748,SUSC,2021-12-31,WORST,2032-12-06,1362.477,0.0,1362.477
2749,SUSC,2021-12-31,WORST,2032-12-07,283.622,0.0,283.622
2750,SUSC,2021-12-31,WORST,2032-12-08,136.651,0.0,136.651
2751,SUSC,2021-12-31,WORST,2032-12-09,448.509,0.0,448.509
2752,SUSC,2021-12-31,WORST,2032-12-10,551.355,0.0,551.355
2753,SUSC,2021-12-31,WORST,2032-12-14,665.64,0.0,665.64
2754,SUSC,2021-12-31,WORST,2032-12-15,11842.021,14608.434,26450.455
2755,SUSC,2021-12-31,WORST,2032-12-16,350.377,0.0,350.377
2756,SUSC,2021-12-31,WORST,2032-12-17,108.66,0.0,108.66
2757,SUSC,2021-12-31,WORST,2032-12-20,796.616,0.0,796.616
2758,SUSC,2021-12-31,WORST,2032-12-21,126.28,0.0,126.28
2759,SUSC,2021-12-31,WORST,2032-12-22,159.804,0.0,159.804
2760,SUSC,2021-12-31,WORST,2032-12-23,158.923,0.0,158.923
2761,SUSC,2021-12-31,WORST,2032-12-24,69.277,0.0,69.277
2762,SUSC,2021-12-31,WORST,2032-12-27,9.714,0.0,9.714
2763,SUSC,2021-12-31,WORST,2032-12-29,120.762,0.0,120.762
2764,SUSC,2021-12-31,WORST,2032-12-30,260.15,0.0,260.15
2765,SUSC,2021-12-31,WORST,2033-01-03,1287.941,0.0,1287.941
2766,SUSC,2021-12-31,WORST,2033-01-04,425.388,0.0,425.388
2767,SUSC,2021-12-31,WORST,2033-01-06,285.452,0.0,285.452
2768,SUSC,2021-12-31,WORST,2033-01-10,1437.221,0.0,1437.221
2769,SUSC,2021-12-31,WORST,2033-01-11,249.416,0.0,249.416
2770,SUSC,2021-12-31,WORST,2033-01-12,128.224,0.0,128.224
2771,SUSC,2021-12-31,WORST,2033-01-13,675.203,0.0,675.203
2772,SUSC,2021-12-31,WORST,2033-01-14,378.844,0.0,378.844
2773,SUSC,2021-12-31,WORST,2033-01-15,67.453,7891.566,7959.019
2774,SUSC,2021-12-31,WORST,2033-01-18,13949.551,6445.783,20395.334
2775,SUSC,2021-12-31,WORST,2033-01-20,1201.128,0.0,1201.128
2776,SUSC,2021-12-31,WORST,2033-01-21,436.551,0.0,436.551
2777,SUSC,2021-12-31,WORST,2033-01-24,3477.772,0.0,3477.772
2778,SUSC,2021-12-31,WORST,2033-01-25,406.884,0.0,406.884
2779,SUSC,2021-12-31,WORST,2033-01-26,199.086,0.0,199.086
2780,SUSC,2021-12-31,WORST,2033-01-27,492.169,0.0,492.169
2781,SUSC,2021-12-31,WORST,2033-01-28,206.871,0.0,206.871
2782,SUSC,2021-12-31,WORST,2033-01-31,1514.559,0.0,1514.559
2783,SUSC,2021-12-31,WORST,2033-02-01,9123.25,0.0,9123.25
2784,SUSC,2021-12-31,WORST,2033-02-02,132.53,0.0,132.53
2785,SUSC,2021-12-31,WORST,2033-02-03,242.417,0.0,242.417
2786,SUSC,2021-12-31,WORST,2033-02-04,387.214,0.0,387.214
2787,SUSC,2021-12-31,WORST,2033-02-07,1227.559,0.0,1227.559
2788,SUSC,2021-12-31,WORST,2033-02-08,606.853,0.0,606.853
2789,SUSC,2021-12-31,WORST,2033-02-09,330.06,0.0,330.06
2790,SUSC,2021-12-31,WORST,2033-02-10,1064.443,0.0,1064.443
2791,SUSC,2021-12-31,WORST,2033-02-11,182.304,0.0,182.304
2792,SUSC,2021-12-31,WORST,2033-02-14,1120.696,0.0,1120.696
2793,SUSC,2021-12-31,WORST,2033-02-15,11007.753,15391.566,26399.319
2794,SUSC,2021-12-31,WORST,2033-02-16,270.004,0.0,270.004
2795,SUSC,2021-12-31,WORST,2033-02-17,399.285,0.0,399.285
2796,SUSC,2021-12-31,WORST,2033-02-18,232.53,0.0,232.53
2797,SUSC,2021-12-31,WORST,2033-02-22,2376.261,1415.663,3791.924
2798,SUSC,2021-12-31,WORST,2033-02-23,455.196,0.0,455.196
2799,SUSC,2021-12-31,WORST,2033-02-24,152.259,0.0,152.259
2800,SUSC,2021-12-31,WORST,2033-02-25,412.526,0.0,412.526
2801,SUSC,2021-12-31,WORST,2033-02-28,794.831,0.0,794.831
2802,SUSC,2021-12-31,WORST,2033-03-01,11852.231,1295.181,13147.412
2803,SUSC,2021-12-31,WORST,2033-03-02,98.788,0.0,98.788
2804,SUSC,2021-12-31,WORST,2033-03-03,350.508,0.0,350.508
2805,SUSC,2021-12-31,WORST,2033-03-04,382.892,0.0,382.892
2806,SUSC,2021-12-31,WORST,2033-03-07,727.37,0.0,727.37
2807,SUSC,2021-12-31,WORST,2033-03-08,269.286,0.0,269.286
2808,SUSC,2021-12-31,WORST,2033-03-09,328.08,0.0,328.08
2809,SUSC,2021-12-31,WORST,2033-03-10,115.889,0.0,115.889
2810,SUSC,2021-12-31,WORST,2033-03-11,259.514,0.0,259.514
2811,SUSC,2021-12-31,WORST,2033-03-14,1227.393,0.0,1227.393
2812,SUSC,2021-12-31,WORST,2033-03-15,17909.731,12138.554,30048.285
2813,SUSC,2021-12-31,WORST,2033-03-16,482.907,0.0,482.907
2814,SUSC,2021-12-31,WORST,2033-03-17,1134.28,0.0,1134.28
2815,SUSC,2021-12-31,WORST,2033-03-18,265.934,0.0,265.934
2816,SUSC,2021-12-31,WORST,2033-03-21,1783.283,0.0,1783.283
2817,SUSC,2021-12-31,WORST,2033-03-22,837.538,0.0,837.538
2818,SUSC,2021-12-31,WORST,2033-03-23,307.549,0.0,307.549
2819,SUSC,2021-12-31,WORST,2033-03-24,223.024,0.0,223.024
2820,SUSC,2021-12-31,WORST,2033-03-25,2377.821,0.0,2377.821
2821,SUSC,2021-12-31,WORST,2033-03-28,855.569,0.0,855.569
2822,SUSC,2021-12-31,WORST,2033-03-29,9.413,0.0,9.413
2823,SUSC,2021-12-31,WORST,2033-03-30,914.857,0.0,914.857
2824,SUSC,2021-12-31,WORST,2033-03-31,338.178,0.0,338.178
2825,SUSC,2021-12-31,WORST,2033-04-01,13455.267,0.0,13455.267
2826,SUSC,2021-12-31,WORST,2033-04-04,526.675,0.0,526.675
2827,SUSC,2021-12-31,WORST,2033-04-05,319.587,0.0,319.587
2828,SUSC,2021-12-31,WORST,2033-04-06,279.912,0.0,279.912
2829,SUSC,2021-12-31,WORST,2033-04-11,106.024,0.0,106.024
2830,SUSC,2021-12-31,WORST,2033-04-14,422.214,0.0,422.214
2831,SUSC,2021-12-31,WORST,2033-04-15,11057.612,0.0,11057.612
2832,SUSC,2021-12-31,WORST,2033-04-18,359.37,0.0,359.37
2833,SUSC,2021-12-31,WORST,2033-04-19,734.33,0.0,734.33
2834,SUSC,2021-12-31,WORST,2033-04-20,139.307,0.0,139.307
2835,SUSC,2021-12-31,WORST,2033-04-21,314.458,0.0,314.458
2836,SUSC,2021-12-31,WORST,2033-04-22,586.443,0.0,586.443
2837,SUSC,2021-12-31,WORST,2033-04-25,2139.295,0.0,2139.295
2838,SUSC,2021-12-31,WORST,2033-04-26,213.14,0.0,213.14
2839,SUSC,2021-12-31,WORST,2033-04-27,490.281,0.0,490.281
2840,SUSC,2021-12-31,WORST,2033-04-28,73.908,0.0,73.908
2841,SUSC,2021-12-31,WORST,2033-04-29,153.614,0.0,153.614
2842,SUSC,2021-12-31,WORST,2033-05-02,9372.313,0.0,9372.313
2843,SUSC,2021-12-31,WORST,2033-05-03,884.189,0.0,884.189
2844,SUSC,2021-12-31,WORST,2033-05-04,380.512,0.0,380.512
2845,SUSC,2021-12-31,WORST,2033-05-06,633.532,0.0,633.532
2846,SUSC,2021-12-31,WORST,2033-05-09,250.309,0.0,250.309
2847,SUSC,2021-12-31,WORST,2033-05-10,164.334,0.0,164.334
2848,SUSC,2021-12-31,WORST,2033-05-11,586.302,0.0,586.302
2849,SUSC,2021-12-31,WORST,2033-05-12,126.845,0.0,126.845
2850,SUSC,2021-12-31,WORST,2033-05-13,642.639,0.0,642.639
2851,SUSC,2021-12-31,WORST,2033-05-16,19736.056,23192.771,42928.828
2852,SUSC,2021-12-31,WORST,2033-05-17,212.892,0.0,212.892
2853,SUSC,2021-12-31,WORST,2033-05-18,223.26,0.0,223.26
2854,SUSC,2021-12-31,WORST,2033-05-19,179.631,0.0,179.631
2855,SUSC,2021-12-31,WORST,2033-05-20,552.218,0.0,552.218
2856,SUSC,2021-12-31,WORST,2033-05-23,1202.802,0.0,1202.802
2857,SUSC,2021-12-31,WORST,2033-05-24,264.872,0.0,264.872
2858,SUSC,2021-12-31,WORST,2033-05-25,159.142,0.0,159.142
2859,SUSC,2021-12-31,WORST,2033-05-26,85.904,0.0,85.904
2860,SUSC,2021-12-31,WORST,2033-05-27,146.099,0.0,146.099
2861,SUSC,2021-12-31,WORST,2033-05-31,2499.548,0.0,2499.548
2862,SUSC,2021-12-31,WORST,2033-06-01,9904.753,2650.602,12555.355
2863,SUSC,2021-12-31,WORST,2033-06-02,112.093,0.0,112.093
2864,SUSC,2021-12-31,WORST,2033-06-03,534.262,0.0,534.262
2865,SUSC,2021-12-31,WORST,2033-06-06,1362.477,5150.602,6513.08
2866,SUSC,2021-12-31,WORST,2033-06-07,283.622,0.0,283.622
2867,SUSC,2021-12-31,WORST,2033-06-08,136.651,0.0,136.651
2868,SUSC,2021-12-31,WORST,2033-06-09,448.509,0.0,448.509
2869,SUSC,2021-12-31,WORST,2033-06-10,551.355,0.0,551.355
2870,SUSC,2021-12-31,WORST,2033-06-14,665.64,0.0,665.64
2871,SUSC,2021-12-31,WORST,2033-06-15,11517.85,0.0,11517.85
2872,SUSC,2021-12-31,WORST,2033-06-16,350.377,0.0,350.377
2873,SUSC,2021-12-31,WORST,2033-06-17,108.66,0.0,108.66
2874,SUSC,2021-12-31,WORST,2033-06-20,796.616,0.0,796.616
2875,SUSC,2021-12-31,WORST,2033-06-21,126.28,0.0,126.28
2876,SUSC,2021-12-31,WORST,2033-06-22,159.804,0.0,159.804
2877,SUSC,2021-12-31,WORST,2033-06-23,158.923,0.0,158.923
2878,SUSC,2021-12-31,WORST,2033-06-24,69.277,0.0,69.277
2879,SUSC,2021-12-31,WORST,2033-06-27,9.714,0.0,9.714
2880,SUSC,2021-12-31,WORST,2033-06-29,120.762,0.0,120.762
2881,SUSC,2021-12-31,WORST,2033-06-30,260.15,0.0,260.15
2882,SUSC,2021-12-31,WORST,2033-07-01,1287.941,0.0,1287.941
2883,SUSC,2021-12-31,WORST,2033-07-05,425.388,0.0,425.388
2884,SUSC,2021-12-31,WORST,2033-07-06,285.452,0.0,285.452
2885,SUSC,2021-12-31,WORST,2033-07-08,720.7,0.0,720.7
2886,SUSC,2021-12-31,WORST,2033-07-11,965.937,0.0,965.937
2887,SUSC,2021-12-31,WORST,2033-07-12,128.224,0.0,128.224
2888,SUSC,2021-12-31,WORST,2033-07-13,675.203,0.0,675.203
2889,SUSC,2021-12-31,WORST,2033-07-14,378.844,0.0,378.844
2890,SUSC,2021-12-31,WORST,2033-07-15,13017.489,10150.602,23168.091
2891,SUSC,2021-12-31,WORST,2033-07-18,601.566,0.0,601.566
2892,SUSC,2021-12-31,WORST,2033-07-19,138.403,0.0,138.403
2893,SUSC,2021-12-31,WORST,2033-07-20,1201.128,0.0,1201.128
2894,SUSC,2021-12-31,WORST,2033-07-21,436.551,0.0,436.551
2895,SUSC,2021-12-31,WORST,2033-07-22,591.195,0.0,591.195
2896,SUSC,2021-12-31,WORST,2033-07-25,3293.461,0.0,3293.461
2897,SUSC,2021-12-31,WORST,2033-07-26,199.086,0.0,199.086
2898,SUSC,2021-12-31,WORST,2033-07-27,492.169,0.0,492.169
2899,SUSC,2021-12-31,WORST,2033-07-28,206.871,0.0,206.871
2900,SUSC,2021-12-31,WORST,2033-07-29,826.2,9036.145,9862.345
2901,SUSC,2021-12-31,WORST,2033-08-01,9888.416,3222.892,13111.308
2902,SUSC,2021-12-31,WORST,2033-08-02,132.53,0.0,132.53
2903,SUSC,2021-12-31,WORST,2033-08-03,242.417,0.0,242.417
2904,SUSC,2021-12-31,WORST,2033-08-04,387.214,0.0,387.214
2905,SUSC,2021-12-31,WORST,2033-08-05,352.688,0.0,352.688
2906,SUSC,2021-12-31,WORST,2033-08-08,1481.723,0.0,1481.723
2907,SUSC,2021-12-31,WORST,2033-08-09,330.06,0.0,330.06
2908,SUSC,2021-12-31,WORST,2033-08-10,1064.443,35331.325,36395.768
2909,SUSC,2021-12-31,WORST,2033-08-11,182.304,0.0,182.304
2910,SUSC,2021-12-31,WORST,2033-08-12,785.078,0.0,785.078
2911,SUSC,2021-12-31,WORST,2033-08-15,10872.004,2710.843,13582.847
2912,SUSC,2021-12-31,WORST,2033-08-16,270.004,0.0,270.004
2913,SUSC,2021-12-31,WORST,2033-08-17,399.285,0.0,399.285
2914,SUSC,2021-12-31,WORST,2033-08-18,232.53,0.0,232.53
2915,SUSC,2021-12-31,WORST,2033-08-19,300.365,0.0,300.365
2916,SUSC,2021-12-31,WORST,2033-08-22,2034.311,0.0,2034.311
2917,SUSC,2021-12-31,WORST,2033-08-23,455.196,0.0,455.196
2918,SUSC,2021-12-31,WORST,2033-08-24,152.259,0.0,152.259
2919,SUSC,2021-12-31,WORST,2033-08-25,412.526,0.0,412.526
2920,SUSC,2021-12-31,WORST,2033-08-26,313.588,0.0,313.588
2921,SUSC,2021-12-31,WORST,2033-08-29,481.242,0.0,481.242
2922,SUSC,2021-12-31,WORST,2033-09-01,11807.709,0.0,11807.709
2923,SUSC,2021-12-31,WORST,2033-09-02,98.788,0.0,98.788
2924,SUSC,2021-12-31,WORST,2033-09-06,1022.648,0.0,1022.648
2925,SUSC,2021-12-31,WORST,2033-09-07,438.123,0.0,438.123
2926,SUSC,2021-12-31,WORST,2033-09-08,269.286,0.0,269.286
2927,SUSC,2021-12-31,WORST,2033-09-09,328.08,0.0,328.08
2928,SUSC,2021-12-31,WORST,2033-09-12,582.715,0.0,582.715
2929,SUSC,2021-12-31,WORST,2033-09-13,617.672,0.0,617.672
2930,SUSC,2021-12-31,WORST,2033-09-14,402.41,0.0,402.41
2931,SUSC,2021-12-31,WORST,2033-09-15,17559.237,0.0,17559.237
2932,SUSC,2021-12-31,WORST,2033-09-16,482.907,0.0,482.907
2933,SUSC,2021-12-31,WORST,2033-09-19,1945.755,0.0,1945.755
2934,SUSC,2021-12-31,WORST,2033-09-20,978.705,0.0,978.705
2935,SUSC,2021-12-31,WORST,2033-09-21,259.036,0.0,259.036
2936,SUSC,2021-12-31,WORST,2033-09-22,837.538,0.0,837.538
2937,SUSC,2021-12-31,WORST,2033-09-23,307.549,0.0,307.549
2938,SUSC,2021-12-31,WORST,2033-09-26,3078.667,0.0,3078.667
2939,SUSC,2021-12-31,WORST,2033-09-27,267.913,0.0,267.913
2940,SUSC,2021-12-31,WORST,2033-09-28,109.834,0.0,109.834
2941,SUSC,2021-12-31,WORST,2033-09-29,9.413,0.0,9.413
2942,SUSC,2021-12-31,WORST,2033-09-30,1253.035,0.0,1253.035
2943,SUSC,2021-12-31,WORST,2033-10-03,13981.943,6024.096,20006.039
2944,SUSC,2021-12-31,WORST,2033-10-05,319.587,0.0,319.587
2945,SUSC,2021-12-31,WORST,2033-10-06,279.912,0.0,279.912
2946,SUSC,2021-12-31,WORST,2033-10-11,106.024,0.0,106.024
2947,SUSC,2021-12-31,WORST,2033-10-14,422.214,0.0,422.214
2948,SUSC,2021-12-31,WORST,2033-10-17,12151.312,0.0,12151.312
2949,SUSC,2021-12-31,WORST,2033-10-20,139.307,0.0,139.307
2950,SUSC,2021-12-31,WORST,2033-10-21,314.458,0.0,314.458
2951,SUSC,2021-12-31,WORST,2033-10-24,2659.782,0.0,2659.782
2952,SUSC,2021-12-31,WORST,2033-10-25,65.956,0.0,65.956
2953,SUSC,2021-12-31,WORST,2033-10-26,213.14,0.0,213.14
2954,SUSC,2021-12-31,WORST,2033-10-27,490.281,0.0,490.281
2955,SUSC,2021-12-31,WORST,2033-10-28,73.908,0.0,73.908
2956,SUSC,2021-12-31,WORST,2033-10-31,907.154,2680.723,3587.877
2957,SUSC,2021-12-31,WORST,2033-11-01,8201.758,0.0,8201.758
2958,SUSC,2021-12-31,WORST,2033-11-02,736.325,0.0,736.325
2959,SUSC,2021-12-31,WORST,2033-11-03,411.265,0.0,411.265
2960,SUSC,2021-12-31,WORST,2033-11-04,380.512,0.0,380.512
2961,SUSC,2021-12-31,WORST,2033-11-07,751.152,0.0,751.152
2962,SUSC,2021-12-31,WORST,2033-11-08,6.589,0.0,6.589
2963,SUSC,2021-12-31,WORST,2033-11-09,126.099,0.0,126.099
2964,SUSC,2021-12-31,WORST,2033-11-10,164.334,0.0,164.334
2965,SUSC,2021-12-31,WORST,2033-11-14,3153.106,0.0,3153.106
2966,SUSC,2021-12-31,WORST,2033-11-15,16486.237,0.0,16486.237
2967,SUSC,2021-12-31,WORST,2033-11-16,806.619,0.0,806.619
2968,SUSC,2021-12-31,WORST,2033-11-17,212.892,0.0,212.892
2969,SUSC,2021-12-31,WORST,2033-11-18,223.26,0.0,223.26
2970,SUSC,2021-12-31,WORST,2033-11-21,1724.65,0.0,1724.65
2971,SUSC,2021-12-31,WORST,2033-11-22,80.663,0.0,80.663
2972,SUSC,2021-12-31,WORST,2033-11-23,129.337,0.0,129.337
2973,SUSC,2021-12-31,WORST,2033-11-25,424.014,0.0,424.014
2974,SUSC,2021-12-31,WORST,2033-11-28,289.608,0.0,289.608
2975,SUSC,2021-12-31,WORST,2033-11-29,234.525,0.0,234.525
2976,SUSC,2021-12-31,WORST,2033-11-30,2207.417,0.0,2207.417
2977,SUSC,2021-12-31,WORST,2033-12-01,9886.438,9728.916,19615.354
2978,SUSC,2021-12-31,WORST,2033-12-02,112.093,0.0,112.093
2979,SUSC,2021-12-31,WORST,2033-12-05,1152.064,0.0,1152.064
2980,SUSC,2021-12-31,WORST,2033-12-06,632.006,0.0,632.006
2981,SUSC,2021-12-31,WORST,2033-12-07,283.622,0.0,283.622
2982,SUSC,2021-12-31,WORST,2033-12-08,136.651,0.0,136.651
2983,SUSC,2021-12-31,WORST,2033-12-09,448.509,0.0,448.509
2984,SUSC,2021-12-31,WORST,2033-12-12,551.355,0.0,551.355
2985,SUSC,2021-12-31,WORST,2033-12-14,665.64,0.0,665.64
2986,SUSC,2021-12-31,WORST,2033-12-15,11517.85,7379.518,18897.368
2987,SUSC,2021-12-31,WORST,2033-12-16,350.377,0.0,350.377
2988,SUSC,2021-12-31,WORST,2033-12-19,271.942,0.0,271.942
2989,SUSC,2021-12-31,WORST,2033-12-20,633.334,0.0,633.334
2990,SUSC,2021-12-31,WORST,2033-12-21,126.28,0.0,126.28
2991,SUSC,2021-12-31,WORST,2033-12-22,159.804,0.0,159.804
2992,SUSC,2021-12-31,WORST,2033-12-23,158.923,0.0,158.923
2993,SUSC,2021-12-31,WORST,2033-12-27,78.991,0.0,78.991
2994,SUSC,2021-12-31,WORST,2033-12-29,120.762,0.0,120.762
2995,SUSC,2021-12-31,WORST,2033-12-30,260.15,0.0,260.15
2996,SUSC,2021-12-31,WORST,2034-01-03,1713.328,0.0,1713.328
2997,SUSC,2021-12-31,WORST,2034-01-06,285.452,0.0,285.452
2998,SUSC,2021-12-31,WORST,2034-01-09,990.892,8945.783,9936.675
2999,SUSC,2021-12-31,WORST,2034-01-10,695.745,0.0,695.745
3000,SUSC,2021-12-31,WORST,2034-01-12,128.224,0.0,128.224
3001,SUSC,2021-12-31,WORST,2034-01-13,675.203,0.0,675.203
3002,SUSC,2021-12-31,WORST,2034-01-15,10.848,1265.06,1275.908
3003,SUSC,2021-12-31,WORST,2034-01-17,13616.725,9126.506,22743.231
3004,SUSC,2021-12-31,WORST,2034-01-18,138.403,0.0,138.403
3005,SUSC,2021-12-31,WORST,2034-01-20,1201.128,0.0,1201.128
3006,SUSC,2021-12-31,WORST,2034-01-23,2737.354,0.0,2737.354
3007,SUSC,2021-12-31,WORST,2034-01-24,1176.969,0.0,1176.969
3008,SUSC,2021-12-31,WORST,2034-01-25,406.884,0.0,406.884
3009,SUSC,2021-12-31,WORST,2034-01-26,199.086,0.0,199.086
3010,SUSC,2021-12-31,WORST,2034-01-27,492.169,0.0,492.169
3011,SUSC,2021-12-31,WORST,2034-01-30,1482.198,0.0,1482.198
3012,SUSC,2021-12-31,WORST,2034-01-31,239.232,0.0,239.232
3013,SUSC,2021-12-31,WORST,2034-02-01,9028.578,0.0,9028.578
3014,SUSC,2021-12-31,WORST,2034-02-02,132.53,0.0,132.53
3015,SUSC,2021-12-31,WORST,2034-02-03,242.417,0.0,242.417
3016,SUSC,2021-12-31,WORST,2034-02-06,1101.143,0.0,1101.143
3017,SUSC,2021-12-31,WORST,2034-02-07,513.63,0.0,513.63
3018,SUSC,2021-12-31,WORST,2034-02-08,606.853,0.0,606.853
3019,SUSC,2021-12-31,WORST,2034-02-09,330.06,0.0,330.06
3020,SUSC,2021-12-31,WORST,2034-02-10,269.488,0.0,269.488
3021,SUSC,2021-12-31,WORST,2034-02-13,1099.122,0.0,1099.122
3022,SUSC,2021-12-31,WORST,2034-02-14,203.878,0.0,203.878
3023,SUSC,2021-12-31,WORST,2034-02-15,10437.441,11656.627,22094.067
3024,SUSC,2021-12-31,WORST,2034-02-16,270.004,0.0,270.004
3025,SUSC,2021-12-31,WORST,2034-02-17,399.285,0.0,399.285
3026,SUSC,2021-12-31,WORST,2034-02-21,1828.549,0.0,1828.549
3027,SUSC,2021-12-31,WORST,2034-02-22,738.657,0.0,738.657
3028,SUSC,2021-12-31,WORST,2034-02-23,455.196,0.0,455.196
3029,SUSC,2021-12-31,WORST,2034-02-24,152.259,0.0,152.259
3030,SUSC,2021-12-31,WORST,2034-02-27,1008.607,0.0,1008.607
3031,SUSC,2021-12-31,WORST,2034-02-28,198.75,0.0,198.75
3032,SUSC,2021-12-31,WORST,2034-03-01,11702.532,0.0,11702.532
3033,SUSC,2021-12-31,WORST,2034-03-02,98.788,0.0,98.788
3034,SUSC,2021-12-31,WORST,2034-03-03,350.508,0.0,350.508
3035,SUSC,2021-12-31,WORST,2034-03-06,672.139,0.0,672.139
3036,SUSC,2021-12-31,WORST,2034-03-07,438.123,0.0,438.123
3037,SUSC,2021-12-31,WORST,2034-03-08,269.286,0.0,269.286
3038,SUSC,2021-12-31,WORST,2034-03-09,328.08,0.0,328.08
3039,SUSC,2021-12-31,WORST,2034-03-10,115.889,0.0,115.889
3040,SUSC,2021-12-31,WORST,2034-03-13,1084.498,0.0,1084.498
3041,SUSC,2021-12-31,WORST,2034-03-14,402.41,0.0,402.41
3042,SUSC,2021-12-31,WORST,2034-03-15,17559.237,0.0,17559.237
3043,SUSC,2021-12-31,WORST,2034-03-16,482.907,0.0,482.907
3044,SUSC,2021-12-31,WORST,2034-03-17,1134.28,0.0,1134.28
3045,SUSC,2021-12-31,WORST,2034-03-20,1790.181,0.0,1790.181
3046,SUSC,2021-12-31,WORST,2034-03-21,259.036,0.0,259.036
3047,SUSC,2021-12-31,WORST,2034-03-22,837.538,0.0,837.538
3048,SUSC,2021-12-31,WORST,2034-03-23,307.549,0.0,307.549
3049,SUSC,2021-12-31,WORST,2034-03-24,223.024,0.0,223.024
3050,SUSC,2021-12-31,WORST,2034-03-27,3123.556,0.0,3123.556
3051,SUSC,2021-12-31,WORST,2034-03-28,109.834,0.0,109.834
3052,SUSC,2021-12-31,WORST,2034-03-29,9.413,0.0,9.413
3053,SUSC,2021-12-31,WORST,2034-03-30,914.857,0.0,914.857
3054,SUSC,2021-12-31,WORST,2034-03-31,338.178,3765.06,4103.238
3055,SUSC,2021-12-31,WORST,2034-04-03,13908.148,8945.783,22853.931
3056,SUSC,2021-12-31,WORST,2034-04-05,319.587,0.0,319.587
3057,SUSC,2021-12-31,WORST,2034-04-06,279.912,0.0,279.912
3058,SUSC,2021-12-31,WORST,2034-04-10,106.024,0.0,106.024
3059,SUSC,2021-12-31,WORST,2034-04-14,422.214,0.0,422.214
3060,SUSC,2021-12-31,WORST,2034-04-17,12129.37,1626.506,13755.876
3061,SUSC,2021-12-31,WORST,2034-04-20,139.307,0.0,139.307
3062,SUSC,2021-12-31,WORST,2034-04-21,314.458,0.0,314.458
3063,SUSC,2021-12-31,WORST,2034-04-24,2659.782,0.0,2659.782
3064,SUSC,2021-12-31,WORST,2034-04-25,65.956,0.0,65.956
3065,SUSC,2021-12-31,WORST,2034-04-26,213.14,0.0,213.14
3066,SUSC,2021-12-31,WORST,2034-04-27,490.281,0.0,490.281
3067,SUSC,2021-12-31,WORST,2034-04-28,73.908,0.0,73.908
3068,SUSC,2021-12-31,WORST,2034-05-01,8850.024,18132.53,26982.554
3069,SUSC,2021-12-31,WORST,2034-05-02,914.791,0.0,914.791
3070,SUSC,2021-12-31,WORST,2034-05-03,411.265,0.0,411.265
3071,SUSC,2021-12-31,WORST,2034-05-04,380.512,0.0,380.512
3072,SUSC,2021-12-31,WORST,2034-05-08,757.741,0.0,757.741
3073,SUSC,2021-12-31,WORST,2034-05-09,126.099,0.0,126.099
3074,SUSC,2021-12-31,WORST,2034-05-10,164.334,0.0,164.334
3075,SUSC,2021-12-31,WORST,2034-05-11,586.302,0.0,586.302
3076,SUSC,2021-12-31,WORST,2034-05-12,126.845,0.0,126.845
3077,SUSC,2021-12-31,WORST,2034-05-15,18926.196,5602.41,24528.605
3078,SUSC,2021-12-31,WORST,2034-05-16,806.619,0.0,806.619
3079,SUSC,2021-12-31,WORST,2034-05-17,212.892,0.0,212.892
3080,SUSC,2021-12-31,WORST,2034-05-18,223.26,0.0,223.26
3081,SUSC,2021-12-31,WORST,2034-05-19,179.631,0.0,179.631
3082,SUSC,2021-12-31,WORST,2034-05-22,1625.682,3945.783,5571.465
3083,SUSC,2021-12-31,WORST,2034-05-23,129.337,0.0,129.337
3084,SUSC,2021-12-31,WORST,2034-05-24,264.872,0.0,264.872
3085,SUSC,2021-12-31,WORST,2034-05-25,159.142,0.0,159.142
3086,SUSC,2021-12-31,WORST,2034-05-26,85.904,0.0,85.904
3087,SUSC,2021-12-31,WORST,2034-05-30,2267.966,2560.241,4828.207
3088,SUSC,2021-12-31,WORST,2034-05-31,377.681,0.0,377.681
3089,SUSC,2021-12-31,WORST,2034-06-01,9665.476,6204.819,15870.295
3090,SUSC,2021-12-31,WORST,2034-06-02,112.093,0.0,112.093
3091,SUSC,2021-12-31,WORST,2034-06-05,1152.064,2560.241,3712.305
3092,SUSC,2021-12-31,WORST,2034-06-06,632.006,0.0,632.006
3093,SUSC,2021-12-31,WORST,2034-06-07,283.622,0.0,283.622
3094,SUSC,2021-12-31,WORST,2034-06-08,136.651,0.0,136.651
3095,SUSC,2021-12-31,WORST,2034-06-09,448.509,0.0,448.509
3096,SUSC,2021-12-31,WORST,2034-06-12,551.355,0.0,551.355
3097,SUSC,2021-12-31,WORST,2034-06-14,665.64,0.0,665.64
3098,SUSC,2021-12-31,WORST,2034-06-15,11291.852,753.012,12044.864
3099,SUSC,2021-12-31,WORST,2034-06-16,350.377,0.0,350.377
3100,SUSC,2021-12-31,WORST,2034-06-19,271.942,0.0,271.942
3101,SUSC,2021-12-31,WORST,2034-06-20,633.334,0.0,633.334
3102,SUSC,2021-12-31,WORST,2034-06-21,126.28,0.0,126.28
3103,SUSC,2021-12-31,WORST,2034-06-22,159.804,0.0,159.804
3104,SUSC,2021-12-31,WORST,2034-06-23,158.923,0.0,158.923
3105,SUSC,2021-12-31,WORST,2034-06-26,78.991,0.0,78.991
3106,SUSC,2021-12-31,WORST,2034-06-29,120.762,0.0,120.762
3107,SUSC,2021-12-31,WORST,2034-06-30,260.15,0.0,260.15
3108,SUSC,2021-12-31,WORST,2034-07-03,1713.328,0.0,1713.328
3109,SUSC,2021-12-31,WORST,2034-07-06,285.452,0.0,285.452
3110,SUSC,2021-12-31,WORST,2034-07-10,1494.303,0.0,1494.303
3111,SUSC,2021-12-31,WORST,2034-07-12,128.224,0.0,128.224
3112,SUSC,2021-12-31,WORST,2034-07-13,675.203,0.0,675.203
3113,SUSC,2021-12-31,WORST,2034-07-14,378.844,0.0,378.844
3114,SUSC,2021-12-31,WORST,2034-07-17,12985.621,5210.843,18196.465
3115,SUSC,2021-12-31,WORST,2034-07-18,138.403,0.0,138.403
3116,SUSC,2021-12-31,WORST,2034-07-20,1201.128,0.0,1201.128
3117,SUSC,2021-12-31,WORST,2034-07-21,436.551,0.0,436.551
3118,SUSC,2021-12-31,WORST,2034-07-24,3477.772,0.0,3477.772
3119,SUSC,2021-12-31,WORST,2034-07-25,406.884,0.0,406.884
3120,SUSC,2021-12-31,WORST,2034-07-26,199.086,0.0,199.086
3121,SUSC,2021-12-31,WORST,2034-07-27,492.169,0.0,492.169
3122,SUSC,2021-12-31,WORST,2034-07-28,206.871,0.0,206.871
3123,SUSC,2021-12-31,WORST,2034-07-31,1514.559,0.0,1514.559
3124,SUSC,2021-12-31,WORST,2034-08-01,9028.578,3975.904,13004.481
3125,SUSC,2021-12-31,WORST,2034-08-02,132.53,0.0,132.53
3126,SUSC,2021-12-31,WORST,2034-08-03,242.417,0.0,242.417
3127,SUSC,2021-12-31,WORST,2034-08-04,387.214,0.0,387.214
3128,SUSC,2021-12-31,WORST,2034-08-07,1227.559,0.0,1227.559
3129,SUSC,2021-12-31,WORST,2034-08-08,606.853,0.0,606.853
3130,SUSC,2021-12-31,WORST,2034-08-09,330.06,0.0,330.06
3131,SUSC,2021-12-31,WORST,2034-08-10,269.488,0.0,269.488
3132,SUSC,2021-12-31,WORST,2034-08-11,182.304,0.0,182.304
3133,SUSC,2021-12-31,WORST,2034-08-14,1120.696,19277.108,20397.804
3134,SUSC,2021-12-31,WORST,2034-08-15,10105.301,25000.0,35105.301
3135,SUSC,2021-12-31,WORST,2034-08-16,270.004,0.0,270.004
3136,SUSC,2021-12-31,WORST,2034-08-17,399.285,0.0,399.285
3137,SUSC,2021-12-31,WORST,2034-08-18,232.53,0.0,232.53
3138,SUSC,2021-12-31,WORST,2034-08-21,1596.019,0.0,1596.019
3139,SUSC,2021-12-31,WORST,2034-08-22,738.657,0.0,738.657
3140,SUSC,2021-12-31,WORST,2034-08-23,455.196,0.0,455.196
3141,SUSC,2021-12-31,WORST,2034-08-24,152.259,0.0,152.259
3142,SUSC,2021-12-31,WORST,2034-08-25,412.526,0.0,412.526
3143,SUSC,2021-12-31,WORST,2034-08-28,794.831,0.0,794.831
3144,SUSC,2021-12-31,WORST,2034-09-01,11702.532,0.0,11702.532
3145,SUSC,2021-12-31,WORST,2034-09-05,900.749,0.0,900.749
3146,SUSC,2021-12-31,WORST,2034-09-06,220.686,0.0,220.686
3147,SUSC,2021-12-31,WORST,2034-09-07,438.123,0.0,438.123
3148,SUSC,2021-12-31,WORST,2034-09-08,269.286,0.0,269.286
3149,SUSC,2021-12-31,WORST,2034-09-11,703.483,0.0,703.483
3150,SUSC,2021-12-31,WORST,2034-09-12,207.312,0.0,207.312
3151,SUSC,2021-12-31,WORST,2034-09-13,617.672,0.0,617.672
3152,SUSC,2021-12-31,WORST,2034-09-14,402.41,0.0,402.41
3153,SUSC,2021-12-31,WORST,2034-09-15,17559.237,6596.386,24155.623
3154,SUSC,2021-12-31,WORST,2034-09-18,1883.12,0.0,1883.12
3155,SUSC,2021-12-31,WORST,2034-09-19,545.542,0.0,545.542
3156,SUSC,2021-12-31,WORST,2034-09-20,978.705,0.0,978.705
3157,SUSC,2021-12-31,WORST,2034-09-21,259.036,0.0,259.036
3158,SUSC,2021-12-31,WORST,2034-09-22,837.538,0.0,837.538
3159,SUSC,2021-12-31,WORST,2034-09-25,2908.393,0.0,2908.393
3160,SUSC,2021-12-31,WORST,2034-09-26,477.822,0.0,477.822
3161,SUSC,2021-12-31,WORST,2034-09-27,267.913,0.0,267.913
3162,SUSC,2021-12-31,WORST,2034-09-28,109.834,0.0,109.834
3163,SUSC,2021-12-31,WORST,2034-09-29,9.413,0.0,9.413
3164,SUSC,2021-12-31,WORST,2034-10-02,14570.708,9698.795,24269.503
3165,SUSC,2021-12-31,WORST,2034-10-03,257.474,0.0,257.474
3166,SUSC,2021-12-31,WORST,2034-10-05,319.587,0.0,319.587
3167,SUSC,2021-12-31,WORST,2034-10-06,279.912,0.0,279.912
3168,SUSC,2021-12-31,WORST,2034-10-10,106.024,0.0,106.024
3169,SUSC,2021-12-31,WORST,2034-10-16,12343.316,361.446,12704.761
3170,SUSC,2021-12-31,WORST,2034-10-17,164.556,0.0,164.556
3171,SUSC,2021-12-31,WORST,2034-10-20,139.307,0.0,139.307
3172,SUSC,2021-12-31,WORST,2034-10-23,2453.722,0.0,2453.722
3173,SUSC,2021-12-31,WORST,2034-10-24,520.517,0.0,520.517
3174,SUSC,2021-12-31,WORST,2034-10-25,65.956,0.0,65.956
3175,SUSC,2021-12-31,WORST,2034-10-26,213.14,0.0,213.14
3176,SUSC,2021-12-31,WORST,2034-10-27,490.281,10030.12,10520.402
3177,SUSC,2021-12-31,WORST,2034-10-30,722.174,0.0,722.174
3178,SUSC,2021-12-31,WORST,2034-10-31,178.466,0.0,178.466
3179,SUSC,2021-12-31,WORST,2034-11-01,7758.859,0.0,7758.859
3180,SUSC,2021-12-31,WORST,2034-11-02,736.325,0.0,736.325
3181,SUSC,2021-12-31,WORST,2034-11-03,411.265,0.0,411.265
3182,SUSC,2021-12-31,WORST,2034-11-06,1014.044,0.0,1014.044
3183,SUSC,2021-12-31,WORST,2034-11-07,117.62,0.0,117.62
3184,SUSC,2021-12-31,WORST,2034-11-08,6.589,0.0,6.589
3185,SUSC,2021-12-31,WORST,2034-11-09,126.099,0.0,126.099
3186,SUSC,2021-12-31,WORST,2034-11-10,164.334,0.0,164.334
3187,SUSC,2021-12-31,WORST,2034-11-13,1355.787,0.0,1355.787
3188,SUSC,2021-12-31,WORST,2034-11-14,1797.319,15512.048,17309.367
3189,SUSC,2021-12-31,WORST,2034-11-15,16355.981,20421.687,36777.668
3190,SUSC,2021-12-31,WORST,2034-11-16,806.619,0.0,806.619
3191,SUSC,2021-12-31,WORST,2034-11-17,212.892,0.0,212.892
3192,SUSC,2021-12-31,WORST,2034-11-20,955.108,0.0,955.108
3193,SUSC,2021-12-31,WORST,2034-11-21,909.94,0.0,909.94
3194,SUSC,2021-12-31,WORST,2034-11-22,80.663,0.0,80.663
3195,SUSC,2021-12-31,WORST,2034-11-24,394.209,0.0,394.209
3196,SUSC,2021-12-31,WORST,2034-11-27,391.145,0.0,391.145
3197,SUSC,2021-12-31,WORST,2034-11-29,234.525,0.0,234.525
3198,SUSC,2021-12-31,WORST,2034-11-30,2207.417,0.0,2207.417
3199,SUSC,2021-12-31,WORST,2034-12-01,9501.048,0.0,9501.048
3200,SUSC,2021-12-31,WORST,2034-12-04,805.099,0.0,805.099
3201,SUSC,2021-12-31,WORST,2034-12-05,397.613,0.0,397.613
3202,SUSC,2021-12-31,WORST,2034-12-06,632.006,0.0,632.006
3203,SUSC,2021-12-31,WORST,2034-12-07,283.622,0.0,283.622
3204,SUSC,2021-12-31,WORST,2034-12-08,136.651,0.0,136.651
3205,SUSC,2021-12-31,WORST,2034-12-11,999.864,0.0,999.864
3206,SUSC,2021-12-31,WORST,2034-12-14,665.64,0.0,665.64
3207,SUSC,2021-12-31,WORST,2034-12-15,11267.85,12439.759,23707.609
3208,SUSC,2021-12-31,WORST,2034-12-18,459.036,0.0,459.036
3209,SUSC,2021-12-31,WORST,2034-12-19,163.282,0.0,163.282
3210,SUSC,2021-12-31,WORST,2034-12-20,633.334,0.0,633.334
3211,SUSC,2021-12-31,WORST,2034-12-21,126.28,0.0,126.28
3212,SUSC,2021-12-31,WORST,2034-12-22,159.804,0.0,159.804
3213,SUSC,2021-12-31,WORST,2034-12-26,237.914,0.0,237.914
3214,SUSC,2021-12-31,WORST,2034-12-29,120.762,0.0,120.762
3215,SUSC,2021-12-31,WORST,2035-01-02,1973.478,0.0,1973.478
3216,SUSC,2021-12-31,WORST,2035-01-08,813.818,0.0,813.818
3217,SUSC,2021-12-31,WORST,2035-01-09,519.608,0.0,519.608
3218,SUSC,2021-12-31,WORST,2035-01-10,446.329,3734.94,4181.269
3219,SUSC,2021-12-31,WORST,2035-01-12,128.224,0.0,128.224
3220,SUSC,2021-12-31,WORST,2035-01-16,13699.68,0.0,13699.68
3221,SUSC,2021-12-31,WORST,2035-01-17,239.029,0.0,239.029
3222,SUSC,2021-12-31,WORST,2035-01-18,138.403,0.0,138.403
3223,SUSC,2021-12-31,WORST,2035-01-22,2228.875,13885.542,16114.417
3224,SUSC,2021-12-31,WORST,2035-01-23,1709.608,0.0,1709.608
3225,SUSC,2021-12-31,WORST,2035-01-24,1176.969,0.0,1176.969
3226,SUSC,2021-12-31,WORST,2035-01-25,406.884,0.0,406.884
3227,SUSC,2021-12-31,WORST,2035-01-26,199.086,0.0,199.086
3228,SUSC,2021-12-31,WORST,2035-01-29,1356.822,0.0,1356.822
3229,SUSC,2021-12-31,WORST,2035-01-30,617.545,0.0,617.545
3230,SUSC,2021-12-31,WORST,2035-01-31,239.232,0.0,239.232
3231,SUSC,2021-12-31,WORST,2035-02-01,8896.707,2560.241,11456.948
3232,SUSC,2021-12-31,WORST,2035-02-02,132.53,0.0,132.53
3233,SUSC,2021-12-31,WORST,2035-02-05,982.319,0.0,982.319
3234,SUSC,2021-12-31,WORST,2035-02-06,361.241,0.0,361.241
3235,SUSC,2021-12-31,WORST,2035-02-07,513.63,0.0,513.63
3236,SUSC,2021-12-31,WORST,2035-02-08,606.853,0.0,606.853
3237,SUSC,2021-12-31,WORST,2035-02-09,330.06,0.0,330.06
3238,SUSC,2021-12-31,WORST,2035-02-12,899.521,0.0,899.521
3239,SUSC,2021-12-31,WORST,2035-02-13,131.739,0.0,131.739
3240,SUSC,2021-12-31,WORST,2035-02-14,203.878,0.0,203.878
3241,SUSC,2021-12-31,WORST,2035-02-15,9295.964,2018.072,11314.036
3242,SUSC,2021-12-31,WORST,2035-02-16,270.004,0.0,270.004
3243,SUSC,2021-12-31,WORST,2035-02-20,1259.936,0.0,1259.936
3244,SUSC,2021-12-31,WORST,2035-02-21,967.897,0.0,967.897
3245,SUSC,2021-12-31,WORST,2035-02-22,738.657,0.0,738.657
3246,SUSC,2021-12-31,WORST,2035-02-23,455.196,0.0,455.196
3247,SUSC,2021-12-31,WORST,2035-02-25,2.135,1746.988,1749.123
3248,SUSC,2021-12-31,WORST,2035-02-26,878.373,0.0,878.373
3249,SUSC,2021-12-31,WORST,2035-02-27,282.492,0.0,282.492
3250,SUSC,2021-12-31,WORST,2035-02-28,198.75,0.0,198.75
3251,SUSC,2021-12-31,WORST,2035-03-01,11702.532,16024.096,27726.629
3252,SUSC,2021-12-31,WORST,2035-03-02,98.788,0.0,98.788
3253,SUSC,2021-12-31,WORST,2035-03-05,801.962,0.0,801.962
3254,SUSC,2021-12-31,WORST,2035-03-06,220.686,0.0,220.686
3255,SUSC,2021-12-31,WORST,2035-03-07,438.123,0.0,438.123
3256,SUSC,2021-12-31,WORST,2035-03-08,269.286,0.0,269.286
3257,SUSC,2021-12-31,WORST,2035-03-09,328.08,0.0,328.08
3258,SUSC,2021-12-31,WORST,2035-03-12,582.715,0.0,582.715
3259,SUSC,2021-12-31,WORST,2035-03-13,617.672,0.0,617.672
3260,SUSC,2021-12-31,WORST,2035-03-14,402.41,0.0,402.41
3261,SUSC,2021-12-31,WORST,2035-03-15,17371.647,19939.759,37311.406
3262,SUSC,2021-12-31,WORST,2035-03-16,482.907,0.0,482.907
3263,SUSC,2021-12-31,WORST,2035-03-19,1945.755,0.0,1945.755
3264,SUSC,2021-12-31,WORST,2035-03-20,978.705,0.0,978.705
3265,SUSC,2021-12-31,WORST,2035-03-21,259.036,0.0,259.036
3266,SUSC,2021-12-31,WORST,2035-03-22,837.538,0.0,837.538
3267,SUSC,2021-12-31,WORST,2035-03-23,307.549,0.0,307.549
3268,SUSC,2021-12-31,WORST,2035-03-26,3078.667,0.0,3078.667
3269,SUSC,2021-12-31,WORST,2035-03-27,267.913,0.0,267.913
3270,SUSC,2021-12-31,WORST,2035-03-28,109.834,0.0,109.834
3271,SUSC,2021-12-31,WORST,2035-03-29,9.413,0.0,9.413
3272,SUSC,2021-12-31,WORST,2035-03-30,914.857,0.0,914.857
3273,SUSC,2021-12-31,WORST,2035-04-02,13398.2,15662.651,29060.851
3274,SUSC,2021-12-31,WORST,2035-04-03,257.474,0.0,257.474
3275,SUSC,2021-12-31,WORST,2035-04-05,319.587,0.0,319.587
3276,SUSC,2021-12-31,WORST,2035-04-06,279.912,0.0,279.912
3277,SUSC,2021-12-31,WORST,2035-04-09,106.024,0.0,106.024
3278,SUSC,2021-12-31,WORST,2035-04-16,12331.297,24337.349,36668.647
3279,SUSC,2021-12-31,WORST,2035-04-17,164.556,0.0,164.556
3280,SUSC,2021-12-31,WORST,2035-04-20,139.307,0.0,139.307
3281,SUSC,2021-12-31,WORST,2035-04-23,2453.722,20030.12,22483.843
3282,SUSC,2021-12-31,WORST,2035-04-24,520.517,0.0,520.517
3283,SUSC,2021-12-31,WORST,2035-04-25,65.956,0.0,65.956
3284,SUSC,2021-12-31,WORST,2035-04-26,213.14,0.0,213.14
3285,SUSC,2021-12-31,WORST,2035-04-27,246.85,0.0,246.85
3286,SUSC,2021-12-31,WORST,2035-04-30,900.64,0.0,900.64
3287,SUSC,2021-12-31,WORST,2035-05-01,7758.859,451.807,8210.666
3288,SUSC,2021-12-31,WORST,2035-05-02,736.325,0.0,736.325
3289,SUSC,2021-12-31,WORST,2035-05-03,411.265,3463.855,3875.12
3290,SUSC,2021-12-31,WORST,2035-05-04,380.512,0.0,380.512
3291,SUSC,2021-12-31,WORST,2035-05-07,751.152,0.0,751.152
3292,SUSC,2021-12-31,WORST,2035-05-08,6.589,0.0,6.589
3293,SUSC,2021-12-31,WORST,2035-05-09,126.099,1686.747,1812.846
3294,SUSC,2021-12-31,WORST,2035-05-10,164.334,0.0,164.334
3295,SUSC,2021-12-31,WORST,2035-05-11,586.302,0.0,586.302
3296,SUSC,2021-12-31,WORST,2035-05-14,2217.782,0.0,2217.782
3297,SUSC,2021-12-31,WORST,2035-05-15,15917.638,9246.988,25164.626
3298,SUSC,2021-12-31,WORST,2035-05-16,806.619,0.0,806.619
3299,SUSC,2021-12-31,WORST,2035-05-17,212.892,0.0,212.892
3300,SUSC,2021-12-31,WORST,2035-05-18,223.26,0.0,223.26
3301,SUSC,2021-12-31,WORST,2035-05-21,1641.789,0.0,1641.789
3302,SUSC,2021-12-31,WORST,2035-05-22,80.663,0.0,80.663
3303,SUSC,2021-12-31,WORST,2035-05-23,129.337,0.0,129.337
3304,SUSC,2021-12-31,WORST,2035-05-24,264.872,0.0,264.872
3305,SUSC,2021-12-31,WORST,2035-05-25,159.142,0.0,159.142
3306,SUSC,2021-12-31,WORST,2035-05-29,466.528,0.0,466.528
3307,SUSC,2021-12-31,WORST,2035-05-30,1829.736,0.0,1829.736
3308,SUSC,2021-12-31,WORST,2035-05-31,377.681,0.0,377.681
3309,SUSC,2021-12-31,WORST,2035-06-01,9501.048,11204.819,20705.867
3310,SUSC,2021-12-31,WORST,2035-06-04,805.099,0.0,805.099
3311,SUSC,2021-12-31,WORST,2035-06-05,397.613,0.0,397.613
3312,SUSC,2021-12-31,WORST,2035-06-06,632.006,0.0,632.006
3313,SUSC,2021-12-31,WORST,2035-06-07,283.622,0.0,283.622
3314,SUSC,2021-12-31,WORST,2035-06-08,136.651,0.0,136.651
3315,SUSC,2021-12-31,WORST,2035-06-11,999.864,6114.458,7114.322
3316,SUSC,2021-12-31,WORST,2035-06-14,665.64,11536.145,12201.785
3317,SUSC,2021-12-31,WORST,2035-06-15,10929.845,16174.699,27104.544
3318,SUSC,2021-12-31,WORST,2035-06-18,459.036,0.0,459.036
3319,SUSC,2021-12-31,WORST,2035-06-19,163.282,0.0,163.282
3320,SUSC,2021-12-31,WORST,2035-06-20,633.334,0.0,633.334
3321,SUSC,2021-12-31,WORST,2035-06-21,126.28,0.0,126.28
3322,SUSC,2021-12-31,WORST,2035-06-22,159.804,0.0,159.804
3323,SUSC,2021-12-31,WORST,2035-06-25,228.2,0.0,228.2
3324,SUSC,2021-12-31,WORST,2035-06-26,9.714,0.0,9.714
3325,SUSC,2021-12-31,WORST,2035-06-29,120.762,0.0,120.762
3326,SUSC,2021-12-31,WORST,2035-07-02,1973.478,0.0,1973.478
3327,SUSC,2021-12-31,WORST,2035-07-06,285.452,0.0,285.452
3328,SUSC,2021-12-31,WORST,2035-07-09,1047.974,0.0,1047.974
3329,SUSC,2021-12-31,WORST,2035-07-10,358.558,0.0,358.558
3330,SUSC,2021-12-31,WORST,2035-07-12,128.224,0.0,128.224
3331,SUSC,2021-12-31,WORST,2035-07-13,675.203,0.0,675.203
3332,SUSC,2021-12-31,WORST,2035-07-16,13024.477,5993.976,19018.453
3333,SUSC,2021-12-31,WORST,2035-07-17,239.029,0.0,239.029
3334,SUSC,2021-12-31,WORST,2035-07-18,138.403,0.0,138.403
3335,SUSC,2021-12-31,WORST,2035-07-20,862.668,0.0,862.668
3336,SUSC,2021-12-31,WORST,2035-07-23,2737.354,0.0,2737.354
3337,SUSC,2021-12-31,WORST,2035-07-24,1176.969,0.0,1176.969
3338,SUSC,2021-12-31,WORST,2035-07-25,406.884,0.0,406.884
3339,SUSC,2021-12-31,WORST,2035-07-26,199.086,0.0,199.086
3340,SUSC,2021-12-31,WORST,2035-07-27,492.169,0.0,492.169
3341,SUSC,2021-12-31,WORST,2035-07-30,1482.198,0.0,1482.198
3342,SUSC,2021-12-31,WORST,2035-07-31,239.232,0.0,239.232
3343,SUSC,2021-12-31,WORST,2035-08-01,8845.201,25632.53,34477.731
3344,SUSC,2021-12-31,WORST,2035-08-02,132.53,0.0,132.53
3345,SUSC,2021-12-31,WORST,2035-08-03,242.417,0.0,242.417
3346,SUSC,2021-12-31,WORST,2035-08-06,1101.143,0.0,1101.143
3347,SUSC,2021-12-31,WORST,2035-08-07,513.63,0.0,513.63
3348,SUSC,2021-12-31,WORST,2035-08-08,606.853,0.0,606.853
3349,SUSC,2021-12-31,WORST,2035-08-09,330.06,0.0,330.06
3350,SUSC,2021-12-31,WORST,2035-08-10,269.488,0.0,269.488
3351,SUSC,2021-12-31,WORST,2035-08-13,761.773,0.0,761.773
3352,SUSC,2021-12-31,WORST,2035-08-14,203.878,0.0,203.878
3353,SUSC,2021-12-31,WORST,2035-08-15,9258.405,15421.687,24680.092
3354,SUSC,2021-12-31,WORST,2035-08-16,270.004,0.0,270.004
3355,SUSC,2021-12-31,WORST,2035-08-17,399.285,0.0,399.285
3356,SUSC,2021-12-31,WORST,2035-08-20,860.651,0.0,860.651
3357,SUSC,2021-12-31,WORST,2035-08-21,967.897,0.0,967.897
3358,SUSC,2021-12-31,WORST,2035-08-22,738.657,0.0,738.657
3359,SUSC,2021-12-31,WORST,2035-08-23,455.196,0.0,455.196
3360,SUSC,2021-12-31,WORST,2035-08-24,152.259,0.0,152.259
3361,SUSC,2021-12-31,WORST,2035-08-27,1008.607,0.0,1008.607
3362,SUSC,2021-12-31,WORST,2035-08-28,198.75,0.0,198.75
3363,SUSC,2021-12-31,WORST,2035-09-04,12158.259,3373.494,15531.753
3364,SUSC,2021-12-31,WORST,2035-09-05,68.562,0.0,68.562
3365,SUSC,2021-12-31,WORST,2035-09-06,220.686,0.0,220.686
3366,SUSC,2021-12-31,WORST,2035-09-07,438.123,0.0,438.123
3367,SUSC,2021-12-31,WORST,2035-09-10,713.254,0.0,713.254
3368,SUSC,2021-12-31,WORST,2035-09-11,259.514,0.0,259.514
3369,SUSC,2021-12-31,WORST,2035-09-12,207.312,0.0,207.312
3370,SUSC,2021-12-31,WORST,2035-09-13,617.672,0.0,617.672
3371,SUSC,2021-12-31,WORST,2035-09-14,402.41,0.0,402.41
3372,SUSC,2021-12-31,WORST,2035-09-17,18544.323,5210.843,23755.166
3373,SUSC,2021-12-31,WORST,2035-09-18,265.934,0.0,265.934
3374,SUSC,2021-12-31,WORST,2035-09-19,545.542,0.0,545.542
3375,SUSC,2021-12-31,WORST,2035-09-20,978.705,0.0,978.705
3376,SUSC,2021-12-31,WORST,2035-09-21,259.036,1204.819,1463.855
3377,SUSC,2021-12-31,WORST,2035-09-24,1368.11,0.0,1368.11
3378,SUSC,2021-12-31,WORST,2035-09-25,2377.821,0.0,2377.821
3379,SUSC,2021-12-31,WORST,2035-09-26,477.822,0.0,477.822
3380,SUSC,2021-12-31,WORST,2035-09-27,267.913,0.0,267.913
3381,SUSC,2021-12-31,WORST,2035-09-28,109.834,0.0,109.834
3382,SUSC,2021-12-31,WORST,2035-10-01,13619.868,17560.241,31180.109
3383,SUSC,2021-12-31,WORST,2035-10-02,269.202,0.0,269.202
3384,SUSC,2021-12-31,WORST,2035-10-03,257.474,0.0,257.474
3385,SUSC,2021-12-31,WORST,2035-10-05,319.587,0.0,319.587
3386,SUSC,2021-12-31,WORST,2035-10-09,385.936,0.0,385.936
3387,SUSC,2021-12-31,WORST,2035-10-15,11310.489,4156.627,15467.116
3388,SUSC,2021-12-31,WORST,2035-10-16,194.814,0.0,194.814
3389,SUSC,2021-12-31,WORST,2035-10-17,164.556,0.0,164.556
3390,SUSC,2021-12-31,WORST,2035-10-22,1040.208,0.0,1040.208
3391,SUSC,2021-12-31,WORST,2035-10-23,913.46,0.0,913.46
3392,SUSC,2021-12-31,WORST,2035-10-24,520.517,0.0,520.517
3393,SUSC,2021-12-31,WORST,2035-10-25,65.956,0.0,65.956
3394,SUSC,2021-12-31,WORST,2035-10-26,213.14,0.0,213.14
3395,SUSC,2021-12-31,WORST,2035-10-29,320.758,0.0,320.758
3396,SUSC,2021-12-31,WORST,2035-10-30,648.266,0.0,648.266
3397,SUSC,2021-12-31,WORST,2035-10-31,178.466,0.0,178.466
3398,SUSC,2021-12-31,WORST,2035-11-01,7746.66,0.0,7746.66
3399,SUSC,2021-12-31,WORST,2035-11-02,736.325,0.0,736.325
3400,SUSC,2021-12-31,WORST,2035-11-05,719.036,0.0,719.036
3401,SUSC,2021-12-31,WORST,2035-11-06,633.532,0.0,633.532
3402,SUSC,2021-12-31,WORST,2035-11-07,117.62,0.0,117.62
3403,SUSC,2021-12-31,WORST,2035-11-08,6.589,0.0,6.589
3404,SUSC,2021-12-31,WORST,2035-11-09,79.292,0.0,79.292
3405,SUSC,2021-12-31,WORST,2035-11-13,1520.12,0.0,1520.12
3406,SUSC,2021-12-31,WORST,2035-11-14,1448.298,13313.253,14761.551
3407,SUSC,2021-12-31,WORST,2035-11-15,15555.843,22680.723,38236.566
3408,SUSC,2021-12-31,WORST,2035-11-16,806.619,0.0,806.619
3409,SUSC,2021-12-31,WORST,2035-11-19,615.782,0.0,615.782
3410,SUSC,2021-12-31,WORST,2035-11-20,552.218,0.0,552.218
3411,SUSC,2021-12-31,WORST,2035-11-21,909.94,0.0,909.94
3412,SUSC,2021-12-31,WORST,2035-11-23,210.0,0.0,210.0
3413,SUSC,2021-12-31,WORST,2035-11-26,509.918,0.0,509.918
3414,SUSC,2021-12-31,WORST,2035-11-27,146.099,0.0,146.099
3415,SUSC,2021-12-31,WORST,2035-11-29,234.525,0.0,234.525
3416,SUSC,2021-12-31,WORST,2035-11-30,2207.417,0.0,2207.417
3417,SUSC,2021-12-31,WORST,2035-12-03,9860.325,0.0,9860.325
3418,SUSC,2021-12-31,WORST,2035-12-04,158.744,0.0,158.744
3419,SUSC,2021-12-31,WORST,2035-12-05,397.613,0.0,397.613
3420,SUSC,2021-12-31,WORST,2035-12-06,632.006,0.0,632.006
3421,SUSC,2021-12-31,WORST,2035-12-07,283.622,0.0,283.622
3422,SUSC,2021-12-31,WORST,2035-12-10,992.826,0.0,992.826
3423,SUSC,2021-12-31,WORST,2035-12-14,426.265,0.0,426.265
3424,SUSC,2021-12-31,WORST,2035-12-17,10923.829,3012.048,13935.877
3425,SUSC,2021-12-31,WORST,2035-12-19,163.282,0.0,163.282
3426,SUSC,2021-12-31,WORST,2035-12-20,633.334,0.0,633.334
3427,SUSC,2021-12-31,WORST,2035-12-21,126.28,0.0,126.28
3428,SUSC,2021-12-31,WORST,2035-12-24,388.005,0.0,388.005
3429,SUSC,2021-12-31,WORST,2035-12-26,9.714,0.0,9.714
3430,SUSC,2021-12-31,WORST,2035-12-31,380.912,0.0,380.912
3431,SUSC,2021-12-31,WORST,2036-01-02,1713.328,0.0,1713.328
3432,SUSC,2021-12-31,WORST,2036-01-07,285.452,0.0,285.452
3433,SUSC,2021-12-31,WORST,2036-01-08,528.366,0.0,528.366
3434,SUSC,2021-12-31,WORST,2036-01-09,519.608,0.0,519.608
3435,SUSC,2021-12-31,WORST,2036-01-10,358.558,0.0,358.558
3436,SUSC,2021-12-31,WORST,2036-01-14,1182.271,0.0,1182.271
3437,SUSC,2021-12-31,WORST,2036-01-15,12137.824,31987.952,44125.776
3438,SUSC,2021-12-31,WORST,2036-01-16,362.538,0.0,362.538
3439,SUSC,2021-12-31,WORST,2036-01-17,239.029,0.0,239.029
3440,SUSC,2021-12-31,WORST,2036-01-18,138.403,0.0,138.403
3441,SUSC,2021-12-31,WORST,2036-01-22,1890.415,0.0,1890.415
3442,SUSC,2021-12-31,WORST,2036-01-23,1709.608,0.0,1709.608
3443,SUSC,2021-12-31,WORST,2036-01-24,1176.969,0.0,1176.969
3444,SUSC,2021-12-31,WORST,2036-01-25,406.884,0.0,406.884
3445,SUSC,2021-12-31,WORST,2036-01-28,898.125,0.0,898.125
3446,SUSC,2021-12-31,WORST,2036-01-29,657.782,0.0,657.782
3447,SUSC,2021-12-31,WORST,2036-01-30,617.545,0.0,617.545
3448,SUSC,2021-12-31,WORST,2036-01-31,239.232,0.0,239.232
3449,SUSC,2021-12-31,WORST,2036-02-01,8242.836,3825.301,12068.137
3450,SUSC,2021-12-31,WORST,2036-02-04,762.161,0.0,762.161
3451,SUSC,2021-12-31,WORST,2036-02-05,352.688,0.0,352.688
3452,SUSC,2021-12-31,WORST,2036-02-06,361.241,0.0,361.241
3453,SUSC,2021-12-31,WORST,2036-02-07,513.63,0.0,513.63
3454,SUSC,2021-12-31,WORST,2036-02-08,606.853,6265.06,6871.913
3455,SUSC,2021-12-31,WORST,2036-02-11,781.852,0.0,781.852
3456,SUSC,2021-12-31,WORST,2036-02-12,447.729,0.0,447.729
3457,SUSC,2021-12-31,WORST,2036-02-13,131.739,0.0,131.739
3458,SUSC,2021-12-31,WORST,2036-02-14,203.878,0.0,203.878
3459,SUSC,2021-12-31,WORST,2036-02-15,8983.509,0.0,8983.509
3460,SUSC,2021-12-31,WORST,2036-02-19,1202.184,0.0,1202.184
3461,SUSC,2021-12-31,WORST,2036-02-20,327.756,0.0,327.756
3462,SUSC,2021-12-31,WORST,2036-02-21,967.897,0.0,967.897
3463,SUSC,2021-12-31,WORST,2036-02-22,738.657,0.0,738.657
3464,SUSC,2021-12-31,WORST,2036-02-25,1019.981,0.0,1019.981
3465,SUSC,2021-12-31,WORST,2036-02-26,313.588,0.0,313.588
3466,SUSC,2021-12-31,WORST,2036-02-27,282.492,0.0,282.492
3467,SUSC,2021-12-31,WORST,2036-02-28,198.75,0.0,198.75
3468,SUSC,2021-12-31,WORST,2036-03-03,11715.488,5722.892,17438.379
3469,SUSC,2021-12-31,WORST,2036-03-04,382.892,0.0,382.892
3470,SUSC,2021-12-31,WORST,2036-03-05,68.562,0.0,68.562
3471,SUSC,2021-12-31,WORST,2036-03-06,220.686,0.0,220.686
3472,SUSC,2021-12-31,WORST,2036-03-07,438.123,0.0,438.123
3473,SUSC,2021-12-31,WORST,2036-03-10,713.254,0.0,713.254
3474,SUSC,2021-12-31,WORST,2036-03-11,259.514,0.0,259.514
3475,SUSC,2021-12-31,WORST,2036-03-12,207.312,0.0,207.312
3476,SUSC,2021-12-31,WORST,2036-03-13,617.672,0.0,617.672
3477,SUSC,2021-12-31,WORST,2036-03-14,402.41,0.0,402.41
3478,SUSC,2021-12-31,WORST,2036-03-17,18402.595,18915.663,37318.257
3479,SUSC,2021-12-31,WORST,2036-03-18,265.934,0.0,265.934
3480,SUSC,2021-12-31,WORST,2036-03-19,545.542,0.0,545.542
3481,SUSC,2021-12-31,WORST,2036-03-20,978.705,0.0,978.705
3482,SUSC,2021-12-31,WORST,2036-03-21,226.657,0.0,226.657
3483,SUSC,2021-12-31,WORST,2036-03-24,1368.11,0.0,1368.11
3484,SUSC,2021-12-31,WORST,2036-03-25,2377.821,0.0,2377.821
3485,SUSC,2021-12-31,WORST,2036-03-26,477.822,0.0,477.822
3486,SUSC,2021-12-31,WORST,2036-03-27,267.913,0.0,267.913
3487,SUSC,2021-12-31,WORST,2036-03-28,109.834,0.0,109.834
3488,SUSC,2021-12-31,WORST,2036-03-31,1157.026,0.0,1157.026
3489,SUSC,2021-12-31,WORST,2036-04-01,11883.355,3313.253,15196.608
3490,SUSC,2021-12-31,WORST,2036-04-02,269.202,0.0,269.202
3491,SUSC,2021-12-31,WORST,2036-04-03,257.474,0.0,257.474
3492,SUSC,2021-12-31,WORST,2036-04-07,599.499,0.0,599.499
3493,SUSC,2021-12-31,WORST,2036-04-09,106.024,0.0,106.024
3494,SUSC,2021-12-31,WORST,2036-04-14,422.214,0.0,422.214
3495,SUSC,2021-12-31,WORST,2036-04-15,10774.439,0.0,10774.439
3496,SUSC,2021-12-31,WORST,2036-04-16,194.814,0.0,194.814
3497,SUSC,2021-12-31,WORST,2036-04-17,164.556,0.0,164.556
3498,SUSC,2021-12-31,WORST,2036-04-21,453.765,0.0,453.765
3499,SUSC,2021-12-31,WORST,2036-04-22,586.443,0.0,586.443
3500,SUSC,2021-12-31,WORST,2036-04-23,913.46,0.0,913.46
3501,SUSC,2021-12-31,WORST,2036-04-24,520.517,0.0,520.517
3502,SUSC,2021-12-31,WORST,2036-04-25,65.956,0.0,65.956
3503,SUSC,2021-12-31,WORST,2036-04-28,533.898,0.0,533.898
3504,SUSC,2021-12-31,WORST,2036-04-30,826.732,5662.651,6489.383
3505,SUSC,2021-12-31,WORST,2036-05-01,7746.66,9638.554,17385.214
3506,SUSC,2021-12-31,WORST,2036-05-02,736.325,10391.566,11127.892
3507,SUSC,2021-12-31,WORST,2036-05-05,719.036,0.0,719.036
3508,SUSC,2021-12-31,WORST,2036-05-06,633.532,0.0,633.532
3509,SUSC,2021-12-31,WORST,2036-05-07,117.62,0.0,117.62
3510,SUSC,2021-12-31,WORST,2036-05-08,6.589,0.0,6.589
3511,SUSC,2021-12-31,WORST,2036-05-09,79.292,0.0,79.292
3512,SUSC,2021-12-31,WORST,2036-05-12,877.481,0.0,877.481
3513,SUSC,2021-12-31,WORST,2036-05-13,642.639,0.0,642.639
3514,SUSC,2021-12-31,WORST,2036-05-14,1162.063,0.0,1162.063
3515,SUSC,2021-12-31,WORST,2036-05-15,15027.167,0.0,15027.167
3516,SUSC,2021-12-31,WORST,2036-05-16,806.619,0.0,806.619
3517,SUSC,2021-12-31,WORST,2036-05-19,615.782,0.0,615.782
3518,SUSC,2021-12-31,WORST,2036-05-20,552.218,0.0,552.218
3519,SUSC,2021-12-31,WORST,2036-05-21,909.94,0.0,909.94
3520,SUSC,2021-12-31,WORST,2036-05-22,80.663,0.0,80.663
3521,SUSC,2021-12-31,WORST,2036-05-23,129.337,0.0,129.337
3522,SUSC,2021-12-31,WORST,2036-05-27,656.017,0.0,656.017
3523,SUSC,2021-12-31,WORST,2036-05-29,234.525,0.0,234.525
3524,SUSC,2021-12-31,WORST,2036-05-30,1829.736,11084.337,12914.074
3525,SUSC,2021-12-31,WORST,2036-06-02,9703.744,2801.205,12504.949
3526,SUSC,2021-12-31,WORST,2036-06-03,534.262,0.0,534.262
3527,SUSC,2021-12-31,WORST,2036-06-04,158.744,0.0,158.744
3528,SUSC,2021-12-31,WORST,2036-06-05,397.613,0.0,397.613
3529,SUSC,2021-12-31,WORST,2036-06-06,632.006,0.0,632.006
3530,SUSC,2021-12-31,WORST,2036-06-09,725.092,0.0,725.092
3531,SUSC,2021-12-31,WORST,2036-06-10,551.355,0.0,551.355
3532,SUSC,2021-12-31,WORST,2036-06-16,11145.049,5150.602,16295.651
3533,SUSC,2021-12-31,WORST,2036-06-17,108.66,0.0,108.66
3534,SUSC,2021-12-31,WORST,2036-06-19,163.282,0.0,163.282
3535,SUSC,2021-12-31,WORST,2036-06-20,633.334,15271.084,15904.418
3536,SUSC,2021-12-31,WORST,2036-06-23,445.008,0.0,445.008
3537,SUSC,2021-12-31,WORST,2036-06-24,69.277,0.0,69.277
3538,SUSC,2021-12-31,WORST,2036-06-26,9.714,0.0,9.714
3539,SUSC,2021-12-31,WORST,2036-06-30,380.912,0.0,380.912
3540,SUSC,2021-12-31,WORST,2036-07-01,1287.941,0.0,1287.941
3541,SUSC,2021-12-31,WORST,2036-07-02,425.388,0.0,425.388
3542,SUSC,2021-12-31,WORST,2036-07-07,285.452,0.0,285.452
3543,SUSC,2021-12-31,WORST,2036-07-08,528.366,0.0,528.366
3544,SUSC,2021-12-31,WORST,2036-07-09,519.608,0.0,519.608
3545,SUSC,2021-12-31,WORST,2036-07-10,358.558,0.0,358.558
3546,SUSC,2021-12-31,WORST,2036-07-14,890.856,0.0,890.856
3547,SUSC,2021-12-31,WORST,2036-07-15,11758.279,29397.59,41155.87
3548,SUSC,2021-12-31,WORST,2036-07-16,362.538,0.0,362.538
3549,SUSC,2021-12-31,WORST,2036-07-17,239.029,0.0,239.029
3550,SUSC,2021-12-31,WORST,2036-07-18,138.403,0.0,138.403
3551,SUSC,2021-12-31,WORST,2036-07-21,1299.219,0.0,1299.219
3552,SUSC,2021-12-31,WORST,2036-07-22,591.195,0.0,591.195
3553,SUSC,2021-12-31,WORST,2036-07-23,1709.608,0.0,1709.608
3554,SUSC,2021-12-31,WORST,2036-07-24,1176.969,0.0,1176.969
3555,SUSC,2021-12-31,WORST,2036-07-25,406.884,0.0,406.884
3556,SUSC,2021-12-31,WORST,2036-07-28,898.125,0.0,898.125
3557,SUSC,2021-12-31,WORST,2036-07-29,657.782,0.0,657.782
3558,SUSC,2021-12-31,WORST,2036-07-30,617.545,0.0,617.545
3559,SUSC,2021-12-31,WORST,2036-07-31,239.232,0.0,239.232
3560,SUSC,2021-12-31,WORST,2036-08-01,8135.25,0.0,8135.25
3561,SUSC,2021-12-31,WORST,2036-08-04,762.161,0.0,762.161
3562,SUSC,2021-12-31,WORST,2036-08-05,352.688,0.0,352.688
3563,SUSC,2021-12-31,WORST,2036-08-06,361.241,0.0,361.241
3564,SUSC,2021-12-31,WORST,2036-08-07,513.63,0.0,513.63
3565,SUSC,2021-12-31,WORST,2036-08-08,498.78,0.0,498.78
3566,SUSC,2021-12-31,WORST,2036-08-11,781.852,0.0,781.852
3567,SUSC,2021-12-31,WORST,2036-08-12,447.729,0.0,447.729
3568,SUSC,2021-12-31,WORST,2036-08-13,131.739,0.0,131.739
3569,SUSC,2021-12-31,WORST,2036-08-14,203.878,0.0,203.878
3570,SUSC,2021-12-31,WORST,2036-08-15,8996.708,14307.229,23303.937
3571,SUSC,2021-12-31,WORST,2036-08-18,901.818,0.0,901.818
3572,SUSC,2021-12-31,WORST,2036-08-19,300.365,0.0,300.365
3573,SUSC,2021-12-31,WORST,2036-08-20,327.756,0.0,327.756
3574,SUSC,2021-12-31,WORST,2036-08-21,967.897,0.0,967.897
3575,SUSC,2021-12-31,WORST,2036-08-22,738.657,0.0,738.657
3576,SUSC,2021-12-31,WORST,2036-08-25,867.722,6475.904,7343.626
3577,SUSC,2021-12-31,WORST,2036-08-26,465.847,0.0,465.847
3578,SUSC,2021-12-31,WORST,2036-08-27,282.492,0.0,282.492
3579,SUSC,2021-12-31,WORST,2036-08-28,198.75,0.0,198.75
3580,SUSC,2021-12-31,WORST,2036-09-02,11250.522,11024.096,22274.618
3581,SUSC,2021-12-31,WORST,2036-09-03,350.508,5030.12,5380.629
3582,SUSC,2021-12-31,WORST,2036-09-04,382.892,0.0,382.892
3583,SUSC,2021-12-31,WORST,2036-09-05,68.562,0.0,68.562
3584,SUSC,2021-12-31,WORST,2036-09-08,928.095,0.0,928.095
3585,SUSC,2021-12-31,WORST,2036-09-09,328.08,0.0,328.08
3586,SUSC,2021-12-31,WORST,2036-09-10,115.889,0.0,115.889
3587,SUSC,2021-12-31,WORST,2036-09-11,259.514,0.0,259.514
3588,SUSC,2021-12-31,WORST,2036-09-12,207.312,0.0,207.312
3589,SUSC,2021-12-31,WORST,2036-09-15,17251.514,0.0,17251.514
3590,SUSC,2021-12-31,WORST,2036-09-16,482.907,0.0,482.907
3591,SUSC,2021-12-31,WORST,2036-09-17,1134.28,0.0,1134.28
3592,SUSC,2021-12-31,WORST,2036-09-18,265.934,0.0,265.934
3593,SUSC,2021-12-31,WORST,2036-09-19,545.542,0.0,545.542
3594,SUSC,2021-12-31,WORST,2036-09-22,2042.9,0.0,2042.9
3595,SUSC,2021-12-31,WORST,2036-09-23,307.549,0.0,307.549
3596,SUSC,2021-12-31,WORST,2036-09-24,223.024,0.0,223.024
3597,SUSC,2021-12-31,WORST,2036-09-25,2377.821,0.0,2377.821
3598,SUSC,2021-12-31,WORST,2036-09-26,477.822,0.0,477.822
3599,SUSC,2021-12-31,WORST,2036-09-29,387.16,0.0,387.16
3600,SUSC,2021-12-31,WORST,2036-09-30,1147.613,2831.325,3978.938
3601,SUSC,2021-12-31,WORST,2036-10-01,11784.785,15000.0,26784.785
3602,SUSC,2021-12-31,WORST,2036-10-02,269.202,0.0,269.202
3603,SUSC,2021-12-31,WORST,2036-10-03,257.474,0.0,257.474
3604,SUSC,2021-12-31,WORST,2036-10-06,599.499,0.0,599.499
3605,SUSC,2021-12-31,WORST,2036-10-09,106.024,0.0,106.024
3606,SUSC,2021-12-31,WORST,2036-10-14,422.214,0.0,422.214
3607,SUSC,2021-12-31,WORST,2036-10-15,10774.439,17740.964,28515.402
3608,SUSC,2021-12-31,WORST,2036-10-16,194.814,0.0,194.814
3609,SUSC,2021-12-31,WORST,2036-10-17,164.556,0.0,164.556
3610,SUSC,2021-12-31,WORST,2036-10-20,139.307,0.0,139.307
3611,SUSC,2021-12-31,WORST,2036-10-21,314.458,0.0,314.458
3612,SUSC,2021-12-31,WORST,2036-10-22,586.443,0.0,586.443
3613,SUSC,2021-12-31,WORST,2036-10-23,913.46,0.0,913.46
3614,SUSC,2021-12-31,WORST,2036-10-24,520.517,0.0,520.517
3615,SUSC,2021-12-31,WORST,2036-10-27,525.947,0.0,525.947
3616,SUSC,2021-12-31,WORST,2036-10-28,73.908,0.0,73.908
3617,SUSC,2021-12-31,WORST,2036-10-30,453.612,0.0,453.612
3618,SUSC,2021-12-31,WORST,2036-10-31,178.466,0.0,178.466
3619,SUSC,2021-12-31,WORST,2036-11-03,8172.94,0.0,8172.94
3620,SUSC,2021-12-31,WORST,2036-11-04,380.512,0.0,380.512
3621,SUSC,2021-12-31,WORST,2036-11-06,633.532,0.0,633.532
3622,SUSC,2021-12-31,WORST,2036-11-07,117.62,0.0,117.62
3623,SUSC,2021-12-31,WORST,2036-11-10,250.215,0.0,250.215
3624,SUSC,2021-12-31,WORST,2036-11-12,713.147,0.0,713.147
3625,SUSC,2021-12-31,WORST,2036-11-13,642.639,0.0,642.639
3626,SUSC,2021-12-31,WORST,2036-11-14,1162.063,0.0,1162.063
3627,SUSC,2021-12-31,WORST,2036-11-17,15992.606,8524.096,24516.703
3628,SUSC,2021-12-31,WORST,2036-11-18,250.933,0.0,250.933
3629,SUSC,2021-12-31,WORST,2036-11-19,179.631,0.0,179.631
3630,SUSC,2021-12-31,WORST,2036-11-20,552.218,0.0,552.218
3631,SUSC,2021-12-31,WORST,2036-11-21,909.94,0.0,909.94
3632,SUSC,2021-12-31,WORST,2036-11-24,474.872,0.0,474.872
3633,SUSC,2021-12-31,WORST,2036-11-25,159.142,0.0,159.142
3634,SUSC,2021-12-31,WORST,2036-11-26,85.904,0.0,85.904
3635,SUSC,2021-12-31,WORST,2036-11-28,146.099,0.0,146.099
3636,SUSC,2021-12-31,WORST,2036-12-01,11305.822,2861.446,14167.267
3637,SUSC,2021-12-31,WORST,2036-12-02,112.093,0.0,112.093
3638,SUSC,2021-12-31,WORST,2036-12-03,534.262,0.0,534.262
3639,SUSC,2021-12-31,WORST,2036-12-04,158.744,0.0,158.744
3640,SUSC,2021-12-31,WORST,2036-12-05,397.613,0.0,397.613
3641,SUSC,2021-12-31,WORST,2036-12-08,1052.278,0.0,1052.278
3642,SUSC,2021-12-31,WORST,2036-12-09,304.819,0.0,304.819
3643,SUSC,2021-12-31,WORST,2036-12-10,551.355,0.0,551.355
3644,SUSC,2021-12-31,WORST,2036-12-15,10624.698,2500.0,13124.698
3645,SUSC,2021-12-31,WORST,2036-12-16,350.377,11927.711,12278.087
3646,SUSC,2021-12-31,WORST,2036-12-17,108.66,0.0,108.66
3647,SUSC,2021-12-31,WORST,2036-12-19,163.282,0.0,163.282
3648,SUSC,2021-12-31,WORST,2036-12-22,387.892,0.0,387.892
3649,SUSC,2021-12-31,WORST,2036-12-23,158.923,0.0,158.923
3650,SUSC,2021-12-31,WORST,2036-12-24,69.277,0.0,69.277
3651,SUSC,2021-12-31,WORST,2036-12-26,9.714,0.0,9.714
3652,SUSC,2021-12-31,WORST,2036-12-29,120.762,0.0,120.762
3653,SUSC,2021-12-31,WORST,2036-12-30,260.15,0.0,260.15
3654,SUSC,2021-12-31,WORST,2037-01-02,1713.328,0.0,1713.328
3655,SUSC,2021-12-31,WORST,2037-01-06,285.452,0.0,285.452
3656,SUSC,2021-12-31,WORST,2037-01-08,528.366,0.0,528.366
3657,SUSC,2021-12-31,WORST,2037-01-09,519.608,0.0,519.608
3658,SUSC,2021-12-31,WORST,2037-01-12,486.782,0.0,486.782
3659,SUSC,2021-12-31,WORST,2037-01-13,675.203,0.0,675.203
3660,SUSC,2021-12-31,WORST,2037-01-14,378.844,0.0,378.844
3661,SUSC,2021-12-31,WORST,2037-01-15,10473.848,5963.855,16437.703
3662,SUSC,2021-12-31,WORST,2037-01-16,362.538,0.0,362.538
3663,SUSC,2021-12-31,WORST,2037-01-20,1240.1,0.0,1240.1
3664,SUSC,2021-12-31,WORST,2037-01-21,436.551,0.0,436.551
3665,SUSC,2021-12-31,WORST,2037-01-22,591.195,0.0,591.195
3666,SUSC,2021-12-31,WORST,2037-01-23,1709.608,0.0,1709.608
3667,SUSC,2021-12-31,WORST,2037-01-26,1609.162,0.0,1609.162
3668,SUSC,2021-12-31,WORST,2037-01-27,665.946,0.0,665.946
3669,SUSC,2021-12-31,WORST,2037-01-28,206.871,0.0,206.871
3670,SUSC,2021-12-31,WORST,2037-01-29,657.782,8493.976,9151.758
3671,SUSC,2021-12-31,WORST,2037-01-30,709.157,0.0,709.157
3672,SUSC,2021-12-31,WORST,2037-02-02,8415.4,3765.06,12180.46
3673,SUSC,2021-12-31,WORST,2037-02-03,242.417,0.0,242.417
3674,SUSC,2021-12-31,WORST,2037-02-04,387.214,0.0,387.214
3675,SUSC,2021-12-31,WORST,2037-02-05,352.688,0.0,352.688
3676,SUSC,2021-12-31,WORST,2037-02-06,361.241,0.0,361.241
3677,SUSC,2021-12-31,WORST,2037-02-09,1342.47,0.0,1342.47
3678,SUSC,2021-12-31,WORST,2037-02-10,269.488,0.0,269.488
3679,SUSC,2021-12-31,WORST,2037-02-11,182.304,0.0,182.304
3680,SUSC,2021-12-31,WORST,2037-02-12,447.729,0.0,447.729
3681,SUSC,2021-12-31,WORST,2037-02-13,131.739,0.0,131.739
3682,SUSC,2021-12-31,WORST,2037-02-17,9651.727,1144.578,10796.306
3683,SUSC,2021-12-31,WORST,2037-02-18,232.53,0.0,232.53
3684,SUSC,2021-12-31,WORST,2037-02-19,300.365,0.0,300.365
3685,SUSC,2021-12-31,WORST,2037-02-20,327.756,0.0,327.756
3686,SUSC,2021-12-31,WORST,2037-02-23,2161.751,2801.205,4962.955
3687,SUSC,2021-12-31,WORST,2037-02-24,152.259,0.0,152.259
3688,SUSC,2021-12-31,WORST,2037-02-25,214.202,0.0,214.202
3689,SUSC,2021-12-31,WORST,2037-02-26,313.588,0.0,313.588
3690,SUSC,2021-12-31,WORST,2037-02-27,282.492,9186.747,9469.239
3691,SUSC,2021-12-31,WORST,2037-03-02,11159.889,451.807,11611.696
3692,SUSC,2021-12-31,WORST,2037-03-03,259.337,0.0,259.337
3693,SUSC,2021-12-31,WORST,2037-03-04,382.892,0.0,382.892
3694,SUSC,2021-12-31,WORST,2037-03-05,68.562,1656.627,1725.188
3695,SUSC,2021-12-31,WORST,2037-03-06,220.686,0.0,220.686
3696,SUSC,2021-12-31,WORST,2037-03-09,1035.488,0.0,1035.488
3697,SUSC,2021-12-31,WORST,2037-03-10,115.889,0.0,115.889
3698,SUSC,2021-12-31,WORST,2037-03-11,259.514,0.0,259.514
3699,SUSC,2021-12-31,WORST,2037-03-12,207.312,0.0,207.312
3700,SUSC,2021-12-31,WORST,2037-03-13,617.672,0.0,617.672
3701,SUSC,2021-12-31,WORST,2037-03-16,17116.749,23644.578,40761.327
3702,SUSC,2021-12-31,WORST,2037-03-17,1134.28,0.0,1134.28
3703,SUSC,2021-12-31,WORST,2037-03-18,265.934,0.0,265.934
3704,SUSC,2021-12-31,WORST,2037-03-19,545.542,0.0,545.542
3705,SUSC,2021-12-31,WORST,2037-03-20,978.705,3433.735,4412.44
3706,SUSC,2021-12-31,WORST,2037-03-23,1371.743,0.0,1371.743
3707,SUSC,2021-12-31,WORST,2037-03-24,223.024,0.0,223.024
3708,SUSC,2021-12-31,WORST,2037-03-25,2377.821,0.0,2377.821
3709,SUSC,2021-12-31,WORST,2037-03-26,477.822,0.0,477.822
3710,SUSC,2021-12-31,WORST,2037-03-27,267.913,0.0,267.913
3711,SUSC,2021-12-31,WORST,2037-03-30,950.934,0.0,950.934
3712,SUSC,2021-12-31,WORST,2037-03-31,232.756,0.0,232.756
3713,SUSC,2021-12-31,WORST,2037-04-01,11303.325,0.0,11303.325
3714,SUSC,2021-12-31,WORST,2037-04-02,269.202,0.0,269.202
3715,SUSC,2021-12-31,WORST,2037-04-03,257.474,0.0,257.474
3716,SUSC,2021-12-31,WORST,2037-04-06,404.29,0.0,404.29
3717,SUSC,2021-12-31,WORST,2037-04-07,195.209,0.0,195.209
3718,SUSC,2021-12-31,WORST,2037-04-09,106.024,0.0,106.024
3719,SUSC,2021-12-31,WORST,2037-04-14,422.214,0.0,422.214
3720,SUSC,2021-12-31,WORST,2037-04-15,10243.896,0.0,10243.896
3721,SUSC,2021-12-31,WORST,2037-04-16,194.814,0.0,194.814
3722,SUSC,2021-12-31,WORST,2037-04-17,164.556,0.0,164.556
3723,SUSC,2021-12-31,WORST,2037-04-20,139.307,0.0,139.307
3724,SUSC,2021-12-31,WORST,2037-04-21,314.458,0.0,314.458
3725,SUSC,2021-12-31,WORST,2037-04-22,586.443,0.0,586.443
3726,SUSC,2021-12-31,WORST,2037-04-23,913.46,0.0,913.46
3727,SUSC,2021-12-31,WORST,2037-04-24,520.517,0.0,520.517
3728,SUSC,2021-12-31,WORST,2037-04-27,525.947,0.0,525.947
3729,SUSC,2021-12-31,WORST,2037-04-28,73.908,0.0,73.908
3730,SUSC,2021-12-31,WORST,2037-04-30,632.078,0.0,632.078
3731,SUSC,2021-12-31,WORST,2037-05-01,7435.817,14668.675,22104.491
3732,SUSC,2021-12-31,WORST,2037-05-04,823.178,0.0,823.178
3733,SUSC,2021-12-31,WORST,2037-05-05,294.458,0.0,294.458
3734,SUSC,2021-12-31,WORST,2037-05-06,633.532,0.0,633.532
3735,SUSC,2021-12-31,WORST,2037-05-07,117.62,0.0,117.62
3736,SUSC,2021-12-31,WORST,2037-05-08,6.589,0.0,6.589
3737,SUSC,2021-12-31,WORST,2037-05-11,829.928,0.0,829.928
3738,SUSC,2021-12-31,WORST,2037-05-12,126.845,0.0,126.845
3739,SUSC,2021-12-31,WORST,2037-05-13,642.639,0.0,642.639
3740,SUSC,2021-12-31,WORST,2037-05-14,1162.063,0.0,1162.063
3741,SUSC,2021-12-31,WORST,2037-05-15,14953.141,15240.964,30194.105
3742,SUSC,2021-12-31,WORST,2037-05-18,1029.879,0.0,1029.879
3743,SUSC,2021-12-31,WORST,2037-05-19,179.631,0.0,179.631
3744,SUSC,2021-12-31,WORST,2037-05-20,552.218,0.0,552.218
3745,SUSC,2021-12-31,WORST,2037-05-21,909.94,0.0,909.94
3746,SUSC,2021-12-31,WORST,2037-05-22,80.663,0.0,80.663
3747,SUSC,2021-12-31,WORST,2037-05-26,639.255,0.0,639.255
3748,SUSC,2021-12-31,WORST,2037-05-27,146.099,0.0,146.099
3749,SUSC,2021-12-31,WORST,2037-05-29,234.525,0.0,234.525
3750,SUSC,2021-12-31,WORST,2037-06-01,10975.043,0.0,10975.043
3751,SUSC,2021-12-31,WORST,2037-06-02,112.093,0.0,112.093
3752,SUSC,2021-12-31,WORST,2037-06-03,534.262,0.0,534.262
3753,SUSC,2021-12-31,WORST,2037-06-04,158.744,0.0,158.744
3754,SUSC,2021-12-31,WORST,2037-06-05,397.613,0.0,397.613
3755,SUSC,2021-12-31,WORST,2037-06-08,1052.278,753.012,1805.291
3756,SUSC,2021-12-31,WORST,2037-06-09,304.819,0.0,304.819
3757,SUSC,2021-12-31,WORST,2037-06-10,551.355,0.0,551.355
3758,SUSC,2021-12-31,WORST,2037-06-15,10552.507,18012.048,28564.555
3759,SUSC,2021-12-31,WORST,2037-06-17,108.66,0.0,108.66
3760,SUSC,2021-12-31,WORST,2037-06-19,163.282,0.0,163.282
3761,SUSC,2021-12-31,WORST,2037-06-22,387.892,0.0,387.892
3762,SUSC,2021-12-31,WORST,2037-06-23,158.923,0.0,158.923
3763,SUSC,2021-12-31,WORST,2037-06-24,69.277,0.0,69.277
3764,SUSC,2021-12-31,WORST,2037-06-26,9.714,301.205,310.919
3765,SUSC,2021-12-31,WORST,2037-06-29,120.762,0.0,120.762
3766,SUSC,2021-12-31,WORST,2037-06-30,260.15,0.0,260.15
3767,SUSC,2021-12-31,WORST,2037-07-01,1287.941,0.0,1287.941
3768,SUSC,2021-12-31,WORST,2037-07-02,425.388,0.0,425.388
3769,SUSC,2021-12-31,WORST,2037-07-06,285.452,0.0,285.452
3770,SUSC,2021-12-31,WORST,2037-07-08,528.366,0.0,528.366
3771,SUSC,2021-12-31,WORST,2037-07-09,519.608,0.0,519.608
3772,SUSC,2021-12-31,WORST,2037-07-10,358.558,0.0,358.558
3773,SUSC,2021-12-31,WORST,2037-07-13,512.011,0.0,512.011
3774,SUSC,2021-12-31,WORST,2037-07-14,378.844,0.0,378.844
3775,SUSC,2021-12-31,WORST,2037-07-15,10567.794,6054.217,16622.011
3776,SUSC,2021-12-31,WORST,2037-07-16,362.538,0.0,362.538
3777,SUSC,2021-12-31,WORST,2037-07-17,239.029,0.0,239.029
3778,SUSC,2021-12-31,WORST,2037-07-20,862.668,0.0,862.668
3779,SUSC,2021-12-31,WORST,2037-07-21,574.954,0.0,574.954
3780,SUSC,2021-12-31,WORST,2037-07-22,591.195,0.0,591.195
3781,SUSC,2021-12-31,WORST,2037-07-23,1709.608,0.0,1709.608
3782,SUSC,2021-12-31,WORST,2037-07-24,1176.969,0.0,1176.969
3783,SUSC,2021-12-31,WORST,2037-07-27,1098.139,0.0,1098.139
3784,SUSC,2021-12-31,WORST,2037-07-28,206.871,0.0,206.871
3785,SUSC,2021-12-31,WORST,2037-07-29,398.291,0.0,398.291
3786,SUSC,2021-12-31,WORST,2037-07-30,617.545,0.0,617.545
3787,SUSC,2021-12-31,WORST,2037-07-31,239.232,0.0,239.232
3788,SUSC,2021-12-31,WORST,2037-08-03,8396.409,15512.048,23908.457
3789,SUSC,2021-12-31,WORST,2037-08-04,387.214,0.0,387.214
3790,SUSC,2021-12-31,WORST,2037-08-05,352.688,0.0,352.688
3791,SUSC,2021-12-31,WORST,2037-08-06,361.241,0.0,361.241
3792,SUSC,2021-12-31,WORST,2037-08-07,513.63,0.0,513.63
3793,SUSC,2021-12-31,WORST,2037-08-10,1098.328,0.0,1098.328
3794,SUSC,2021-12-31,WORST,2037-08-11,182.304,0.0,182.304
3795,SUSC,2021-12-31,WORST,2037-08-12,447.729,0.0,447.729
3796,SUSC,2021-12-31,WORST,2037-08-13,131.739,0.0,131.739
3797,SUSC,2021-12-31,WORST,2037-08-14,175.836,0.0,175.836
3798,SUSC,2021-12-31,WORST,2037-08-17,9447.849,6957.831,16405.681
3799,SUSC,2021-12-31,WORST,2037-08-18,232.53,0.0,232.53
3800,SUSC,2021-12-31,WORST,2037-08-19,300.365,0.0,300.365
3801,SUSC,2021-12-31,WORST,2037-08-20,327.756,0.0,327.756
3802,SUSC,2021-12-31,WORST,2037-08-21,967.897,0.0,967.897
3803,SUSC,2021-12-31,WORST,2037-08-24,1291.839,0.0,1291.839
3804,SUSC,2021-12-31,WORST,2037-08-25,214.202,0.0,214.202
3805,SUSC,2021-12-31,WORST,2037-08-26,313.588,0.0,313.588
3806,SUSC,2021-12-31,WORST,2037-08-28,198.75,0.0,198.75
3807,SUSC,2021-12-31,WORST,2037-09-01,10848.458,2650.602,13499.061
3808,SUSC,2021-12-31,WORST,2037-09-02,98.788,0.0,98.788
3809,SUSC,2021-12-31,WORST,2037-09-03,259.337,0.0,259.337
3810,SUSC,2021-12-31,WORST,2037-09-04,382.892,0.0,382.892
3811,SUSC,2021-12-31,WORST,2037-09-08,950.685,0.0,950.685
3812,SUSC,2021-12-31,WORST,2037-09-09,328.08,0.0,328.08
3813,SUSC,2021-12-31,WORST,2037-09-10,115.889,0.0,115.889
3814,SUSC,2021-12-31,WORST,2037-09-11,259.514,0.0,259.514
3815,SUSC,2021-12-31,WORST,2037-09-14,1227.393,0.0,1227.393
3816,SUSC,2021-12-31,WORST,2037-09-15,16074.821,22981.928,39056.749
3817,SUSC,2021-12-31,WORST,2037-09-16,30.648,0.0,30.648
3818,SUSC,2021-12-31,WORST,2037-09-17,1134.28,0.0,1134.28
3819,SUSC,2021-12-31,WORST,2037-09-18,265.934,0.0,265.934
3820,SUSC,2021-12-31,WORST,2037-09-21,1665.06,0.0,1665.06
3821,SUSC,2021-12-31,WORST,2037-09-22,837.538,0.0,837.538
3822,SUSC,2021-12-31,WORST,2037-09-23,307.549,0.0,307.549
3823,SUSC,2021-12-31,WORST,2037-09-24,223.024,0.0,223.024
3824,SUSC,2021-12-31,WORST,2037-09-25,2377.821,13433.735,15811.556
3825,SUSC,2021-12-31,WORST,2037-09-28,855.569,0.0,855.569
3826,SUSC,2021-12-31,WORST,2037-09-29,9.413,0.0,9.413
3827,SUSC,2021-12-31,WORST,2037-09-30,1064.443,0.0,1064.443
3828,SUSC,2021-12-31,WORST,2037-10-01,11303.325,37259.036,48562.361
3829,SUSC,2021-12-31,WORST,2037-10-02,269.202,0.0,269.202
3830,SUSC,2021-12-31,WORST,2037-10-05,577.061,0.0,577.061
3831,SUSC,2021-12-31,WORST,2037-10-06,279.912,0.0,279.912
3832,SUSC,2021-12-31,WORST,2037-10-09,106.024,1656.627,1762.651
3833,SUSC,2021-12-31,WORST,2037-10-14,422.214,0.0,422.214
3834,SUSC,2021-12-31,WORST,2037-10-15,10243.896,34006.024,44249.92
3835,SUSC,2021-12-31,WORST,2037-10-16,194.814,0.0,194.814
3836,SUSC,2021-12-31,WORST,2037-10-19,164.556,0.0,164.556
3837,SUSC,2021-12-31,WORST,2037-10-20,139.307,0.0,139.307
3838,SUSC,2021-12-31,WORST,2037-10-21,314.458,0.0,314.458
3839,SUSC,2021-12-31,WORST,2037-10-22,586.443,0.0,586.443
3840,SUSC,2021-12-31,WORST,2037-10-23,913.46,0.0,913.46
3841,SUSC,2021-12-31,WORST,2037-10-26,640.072,0.0,640.072
3842,SUSC,2021-12-31,WORST,2037-10-27,246.85,0.0,246.85
3843,SUSC,2021-12-31,WORST,2037-10-28,73.908,0.0,73.908
3844,SUSC,2021-12-31,WORST,2037-10-30,453.612,0.0,453.612
3845,SUSC,2021-12-31,WORST,2037-11-02,7545.992,0.0,7545.992
3846,SUSC,2021-12-31,WORST,2037-11-03,338.524,0.0,338.524
3847,SUSC,2021-12-31,WORST,2037-11-04,380.512,0.0,380.512
3848,SUSC,2021-12-31,WORST,2037-11-06,633.532,0.0,633.532
3849,SUSC,2021-12-31,WORST,2037-11-09,203.502,0.0,203.502
3850,SUSC,2021-12-31,WORST,2037-11-10,164.334,0.0,164.334
3851,SUSC,2021-12-31,WORST,2037-11-12,713.147,0.0,713.147
3852,SUSC,2021-12-31,WORST,2037-11-13,642.639,0.0,642.639
3853,SUSC,2021-12-31,WORST,2037-11-16,16472.862,15813.253,32286.115
3854,SUSC,2021-12-31,WORST,2037-11-17,27.673,903.614,931.288
3855,SUSC,2021-12-31,WORST,2037-11-18,223.26,0.0,223.26
3856,SUSC,2021-12-31,WORST,2037-11-19,179.631,0.0,179.631
3857,SUSC,2021-12-31,WORST,2037-11-20,552.218,0.0,552.218
3858,SUSC,2021-12-31,WORST,2037-11-23,1119.94,0.0,1119.94
3859,SUSC,2021-12-31,WORST,2037-11-24,264.872,0.0,264.872
3860,SUSC,2021-12-31,WORST,2037-11-25,159.142,3644.578,3803.721
3861,SUSC,2021-12-31,WORST,2037-11-27,232.003,0.0,232.003
3862,SUSC,2021-12-31,WORST,2037-11-30,2178.689,5361.446,7540.135
3863,SUSC,2021-12-31,WORST,2037-12-01,9030.879,1596.386,10627.264
3864,SUSC,2021-12-31,WORST,2037-12-02,112.093,0.0,112.093
3865,SUSC,2021-12-31,WORST,2037-12-03,534.262,0.0,534.262
3866,SUSC,2021-12-31,WORST,2037-12-04,158.744,0.0,158.744
3867,SUSC,2021-12-31,WORST,2037-12-07,1298.18,0.0,1298.18
3868,SUSC,2021-12-31,WORST,2037-12-08,136.651,0.0,136.651
3869,SUSC,2021-12-31,WORST,2037-12-09,304.819,0.0,304.819
3870,SUSC,2021-12-31,WORST,2037-12-10,551.355,8674.699,9226.054
3871,SUSC,2021-12-31,WORST,2037-12-14,376.476,0.0,376.476
3872,SUSC,2021-12-31,WORST,2037-12-15,9592.296,4969.88,14562.176
3873,SUSC,2021-12-31,WORST,2037-12-17,108.66,0.0,108.66
3874,SUSC,2021-12-31,WORST,2037-12-21,391.369,0.0,391.369
3875,SUSC,2021-12-31,WORST,2037-12-22,159.804,0.0,159.804
3876,SUSC,2021-12-31,WORST,2037-12-23,158.923,0.0,158.923
3877,SUSC,2021-12-31,WORST,2037-12-24,69.277,0.0,69.277
3878,SUSC,2021-12-31,WORST,2037-12-29,120.762,0.0,120.762
3879,SUSC,2021-12-31,WORST,2037-12-30,260.15,0.0,260.15
3880,SUSC,2021-12-31,WORST,2038-01-04,1713.328,0.0,1713.328
3881,SUSC,2021-12-31,WORST,2038-01-06,285.452,0.0,285.452
3882,SUSC,2021-12-31,WORST,2038-01-08,528.366,0.0,528.366
3883,SUSC,2021-12-31,WORST,2038-01-11,628.75,0.0,628.75
3884,SUSC,2021-12-31,WORST,2038-01-12,377.64,0.0,377.64
3885,SUSC,2021-12-31,WORST,2038-01-13,675.203,0.0,675.203
3886,SUSC,2021-12-31,WORST,2038-01-14,378.844,0.0,378.844
3887,SUSC,2021-12-31,WORST,2038-01-15,10173.456,23644.578,33818.035
3888,SUSC,2021-12-31,WORST,2038-01-19,739.969,0.0,739.969
3889,SUSC,2021-12-31,WORST,2038-01-20,862.668,0.0,862.668
3890,SUSC,2021-12-31,WORST,2038-01-21,436.551,0.0,436.551
3891,SUSC,2021-12-31,WORST,2038-01-22,479.326,0.0,479.326
3892,SUSC,2021-12-31,WORST,2038-01-25,3214.391,0.0,3214.391
3893,SUSC,2021-12-31,WORST,2038-01-26,199.086,0.0,199.086
3894,SUSC,2021-12-31,WORST,2038-01-27,492.169,0.0,492.169
3895,SUSC,2021-12-31,WORST,2038-01-28,206.871,0.0,206.871
3896,SUSC,2021-12-31,WORST,2038-01-29,489.902,0.0,489.902
3897,SUSC,2021-12-31,WORST,2038-02-01,8432.761,9216.867,17649.628
3898,SUSC,2021-12-31,WORST,2038-02-02,132.53,0.0,132.53
3899,SUSC,2021-12-31,WORST,2038-02-03,242.417,0.0,242.417
3900,SUSC,2021-12-31,WORST,2038-02-04,387.214,0.0,387.214
3901,SUSC,2021-12-31,WORST,2038-02-05,352.688,0.0,352.688
3902,SUSC,2021-12-31,WORST,2038-02-08,1373.651,0.0,1373.651
3903,SUSC,2021-12-31,WORST,2038-02-09,330.06,0.0,330.06
3904,SUSC,2021-12-31,WORST,2038-02-10,269.488,0.0,269.488
3905,SUSC,2021-12-31,WORST,2038-02-11,182.304,0.0,182.304
3906,SUSC,2021-12-31,WORST,2038-02-12,447.729,0.0,447.729
3907,SUSC,2021-12-31,WORST,2038-02-16,9144.355,16265.06,25409.416
3908,SUSC,2021-12-31,WORST,2038-02-17,399.285,0.0,399.285
3909,SUSC,2021-12-31,WORST,2038-02-18,232.53,0.0,232.53
3910,SUSC,2021-12-31,WORST,2038-02-19,300.365,0.0,300.365
3911,SUSC,2021-12-31,WORST,2038-02-22,1980.038,0.0,1980.038
3912,SUSC,2021-12-31,WORST,2038-02-23,455.196,0.0,455.196
3913,SUSC,2021-12-31,WORST,2038-02-24,152.259,0.0,152.259
3914,SUSC,2021-12-31,WORST,2038-02-25,214.202,0.0,214.202
3915,SUSC,2021-12-31,WORST,2038-02-26,313.588,0.0,313.588
3916,SUSC,2021-12-31,WORST,2038-03-01,10995.522,13373.494,24369.016
3917,SUSC,2021-12-31,WORST,2038-03-02,98.788,0.0,98.788
3918,SUSC,2021-12-31,WORST,2038-03-03,259.337,0.0,259.337
3919,SUSC,2021-12-31,WORST,2038-03-04,382.892,0.0,382.892
3920,SUSC,2021-12-31,WORST,2038-03-05,22.59,0.0,22.59
3921,SUSC,2021-12-31,WORST,2038-03-08,928.095,3614.458,4542.553
3922,SUSC,2021-12-31,WORST,2038-03-09,328.08,0.0,328.08
3923,SUSC,2021-12-31,WORST,2038-03-10,115.889,0.0,115.889
3924,SUSC,2021-12-31,WORST,2038-03-11,259.514,5753.012,6012.526
3925,SUSC,2021-12-31,WORST,2038-03-12,207.312,0.0,207.312
3926,SUSC,2021-12-31,WORST,2038-03-15,16350.377,0.0,16350.377
3927,SUSC,2021-12-31,WORST,2038-03-16,30.648,0.0,30.648
3928,SUSC,2021-12-31,WORST,2038-03-17,1134.28,0.0,1134.28
3929,SUSC,2021-12-31,WORST,2038-03-18,265.934,0.0,265.934
3930,SUSC,2021-12-31,WORST,2038-03-19,545.542,0.0,545.542
3931,SUSC,2021-12-31,WORST,2038-03-22,1957.056,0.0,1957.056
3932,SUSC,2021-12-31,WORST,2038-03-23,307.549,0.0,307.549
3933,SUSC,2021-12-31,WORST,2038-03-24,223.024,0.0,223.024
3934,SUSC,2021-12-31,WORST,2038-03-25,2056.755,0.0,2056.755
3935,SUSC,2021-12-31,WORST,2038-03-26,477.822,0.0,477.822
3936,SUSC,2021-12-31,WORST,2038-03-29,387.16,0.0,387.16
3937,SUSC,2021-12-31,WORST,2038-03-30,831.687,0.0,831.687
3938,SUSC,2021-12-31,WORST,2038-03-31,232.756,0.0,232.756
3939,SUSC,2021-12-31,WORST,2038-04-01,10091.273,2951.807,13043.08
3940,SUSC,2021-12-31,WORST,2038-04-02,269.202,0.0,269.202
3941,SUSC,2021-12-31,WORST,2038-04-05,577.061,0.0,577.061
3942,SUSC,2021-12-31,WORST,2038-04-06,279.912,0.0,279.912
3943,SUSC,2021-12-31,WORST,2038-04-09,53.84,0.0,53.84
3944,SUSC,2021-12-31,WORST,2038-04-14,422.214,0.0,422.214
3945,SUSC,2021-12-31,WORST,2038-04-15,9279.252,13072.289,22351.542
3946,SUSC,2021-12-31,WORST,2038-04-16,194.814,0.0,194.814
3947,SUSC,2021-12-31,WORST,2038-04-19,164.556,0.0,164.556
3948,SUSC,2021-12-31,WORST,2038-04-20,139.307,0.0,139.307
3949,SUSC,2021-12-31,WORST,2038-04-21,314.458,0.0,314.458
3950,SUSC,2021-12-31,WORST,2038-04-22,586.443,0.0,586.443
3951,SUSC,2021-12-31,WORST,2038-04-23,913.46,0.0,913.46
3952,SUSC,2021-12-31,WORST,2038-04-26,489.851,14367.47,14857.32
3953,SUSC,2021-12-31,WORST,2038-04-27,397.072,0.0,397.072
3954,SUSC,2021-12-31,WORST,2038-04-28,73.908,0.0,73.908
3955,SUSC,2021-12-31,WORST,2038-04-30,523.903,0.0,523.903
3956,SUSC,2021-12-31,WORST,2038-05-03,7411.592,7259.036,14670.628
3957,SUSC,2021-12-31,WORST,2038-05-04,674.97,0.0,674.97
3958,SUSC,2021-12-31,WORST,2038-05-06,633.532,0.0,633.532
3959,SUSC,2021-12-31,WORST,2038-05-07,117.62,0.0,117.62
3960,SUSC,2021-12-31,WORST,2038-05-10,250.215,0.0,250.215
3961,SUSC,2021-12-31,WORST,2038-05-11,586.302,0.0,586.302
3962,SUSC,2021-12-31,WORST,2038-05-12,126.845,0.0,126.845
3963,SUSC,2021-12-31,WORST,2038-05-13,642.639,0.0,642.639
3964,SUSC,2021-12-31,WORST,2038-05-14,1162.063,6837.349,7999.413
3965,SUSC,2021-12-31,WORST,2038-05-17,14808.359,53674.699,68483.057
3966,SUSC,2021-12-31,WORST,2038-05-18,223.26,0.0,223.26
3967,SUSC,2021-12-31,WORST,2038-05-19,179.631,0.0,179.631
3968,SUSC,2021-12-31,WORST,2038-05-20,552.218,0.0,552.218
3969,SUSC,2021-12-31,WORST,2038-05-21,909.94,0.0,909.94
3970,SUSC,2021-12-31,WORST,2038-05-24,474.872,0.0,474.872
3971,SUSC,2021-12-31,WORST,2038-05-25,68.301,0.0,68.301
3972,SUSC,2021-12-31,WORST,2038-05-26,85.904,0.0,85.904
3973,SUSC,2021-12-31,WORST,2038-05-27,146.099,0.0,146.099
3974,SUSC,2021-12-31,WORST,2038-06-01,10992.84,17168.675,28161.514
3975,SUSC,2021-12-31,WORST,2038-06-02,112.093,0.0,112.093
3976,SUSC,2021-12-31,WORST,2038-06-03,534.262,0.0,534.262
3977,SUSC,2021-12-31,WORST,2038-06-04,158.744,0.0,158.744
3978,SUSC,2021-12-31,WORST,2038-06-07,1298.18,0.0,1298.18
3979,SUSC,2021-12-31,WORST,2038-06-08,136.651,0.0,136.651
3980,SUSC,2021-12-31,WORST,2038-06-09,304.819,0.0,304.819
3981,SUSC,2021-12-31,WORST,2038-06-10,231.476,0.0,231.476
3982,SUSC,2021-12-31,WORST,2038-06-14,376.476,0.0,376.476
3983,SUSC,2021-12-31,WORST,2038-06-15,9424.563,0.0,9424.563
3984,SUSC,2021-12-31,WORST,2038-06-17,108.66,0.0,108.66
3985,SUSC,2021-12-31,WORST,2038-06-21,391.369,0.0,391.369
3986,SUSC,2021-12-31,WORST,2038-06-22,159.804,0.0,159.804
3987,SUSC,2021-12-31,WORST,2038-06-23,158.923,0.0,158.923
3988,SUSC,2021-12-31,WORST,2038-06-24,69.277,0.0,69.277
3989,SUSC,2021-12-31,WORST,2038-06-29,120.762,0.0,120.762
3990,SUSC,2021-12-31,WORST,2038-06-30,260.15,0.0,260.15
3991,SUSC,2021-12-31,WORST,2038-07-01,1287.941,2801.205,4089.145
3992,SUSC,2021-12-31,WORST,2038-07-02,425.388,0.0,425.388
3993,SUSC,2021-12-31,WORST,2038-07-06,285.452,0.0,285.452
3994,SUSC,2021-12-31,WORST,2038-07-08,528.366,0.0,528.366
3995,SUSC,2021-12-31,WORST,2038-07-09,519.608,0.0,519.608
3996,SUSC,2021-12-31,WORST,2038-07-12,486.782,0.0,486.782
3997,SUSC,2021-12-31,WORST,2038-07-13,675.203,0.0,675.203
3998,SUSC,2021-12-31,WORST,2038-07-14,378.844,0.0,378.844
3999,SUSC,2021-12-31,WORST,2038-07-15,9410.971,3072.289,12483.261
4000,SUSC,2021-12-31,WORST,2038-07-16,362.538,0.0,362.538
4001,SUSC,2021-12-31,WORST,2038-07-19,239.029,0.0,239.029
4002,SUSC,2021-12-31,WORST,2038-07-20,1001.071,0.0,1001.071
4003,SUSC,2021-12-31,WORST,2038-07-21,436.551,0.0,436.551
4004,SUSC,2021-12-31,WORST,2038-07-22,479.326,9698.795,10178.121
4005,SUSC,2021-12-31,WORST,2038-07-23,1709.608,7198.795,8908.403
4006,SUSC,2021-12-31,WORST,2038-07-26,1590.878,19518.072,21108.951
4007,SUSC,2021-12-31,WORST,2038-07-27,492.169,0.0,492.169
4008,SUSC,2021-12-31,WORST,2038-07-28,206.871,0.0,206.871
4009,SUSC,2021-12-31,WORST,2038-07-29,398.291,0.0,398.291
4010,SUSC,2021-12-31,WORST,2038-07-30,709.157,0.0,709.157
4011,SUSC,2021-12-31,WORST,2038-08-02,7671.473,0.0,7671.473
4012,SUSC,2021-12-31,WORST,2038-08-03,242.417,0.0,242.417
4013,SUSC,2021-12-31,WORST,2038-08-04,387.214,0.0,387.214
4014,SUSC,2021-12-31,WORST,2038-08-05,352.688,0.0,352.688
4015,SUSC,2021-12-31,WORST,2038-08-06,361.241,0.0,361.241
4016,SUSC,2021-12-31,WORST,2038-08-09,1342.47,0.0,1342.47
4017,SUSC,2021-12-31,WORST,2038-08-10,269.488,0.0,269.488
4018,SUSC,2021-12-31,WORST,2038-08-11,182.304,0.0,182.304
4019,SUSC,2021-12-31,WORST,2038-08-12,447.729,0.0,447.729
4020,SUSC,2021-12-31,WORST,2038-08-13,131.739,0.0,131.739
4021,SUSC,2021-12-31,WORST,2038-08-16,8585.38,7469.88,16055.259
4022,SUSC,2021-12-31,WORST,2038-08-17,399.285,0.0,399.285
4023,SUSC,2021-12-31,WORST,2038-08-18,232.53,0.0,232.53
4024,SUSC,2021-12-31,WORST,2038-08-19,300.365,0.0,300.365
4025,SUSC,2021-12-31,WORST,2038-08-20,327.756,0.0,327.756
4026,SUSC,2021-12-31,WORST,2038-08-23,2107.477,0.0,2107.477
4027,SUSC,2021-12-31,WORST,2038-08-24,152.259,0.0,152.259
4028,SUSC,2021-12-31,WORST,2038-08-25,214.202,0.0,214.202
4029,SUSC,2021-12-31,WORST,2038-08-26,313.588,0.0,313.588
4030,SUSC,2021-12-31,WORST,2038-08-30,198.75,0.0,198.75
4031,SUSC,2021-12-31,WORST,2038-09-01,10285.348,11626.506,21911.855
4032,SUSC,2021-12-31,WORST,2038-09-02,98.788,0.0,98.788
4033,SUSC,2021-12-31,WORST,2038-09-03,259.337,0.0,259.337
4034,SUSC,2021-12-31,WORST,2038-09-07,979.983,963.855,1943.839
4035,SUSC,2021-12-31,WORST,2038-09-08,269.286,0.0,269.286
4036,SUSC,2021-12-31,WORST,2038-09-09,328.08,0.0,328.08
4037,SUSC,2021-12-31,WORST,2038-09-10,115.889,0.0,115.889
4038,SUSC,2021-12-31,WORST,2038-09-13,886.738,0.0,886.738
4039,SUSC,2021-12-31,WORST,2038-09-14,402.41,0.0,402.41
4040,SUSC,2021-12-31,WORST,2038-09-15,15330.295,13253.012,28583.307
4041,SUSC,2021-12-31,WORST,2038-09-16,30.648,0.0,30.648
4042,SUSC,2021-12-31,WORST,2038-09-17,1134.28,0.0,1134.28
4043,SUSC,2021-12-31,WORST,2038-09-20,1704.337,0.0,1704.337
4044,SUSC,2021-12-31,WORST,2038-09-21,226.657,0.0,226.657
4045,SUSC,2021-12-31,WORST,2038-09-22,837.538,0.0,837.538
4046,SUSC,2021-12-31,WORST,2038-09-23,307.549,0.0,307.549
4047,SUSC,2021-12-31,WORST,2038-09-24,223.024,0.0,223.024
4048,SUSC,2021-12-31,WORST,2038-09-27,2802.489,0.0,2802.489
4049,SUSC,2021-12-31,WORST,2038-09-28,109.834,0.0,109.834
4050,SUSC,2021-12-31,WORST,2038-09-29,9.413,0.0,9.413
4051,SUSC,2021-12-31,WORST,2038-09-30,1064.443,301.205,1365.648
4052,SUSC,2021-12-31,WORST,2038-10-01,9991.649,0.0,9991.649
4053,SUSC,2021-12-31,WORST,2038-10-04,526.675,0.0,526.675
4054,SUSC,2021-12-31,WORST,2038-10-05,319.587,0.0,319.587
4055,SUSC,2021-12-31,WORST,2038-10-06,279.912,0.0,279.912
4056,SUSC,2021-12-31,WORST,2038-10-12,53.84,0.0,53.84
4057,SUSC,2021-12-31,WORST,2038-10-14,422.214,0.0,422.214
4058,SUSC,2021-12-31,WORST,2038-10-15,8862.212,0.0,8862.212
4059,SUSC,2021-12-31,WORST,2038-10-18,359.37,0.0,359.37
4060,SUSC,2021-12-31,WORST,2038-10-20,139.307,0.0,139.307
4061,SUSC,2021-12-31,WORST,2038-10-21,314.458,0.0,314.458
4062,SUSC,2021-12-31,WORST,2038-10-22,507.537,0.0,507.537
4063,SUSC,2021-12-31,WORST,2038-10-25,1051.802,0.0,1051.802
4064,SUSC,2021-12-31,WORST,2038-10-26,213.14,0.0,213.14
4065,SUSC,2021-12-31,WORST,2038-10-27,246.85,0.0,246.85
4066,SUSC,2021-12-31,WORST,2038-10-28,73.908,0.0,73.908
4067,SUSC,2021-12-31,WORST,2038-11-01,7300.465,8885.542,16186.007
4068,SUSC,2021-12-31,WORST,2038-11-02,398.599,0.0,398.599
4069,SUSC,2021-12-31,WORST,2038-11-03,338.524,0.0,338.524
4070,SUSC,2021-12-31,WORST,2038-11-04,380.512,0.0,380.512
4071,SUSC,2021-12-31,WORST,2038-11-08,757.741,0.0,757.741
4072,SUSC,2021-12-31,WORST,2038-11-09,79.292,0.0,79.292
4073,SUSC,2021-12-31,WORST,2038-11-10,164.334,0.0,164.334
4074,SUSC,2021-12-31,WORST,2038-11-12,713.147,0.0,713.147
4075,SUSC,2021-12-31,WORST,2038-11-15,14048.58,0.0,14048.58
4076,SUSC,2021-12-31,WORST,2038-11-16,703.411,0.0,703.411
4077,SUSC,2021-12-31,WORST,2038-11-18,223.26,0.0,223.26
4078,SUSC,2021-12-31,WORST,2038-11-19,179.631,0.0,179.631
4079,SUSC,2021-12-31,WORST,2038-11-22,1542.82,0.0,1542.82
4080,SUSC,2021-12-31,WORST,2038-11-23,129.337,0.0,129.337
4081,SUSC,2021-12-31,WORST,2038-11-24,264.872,0.0,264.872
4082,SUSC,2021-12-31,WORST,2038-11-26,154.205,0.0,154.205
4083,SUSC,2021-12-31,WORST,2038-11-29,380.624,0.0,380.624
4084,SUSC,2021-12-31,WORST,2038-11-30,1481.86,0.0,1481.86
4085,SUSC,2021-12-31,WORST,2038-12-01,8799.798,0.0,8799.798
4086,SUSC,2021-12-31,WORST,2038-12-02,112.093,0.0,112.093
4087,SUSC,2021-12-31,WORST,2038-12-03,534.262,0.0,534.262
4088,SUSC,2021-12-31,WORST,2038-12-06,1173.302,0.0,1173.302
4089,SUSC,2021-12-31,WORST,2038-12-07,283.622,0.0,283.622
4090,SUSC,2021-12-31,WORST,2038-12-08,136.651,0.0,136.651
4091,SUSC,2021-12-31,WORST,2038-12-09,304.819,0.0,304.819
4092,SUSC,2021-12-31,WORST,2038-12-10,231.476,0.0,231.476
4093,SUSC,2021-12-31,WORST,2038-12-14,376.476,0.0,376.476
4094,SUSC,2021-12-31,WORST,2038-12-15,9424.563,7138.554,16563.117
4095,SUSC,2021-12-31,WORST,2038-12-17,108.66,0.0,108.66
4096,SUSC,2021-12-31,WORST,2038-12-20,265.089,0.0,265.089
4097,SUSC,2021-12-31,WORST,2038-12-21,126.28,0.0,126.28
4098,SUSC,2021-12-31,WORST,2038-12-22,159.804,0.0,159.804
4099,SUSC,2021-12-31,WORST,2038-12-23,158.923,0.0,158.923
4100,SUSC,2021-12-31,WORST,2038-12-24,69.277,0.0,69.277
4101,SUSC,2021-12-31,WORST,2038-12-29,120.762,0.0,120.762
4102,SUSC,2021-12-31,WORST,2038-12-30,260.15,0.0,260.15
4103,SUSC,2021-12-31,WORST,2039-01-03,1185.697,0.0,1185.697
4104,SUSC,2021-12-31,WORST,2039-01-04,425.388,0.0,425.388
4105,SUSC,2021-12-31,WORST,2039-01-06,285.452,0.0,285.452
4106,SUSC,2021-12-31,WORST,2039-01-10,1157.116,150.602,1307.718
4107,SUSC,2021-12-31,WORST,2039-01-11,249.416,0.0,249.416
4108,SUSC,2021-12-31,WORST,2039-01-12,128.224,0.0,128.224
4109,SUSC,2021-12-31,WORST,2039-01-13,675.203,0.0,675.203
4110,SUSC,2021-12-31,WORST,2039-01-14,378.844,0.0,378.844
4111,SUSC,2021-12-31,WORST,2039-01-18,10060.662,19578.313,29638.975
4112,SUSC,2021-12-31,WORST,2039-01-20,862.668,0.0,862.668
4113,SUSC,2021-12-31,WORST,2039-01-21,436.551,0.0,436.551
4114,SUSC,2021-12-31,WORST,2039-01-24,2843.331,9036.145,11879.476
4115,SUSC,2021-12-31,WORST,2039-01-25,264.211,0.0,264.211
4116,SUSC,2021-12-31,WORST,2039-01-26,39.006,0.0,39.006
4117,SUSC,2021-12-31,WORST,2039-01-27,492.169,0.0,492.169
4118,SUSC,2021-12-31,WORST,2039-01-28,206.871,0.0,206.871
4119,SUSC,2021-12-31,WORST,2039-01-31,1255.068,0.0,1255.068
4120,SUSC,2021-12-31,WORST,2039-02-01,7391.323,15481.928,22873.25
4121,SUSC,2021-12-31,WORST,2039-02-02,132.53,0.0,132.53
4122,SUSC,2021-12-31,WORST,2039-02-03,242.417,0.0,242.417
4123,SUSC,2021-12-31,WORST,2039-02-04,387.214,0.0,387.214
4124,SUSC,2021-12-31,WORST,2039-02-07,1227.559,0.0,1227.559
4125,SUSC,2021-12-31,WORST,2039-02-08,498.78,0.0,498.78
4126,SUSC,2021-12-31,WORST,2039-02-09,330.06,0.0,330.06
4127,SUSC,2021-12-31,WORST,2039-02-10,269.488,0.0,269.488
4128,SUSC,2021-12-31,WORST,2039-02-11,182.304,0.0,182.304
4129,SUSC,2021-12-31,WORST,2039-02-14,755.304,0.0,755.304
4130,SUSC,2021-12-31,WORST,2039-02-15,7868.004,18734.94,26602.944
4131,SUSC,2021-12-31,WORST,2039-02-16,270.004,5090.361,5360.365
4132,SUSC,2021-12-31,WORST,2039-02-17,399.285,0.0,399.285
4133,SUSC,2021-12-31,WORST,2039-02-18,232.53,0.0,232.53
4134,SUSC,2021-12-31,WORST,2039-02-22,2280.403,0.0,2280.403
4135,SUSC,2021-12-31,WORST,2039-02-23,455.196,0.0,455.196
4136,SUSC,2021-12-31,WORST,2039-02-24,152.259,0.0,152.259
4137,SUSC,2021-12-31,WORST,2039-02-25,214.202,0.0,214.202
4138,SUSC,2021-12-31,WORST,2039-02-28,512.338,0.0,512.338
4139,SUSC,2021-12-31,WORST,2039-03-01,9975.778,0.0,9975.778
4140,SUSC,2021-12-31,WORST,2039-03-02,98.788,0.0,98.788
4141,SUSC,2021-12-31,WORST,2039-03-03,259.337,0.0,259.337
4142,SUSC,2021-12-31,WORST,2039-03-04,382.892,0.0,382.892
4143,SUSC,2021-12-31,WORST,2039-03-07,578.297,9126.506,9704.803
4144,SUSC,2021-12-31,WORST,2039-03-08,269.286,0.0,269.286
4145,SUSC,2021-12-31,WORST,2039-03-09,328.08,0.0,328.08
4146,SUSC,2021-12-31,WORST,2039-03-10,115.889,0.0,115.889
4147,SUSC,2021-12-31,WORST,2039-03-11,61.755,0.0,61.755
4148,SUSC,2021-12-31,WORST,2039-03-14,1227.393,0.0,1227.393
4149,SUSC,2021-12-31,WORST,2039-03-15,14953.948,13975.904,28929.851
4150,SUSC,2021-12-31,WORST,2039-03-16,30.648,0.0,30.648
4151,SUSC,2021-12-31,WORST,2039-03-17,1134.28,0.0,1134.28
4152,SUSC,2021-12-31,WORST,2039-03-18,265.934,0.0,265.934
4153,SUSC,2021-12-31,WORST,2039-03-21,1665.06,0.0,1665.06
4154,SUSC,2021-12-31,WORST,2039-03-22,837.538,0.0,837.538
4155,SUSC,2021-12-31,WORST,2039-03-23,307.549,0.0,307.549
4156,SUSC,2021-12-31,WORST,2039-03-24,223.024,0.0,223.024
4157,SUSC,2021-12-31,WORST,2039-03-25,2056.755,0.0,2056.755
4158,SUSC,2021-12-31,WORST,2039-03-28,855.569,0.0,855.569
4159,SUSC,2021-12-31,WORST,2039-03-29,9.413,0.0,9.413
4160,SUSC,2021-12-31,WORST,2039-03-30,824.91,0.0,824.91
4161,SUSC,2021-12-31,WORST,2039-03-31,232.756,0.0,232.756
4162,SUSC,2021-12-31,WORST,2039-04-01,9991.649,7228.916,17220.565
4163,SUSC,2021-12-31,WORST,2039-04-04,526.675,0.0,526.675
4164,SUSC,2021-12-31,WORST,2039-04-05,319.587,0.0,319.587
4165,SUSC,2021-12-31,WORST,2039-04-06,279.912,0.0,279.912
4166,SUSC,2021-12-31,WORST,2039-04-11,53.84,0.0,53.84
4167,SUSC,2021-12-31,WORST,2039-04-14,422.214,0.0,422.214
4168,SUSC,2021-12-31,WORST,2039-04-15,8862.212,0.0,8862.212
4169,SUSC,2021-12-31,WORST,2039-04-18,359.37,0.0,359.37
4170,SUSC,2021-12-31,WORST,2039-04-20,139.307,0.0,139.307
4171,SUSC,2021-12-31,WORST,2039-04-21,314.458,0.0,314.458
4172,SUSC,2021-12-31,WORST,2039-04-22,507.537,5602.41,6109.947
4173,SUSC,2021-12-31,WORST,2039-04-25,1051.802,10843.373,11895.175
4174,SUSC,2021-12-31,WORST,2039-04-26,213.14,0.0,213.14
4175,SUSC,2021-12-31,WORST,2039-04-27,246.85,0.0,246.85
4176,SUSC,2021-12-31,WORST,2039-04-28,73.908,0.0,73.908
4177,SUSC,2021-12-31,WORST,2039-05-02,7334.316,3644.578,10978.894
4178,SUSC,2021-12-31,WORST,2039-05-03,632.982,0.0,632.982
4179,SUSC,2021-12-31,WORST,2039-05-04,380.512,0.0,380.512
4180,SUSC,2021-12-31,WORST,2039-05-06,633.532,0.0,633.532
4181,SUSC,2021-12-31,WORST,2039-05-09,203.502,0.0,203.502
4182,SUSC,2021-12-31,WORST,2039-05-10,164.334,0.0,164.334
4183,SUSC,2021-12-31,WORST,2039-05-11,586.302,0.0,586.302
4184,SUSC,2021-12-31,WORST,2039-05-12,126.845,0.0,126.845
4185,SUSC,2021-12-31,WORST,2039-05-13,642.639,0.0,642.639
4186,SUSC,2021-12-31,WORST,2039-05-16,14109.352,17680.723,31790.075
4187,SUSC,2021-12-31,WORST,2039-05-18,223.26,0.0,223.26
4188,SUSC,2021-12-31,WORST,2039-05-19,179.631,0.0,179.631
4189,SUSC,2021-12-31,WORST,2039-05-20,552.218,0.0,552.218
4190,SUSC,2021-12-31,WORST,2039-05-23,1119.94,12349.398,13469.338
4191,SUSC,2021-12-31,WORST,2039-05-24,264.872,0.0,264.872
4192,SUSC,2021-12-31,WORST,2039-05-25,68.301,0.0,68.301
4193,SUSC,2021-12-31,WORST,2039-05-26,85.904,0.0,85.904
4194,SUSC,2021-12-31,WORST,2039-05-27,146.099,0.0,146.099
4195,SUSC,2021-12-31,WORST,2039-05-31,1716.385,0.0,1716.385
4196,SUSC,2021-12-31,WORST,2039-06-01,8799.798,210.843,9010.642
4197,SUSC,2021-12-31,WORST,2039-06-02,112.093,0.0,112.093
4198,SUSC,2021-12-31,WORST,2039-06-03,534.262,0.0,534.262
4199,SUSC,2021-12-31,WORST,2039-06-06,1173.302,0.0,1173.302
4200,SUSC,2021-12-31,WORST,2039-06-07,283.622,0.0,283.622
4201,SUSC,2021-12-31,WORST,2039-06-08,136.651,0.0,136.651
4202,SUSC,2021-12-31,WORST,2039-06-09,304.819,0.0,304.819
4203,SUSC,2021-12-31,WORST,2039-06-10,231.476,0.0,231.476
4204,SUSC,2021-12-31,WORST,2039-06-14,376.476,0.0,376.476
4205,SUSC,2021-12-31,WORST,2039-06-15,9241.637,7710.843,16952.481
4206,SUSC,2021-12-31,WORST,2039-06-17,108.66,0.0,108.66
4207,SUSC,2021-12-31,WORST,2039-06-20,265.089,0.0,265.089
4208,SUSC,2021-12-31,WORST,2039-06-21,126.28,0.0,126.28
4209,SUSC,2021-12-31,WORST,2039-06-22,159.804,0.0,159.804
4210,SUSC,2021-12-31,WORST,2039-06-23,158.923,0.0,158.923
4211,SUSC,2021-12-31,WORST,2039-06-24,69.277,0.0,69.277
4212,SUSC,2021-12-31,WORST,2039-06-29,120.762,0.0,120.762
4213,SUSC,2021-12-31,WORST,2039-06-30,260.15,0.0,260.15
4214,SUSC,2021-12-31,WORST,2039-07-01,1185.697,0.0,1185.697
4215,SUSC,2021-12-31,WORST,2039-07-05,425.388,0.0,425.388
4216,SUSC,2021-12-31,WORST,2039-07-06,285.452,0.0,285.452
4217,SUSC,2021-12-31,WORST,2039-07-08,528.366,3072.289,3600.655
4218,SUSC,2021-12-31,WORST,2039-07-11,872.989,0.0,872.989
4219,SUSC,2021-12-31,WORST,2039-07-12,128.224,0.0,128.224
4220,SUSC,2021-12-31,WORST,2039-07-13,675.203,0.0,675.203
4221,SUSC,2021-12-31,WORST,2039-07-14,378.844,0.0,378.844
4222,SUSC,2021-12-31,WORST,2039-07-15,8584.334,13042.169,21626.502
4223,SUSC,2021-12-31,WORST,2039-07-18,601.566,0.0,601.566
4224,SUSC,2021-12-31,WORST,2039-07-19,138.403,7379.518,7517.921
4225,SUSC,2021-12-31,WORST,2039-07-20,862.668,0.0,862.668
4226,SUSC,2021-12-31,WORST,2039-07-21,436.551,0.0,436.551
4227,SUSC,2021-12-31,WORST,2039-07-22,398.626,0.0,398.626
4228,SUSC,2021-12-31,WORST,2039-07-25,2646.697,7861.446,10508.143
4229,SUSC,2021-12-31,WORST,2039-07-26,39.006,0.0,39.006
4230,SUSC,2021-12-31,WORST,2039-07-27,492.169,0.0,492.169
4231,SUSC,2021-12-31,WORST,2039-07-28,206.871,0.0,206.871
4232,SUSC,2021-12-31,WORST,2039-07-29,489.902,0.0,489.902
4233,SUSC,2021-12-31,WORST,2039-08-01,7670.434,0.0,7670.434
4234,SUSC,2021-12-31,WORST,2039-08-02,132.53,0.0,132.53
4235,SUSC,2021-12-31,WORST,2039-08-03,242.417,0.0,242.417
4236,SUSC,2021-12-31,WORST,2039-08-04,387.214,0.0,387.214
4237,SUSC,2021-12-31,WORST,2039-08-05,352.688,0.0,352.688
4238,SUSC,2021-12-31,WORST,2039-08-08,1373.651,0.0,1373.651
4239,SUSC,2021-12-31,WORST,2039-08-09,330.06,0.0,330.06
4240,SUSC,2021-12-31,WORST,2039-08-10,269.488,0.0,269.488
4241,SUSC,2021-12-31,WORST,2039-08-11,182.304,0.0,182.304
4242,SUSC,2021-12-31,WORST,2039-08-12,447.729,0.0,447.729
4243,SUSC,2021-12-31,WORST,2039-08-15,7692.861,0.0,7692.861
4244,SUSC,2021-12-31,WORST,2039-08-16,193.775,0.0,193.775
4245,SUSC,2021-12-31,WORST,2039-08-17,399.285,0.0,399.285
4246,SUSC,2021-12-31,WORST,2039-08-18,232.53,0.0,232.53
4247,SUSC,2021-12-31,WORST,2039-08-19,300.365,0.0,300.365
4248,SUSC,2021-12-31,WORST,2039-08-22,1980.038,4819.277,6799.315
4249,SUSC,2021-12-31,WORST,2039-08-23,455.196,0.0,455.196
4250,SUSC,2021-12-31,WORST,2039-08-24,152.259,0.0,152.259
4251,SUSC,2021-12-31,WORST,2039-08-25,214.202,0.0,214.202
4252,SUSC,2021-12-31,WORST,2039-08-26,313.588,0.0,313.588
4253,SUSC,2021-12-31,WORST,2039-08-29,198.75,0.0,198.75
4254,SUSC,2021-12-31,WORST,2039-09-01,9975.778,2801.205,12776.983
4255,SUSC,2021-12-31,WORST,2039-09-02,98.788,0.0,98.788
4256,SUSC,2021-12-31,WORST,2039-09-06,801.198,0.0,801.198
4257,SUSC,2021-12-31,WORST,2039-09-07,229.816,0.0,229.816
4258,SUSC,2021-12-31,WORST,2039-09-08,269.286,0.0,269.286
4259,SUSC,2021-12-31,WORST,2039-09-09,328.08,0.0,328.08
4260,SUSC,2021-12-31,WORST,2039-09-12,384.955,1265.06,1650.015
4261,SUSC,2021-12-31,WORST,2039-09-13,617.672,0.0,617.672
4262,SUSC,2021-12-31,WORST,2039-09-14,402.41,0.0,402.41
4263,SUSC,2021-12-31,WORST,2039-09-15,14587.186,10180.723,24767.909
4264,SUSC,2021-12-31,WORST,2039-09-16,30.648,0.0,30.648
4265,SUSC,2021-12-31,WORST,2039-09-19,1945.755,5120.482,7066.237
4266,SUSC,2021-12-31,WORST,2039-09-20,892.862,0.0,892.862
4267,SUSC,2021-12-31,WORST,2039-09-21,226.657,0.0,226.657
4268,SUSC,2021-12-31,WORST,2039-09-22,837.538,0.0,837.538
4269,SUSC,2021-12-31,WORST,2039-09-23,307.549,4728.916,5036.465
4270,SUSC,2021-12-31,WORST,2039-09-26,2757.6,3343.373,6100.974
4271,SUSC,2021-12-31,WORST,2039-09-27,267.913,7018.072,7285.985
4272,SUSC,2021-12-31,WORST,2039-09-28,109.834,0.0,109.834
4273,SUSC,2021-12-31,WORST,2039-09-29,9.413,0.0,9.413
4274,SUSC,2021-12-31,WORST,2039-09-30,1057.666,0.0,1057.666
4275,SUSC,2021-12-31,WORST,2039-10-03,10302.312,44668.675,54970.987
4276,SUSC,2021-12-31,WORST,2039-10-05,319.587,8072.289,8391.876
4277,SUSC,2021-12-31,WORST,2039-10-06,279.912,0.0,279.912
4278,SUSC,2021-12-31,WORST,2039-10-11,53.84,0.0,53.84
4279,SUSC,2021-12-31,WORST,2039-10-14,422.214,0.0,422.214
4280,SUSC,2021-12-31,WORST,2039-10-17,9221.582,35903.614,45125.196
4281,SUSC,2021-12-31,WORST,2039-10-20,139.307,0.0,139.307
4282,SUSC,2021-12-31,WORST,2039-10-21,314.458,0.0,314.458
4283,SUSC,2021-12-31,WORST,2039-10-24,1265.173,0.0,1265.173
4284,SUSC,2021-12-31,WORST,2039-10-25,65.956,0.0,65.956
4285,SUSC,2021-12-31,WORST,2039-10-26,213.14,0.0,213.14
4286,SUSC,2021-12-31,WORST,2039-10-27,246.85,0.0,246.85
4287,SUSC,2021-12-31,WORST,2039-10-28,73.908,0.0,73.908
4288,SUSC,2021-12-31,WORST,2039-10-31,453.612,0.0,453.612
4289,SUSC,2021-12-31,WORST,2039-11-01,6758.509,5662.651,12421.159
4290,SUSC,2021-12-31,WORST,2039-11-02,398.599,0.0,398.599
4291,SUSC,2021-12-31,WORST,2039-11-03,338.524,0.0,338.524
4292,SUSC,2021-12-31,WORST,2039-11-04,380.512,0.0,380.512
4293,SUSC,2021-12-31,WORST,2039-11-07,751.152,0.0,751.152
4294,SUSC,2021-12-31,WORST,2039-11-08,6.589,0.0,6.589
4295,SUSC,2021-12-31,WORST,2039-11-09,79.292,0.0,79.292
4296,SUSC,2021-12-31,WORST,2039-11-10,164.334,0.0,164.334
4297,SUSC,2021-12-31,WORST,2039-11-14,2252.903,0.0,2252.903
4298,SUSC,2021-12-31,WORST,2039-11-15,12046.235,4698.795,16745.03
4299,SUSC,2021-12-31,WORST,2039-11-16,703.411,0.0,703.411
4300,SUSC,2021-12-31,WORST,2039-11-18,223.26,0.0,223.26
4301,SUSC,2021-12-31,WORST,2039-11-21,1391.713,0.0,1391.713
4302,SUSC,2021-12-31,WORST,2039-11-22,80.663,0.0,80.663
4303,SUSC,2021-12-31,WORST,2039-11-23,129.337,0.0,129.337
4304,SUSC,2021-12-31,WORST,2039-11-25,333.173,0.0,333.173
4305,SUSC,2021-12-31,WORST,2039-11-28,232.003,0.0,232.003
4306,SUSC,2021-12-31,WORST,2039-11-29,234.525,0.0,234.525
4307,SUSC,2021-12-31,WORST,2039-11-30,1481.86,3795.181,5277.041
4308,SUSC,2021-12-31,WORST,2039-12-01,8793.473,10361.446,19154.919
4309,SUSC,2021-12-31,WORST,2039-12-02,112.093,0.0,112.093
4310,SUSC,2021-12-31,WORST,2039-12-05,1090.619,0.0,1090.619
4311,SUSC,2021-12-31,WORST,2039-12-06,616.945,0.0,616.945
4312,SUSC,2021-12-31,WORST,2039-12-07,283.622,0.0,283.622
4313,SUSC,2021-12-31,WORST,2039-12-08,136.651,0.0,136.651
4314,SUSC,2021-12-31,WORST,2039-12-09,304.819,0.0,304.819
4315,SUSC,2021-12-31,WORST,2039-12-12,231.476,0.0,231.476
4316,SUSC,2021-12-31,WORST,2039-12-14,376.476,0.0,376.476
4317,SUSC,2021-12-31,WORST,2039-12-15,8981.396,0.0,8981.396
4318,SUSC,2021-12-31,WORST,2039-12-19,271.942,0.0,271.942
4319,SUSC,2021-12-31,WORST,2039-12-20,101.807,0.0,101.807
4320,SUSC,2021-12-31,WORST,2039-12-21,126.28,0.0,126.28
4321,SUSC,2021-12-31,WORST,2039-12-22,159.804,0.0,159.804
4322,SUSC,2021-12-31,WORST,2039-12-23,158.923,0.0,158.923
4323,SUSC,2021-12-31,WORST,2039-12-27,69.277,0.0,69.277
4324,SUSC,2021-12-31,WORST,2039-12-29,120.762,0.0,120.762
4325,SUSC,2021-12-31,WORST,2039-12-30,260.15,0.0,260.15
4326,SUSC,2021-12-31,WORST,2040-01-03,1611.084,0.0,1611.084
4327,SUSC,2021-12-31,WORST,2040-01-06,285.452,0.0,285.452
4328,SUSC,2021-12-31,WORST,2040-01-09,704.469,0.0,704.469
4329,SUSC,2021-12-31,WORST,2040-01-10,602.797,0.0,602.797
4330,SUSC,2021-12-31,WORST,2040-01-12,128.224,0.0,128.224
4331,SUSC,2021-12-31,WORST,2040-01-13,675.203,0.0,675.203
4332,SUSC,2021-12-31,WORST,2040-01-17,9034.906,38825.301,47860.207
4333,SUSC,2021-12-31,WORST,2040-01-20,862.668,0.0,862.668
4334,SUSC,2021-12-31,WORST,2040-01-23,2348.617,0.0,2348.617
4335,SUSC,2021-12-31,WORST,2040-01-24,695.268,0.0,695.268
4336,SUSC,2021-12-31,WORST,2040-01-25,264.211,0.0,264.211
4337,SUSC,2021-12-31,WORST,2040-01-26,39.006,0.0,39.006
4338,SUSC,2021-12-31,WORST,2040-01-27,492.169,0.0,492.169
4339,SUSC,2021-12-31,WORST,2040-01-30,1222.707,0.0,1222.707
4340,SUSC,2021-12-31,WORST,2040-01-31,239.232,0.0,239.232
4341,SUSC,2021-12-31,WORST,2040-02-01,6822.927,0.0,6822.927
4342,SUSC,2021-12-31,WORST,2040-02-02,132.53,0.0,132.53
4343,SUSC,2021-12-31,WORST,2040-02-03,242.417,0.0,242.417
4344,SUSC,2021-12-31,WORST,2040-02-06,1101.143,0.0,1101.143
4345,SUSC,2021-12-31,WORST,2040-02-07,513.63,0.0,513.63
4346,SUSC,2021-12-31,WORST,2040-02-08,498.78,0.0,498.78
4347,SUSC,2021-12-31,WORST,2040-02-09,330.06,0.0,330.06
4348,SUSC,2021-12-31,WORST,2040-02-10,269.488,0.0,269.488
4349,SUSC,2021-12-31,WORST,2040-02-13,761.773,0.0,761.773
4350,SUSC,2021-12-31,WORST,2040-02-14,175.836,0.0,175.836
4351,SUSC,2021-12-31,WORST,2040-02-15,7385.286,0.0,7385.286
4352,SUSC,2021-12-31,WORST,2040-02-16,193.775,0.0,193.775
4353,SUSC,2021-12-31,WORST,2040-02-17,399.285,0.0,399.285
4354,SUSC,2021-12-31,WORST,2040-02-21,1752.645,0.0,1752.645
4355,SUSC,2021-12-31,WORST,2040-02-22,684.384,0.0,684.384
4356,SUSC,2021-12-31,WORST,2040-02-23,455.196,0.0,455.196
4357,SUSC,2021-12-31,WORST,2040-02-24,152.259,0.0,152.259
4358,SUSC,2021-12-31,WORST,2040-02-27,527.79,0.0,527.79
4359,SUSC,2021-12-31,WORST,2040-02-28,198.75,0.0,198.75
4360,SUSC,2021-12-31,WORST,2040-03-01,9884.739,8975.904,18860.642
4361,SUSC,2021-12-31,WORST,2040-03-02,98.788,0.0,98.788
4362,SUSC,2021-12-31,WORST,2040-03-05,664.819,0.0,664.819
4363,SUSC,2021-12-31,WORST,2040-03-06,136.379,0.0,136.379
4364,SUSC,2021-12-31,WORST,2040-03-07,229.816,0.0,229.816
4365,SUSC,2021-12-31,WORST,2040-03-08,269.286,0.0,269.286
4366,SUSC,2021-12-31,WORST,2040-03-09,328.08,0.0,328.08
4367,SUSC,2021-12-31,WORST,2040-03-12,365.979,0.0,365.979
4368,SUSC,2021-12-31,WORST,2040-03-13,617.672,0.0,617.672
4369,SUSC,2021-12-31,WORST,2040-03-14,402.41,0.0,402.41
4370,SUSC,2021-12-31,WORST,2040-03-15,14268.523,22620.482,36889.005
4371,SUSC,2021-12-31,WORST,2040-03-16,30.648,0.0,30.648
4372,SUSC,2021-12-31,WORST,2040-03-19,1837.533,0.0,1837.533
4373,SUSC,2021-12-31,WORST,2040-03-20,892.862,0.0,892.862
4374,SUSC,2021-12-31,WORST,2040-03-21,226.657,0.0,226.657
4375,SUSC,2021-12-31,WORST,2040-03-22,837.538,0.0,837.538
4376,SUSC,2021-12-31,WORST,2040-03-23,198.193,0.0,198.193
4377,SUSC,2021-12-31,WORST,2040-03-26,2680.703,9337.349,12018.052
4378,SUSC,2021-12-31,WORST,2040-03-27,153.869,0.0,153.869
4379,SUSC,2021-12-31,WORST,2040-03-28,109.834,0.0,109.834
4380,SUSC,2021-12-31,WORST,2040-03-29,9.413,0.0,9.413
4381,SUSC,2021-12-31,WORST,2040-03-30,575.851,0.0,575.851
4382,SUSC,2021-12-31,WORST,2040-04-02,9477.26,8132.53,17609.79
4383,SUSC,2021-12-31,WORST,2040-04-03,257.474,0.0,257.474
4384,SUSC,2021-12-31,WORST,2040-04-05,183.286,0.0,183.286
4385,SUSC,2021-12-31,WORST,2040-04-06,279.912,0.0,279.912
4386,SUSC,2021-12-31,WORST,2040-04-09,53.84,0.0,53.84
4387,SUSC,2021-12-31,WORST,2040-04-16,8605.852,12771.084,21376.936
4388,SUSC,2021-12-31,WORST,2040-04-17,164.556,0.0,164.556
4389,SUSC,2021-12-31,WORST,2040-04-20,139.307,0.0,139.307
4390,SUSC,2021-12-31,WORST,2040-04-23,1363.991,6777.108,8141.099
4391,SUSC,2021-12-31,WORST,2040-04-24,215.64,0.0,215.64
4392,SUSC,2021-12-31,WORST,2040-04-25,65.956,0.0,65.956
4393,SUSC,2021-12-31,WORST,2040-04-26,213.14,0.0,213.14
4394,SUSC,2021-12-31,WORST,2040-04-27,246.85,0.0,246.85
4395,SUSC,2021-12-31,WORST,2040-04-30,527.52,1596.386,2123.906
4396,SUSC,2021-12-31,WORST,2040-05-01,6623.414,0.0,6623.414
4397,SUSC,2021-12-31,WORST,2040-05-02,398.599,0.0,398.599
4398,SUSC,2021-12-31,WORST,2040-05-03,338.524,0.0,338.524
4399,SUSC,2021-12-31,WORST,2040-05-04,380.512,0.0,380.512
4400,SUSC,2021-12-31,WORST,2040-05-07,751.152,0.0,751.152
4401,SUSC,2021-12-31,WORST,2040-05-08,6.589,0.0,6.589
4402,SUSC,2021-12-31,WORST,2040-05-09,79.292,0.0,79.292
4403,SUSC,2021-12-31,WORST,2040-05-10,164.334,0.0,164.334
4404,SUSC,2021-12-31,WORST,2040-05-11,586.302,0.0,586.302
4405,SUSC,2021-12-31,WORST,2040-05-14,1666.6,0.0,1666.6
4406,SUSC,2021-12-31,WORST,2040-05-15,11892.304,6716.867,18609.171
4407,SUSC,2021-12-31,WORST,2040-05-16,703.411,0.0,703.411
4408,SUSC,2021-12-31,WORST,2040-05-18,223.26,0.0,223.26
4409,SUSC,2021-12-31,WORST,2040-05-21,1391.713,0.0,1391.713
4410,SUSC,2021-12-31,WORST,2040-05-22,80.663,0.0,80.663
4411,SUSC,2021-12-31,WORST,2040-05-23,129.337,0.0,129.337
4412,SUSC,2021-12-31,WORST,2040-05-24,264.872,0.0,264.872
4413,SUSC,2021-12-31,WORST,2040-05-25,68.301,0.0,68.301
4414,SUSC,2021-12-31,WORST,2040-05-29,466.528,4006.024,4472.552
4415,SUSC,2021-12-31,WORST,2040-05-30,1295.354,0.0,1295.354
4416,SUSC,2021-12-31,WORST,2040-05-31,80.241,0.0,80.241
4417,SUSC,2021-12-31,WORST,2040-06-01,8526.199,13734.94,22261.139
4418,SUSC,2021-12-31,WORST,2040-06-04,805.099,0.0,805.099
4419,SUSC,2021-12-31,WORST,2040-06-05,397.613,0.0,397.613
4420,SUSC,2021-12-31,WORST,2040-06-06,616.945,0.0,616.945
4421,SUSC,2021-12-31,WORST,2040-06-07,283.622,0.0,283.622
4422,SUSC,2021-12-31,WORST,2040-06-08,136.651,0.0,136.651
4423,SUSC,2021-12-31,WORST,2040-06-11,536.295,0.0,536.295
4424,SUSC,2021-12-31,WORST,2040-06-14,376.476,0.0,376.476
4425,SUSC,2021-12-31,WORST,2040-06-15,8981.396,9277.108,18258.505
4426,SUSC,2021-12-31,WORST,2040-06-18,108.66,0.0,108.66
4427,SUSC,2021-12-31,WORST,2040-06-19,163.282,0.0,163.282
4428,SUSC,2021-12-31,WORST,2040-06-20,101.807,0.0,101.807
4429,SUSC,2021-12-31,WORST,2040-06-21,126.28,3493.976,3620.256
4430,SUSC,2021-12-31,WORST,2040-06-22,159.804,0.0,159.804
4431,SUSC,2021-12-31,WORST,2040-06-25,228.2,0.0,228.2
4432,SUSC,2021-12-31,WORST,2040-06-29,120.762,0.0,120.762
4433,SUSC,2021-12-31,WORST,2040-07-02,1871.234,0.0,1871.234
4434,SUSC,2021-12-31,WORST,2040-07-06,285.452,0.0,285.452
4435,SUSC,2021-12-31,WORST,2040-07-09,953.885,0.0,953.885
4436,SUSC,2021-12-31,WORST,2040-07-10,353.381,0.0,353.381
4437,SUSC,2021-12-31,WORST,2040-07-12,128.224,0.0,128.224
4438,SUSC,2021-12-31,WORST,2040-07-13,675.203,0.0,675.203
4439,SUSC,2021-12-31,WORST,2040-07-16,7659.846,19849.398,27509.243
4440,SUSC,2021-12-31,WORST,2040-07-17,239.029,0.0,239.029
4441,SUSC,2021-12-31,WORST,2040-07-20,862.668,0.0,862.668
4442,SUSC,2021-12-31,WORST,2040-07-23,2348.617,0.0,2348.617
4443,SUSC,2021-12-31,WORST,2040-07-24,695.268,0.0,695.268
4444,SUSC,2021-12-31,WORST,2040-07-25,264.211,0.0,264.211
4445,SUSC,2021-12-31,WORST,2040-07-26,39.006,0.0,39.006
4446,SUSC,2021-12-31,WORST,2040-07-27,492.169,0.0,492.169
4447,SUSC,2021-12-31,WORST,2040-07-30,1222.707,0.0,1222.707
4448,SUSC,2021-12-31,WORST,2040-07-31,239.232,0.0,239.232
4449,SUSC,2021-12-31,WORST,2040-08-01,6822.927,15873.494,22696.42
4450,SUSC,2021-12-31,WORST,2040-08-02,132.53,0.0,132.53
4451,SUSC,2021-12-31,WORST,2040-08-03,242.417,0.0,242.417
4452,SUSC,2021-12-31,WORST,2040-08-06,1101.143,0.0,1101.143
4453,SUSC,2021-12-31,WORST,2040-08-07,513.63,0.0,513.63
4454,SUSC,2021-12-31,WORST,2040-08-08,498.78,0.0,498.78
4455,SUSC,2021-12-31,WORST,2040-08-09,330.06,0.0,330.06
4456,SUSC,2021-12-31,WORST,2040-08-10,269.488,0.0,269.488
4457,SUSC,2021-12-31,WORST,2040-08-13,761.773,0.0,761.773
4458,SUSC,2021-12-31,WORST,2040-08-14,175.836,0.0,175.836
4459,SUSC,2021-12-31,WORST,2040-08-15,7349.141,17530.12,24879.261
4460,SUSC,2021-12-31,WORST,2040-08-16,193.775,0.0,193.775
4461,SUSC,2021-12-31,WORST,2040-08-17,399.285,0.0,399.285
4462,SUSC,2021-12-31,WORST,2040-08-20,860.651,0.0,860.651
4463,SUSC,2021-12-31,WORST,2040-08-21,891.994,0.0,891.994
4464,SUSC,2021-12-31,WORST,2040-08-22,684.384,0.0,684.384
4465,SUSC,2021-12-31,WORST,2040-08-23,455.196,0.0,455.196
4466,SUSC,2021-12-31,WORST,2040-08-24,152.259,0.0,152.259
4467,SUSC,2021-12-31,WORST,2040-08-27,527.79,0.0,527.79
4468,SUSC,2021-12-31,WORST,2040-08-28,198.75,0.0,198.75
4469,SUSC,2021-12-31,WORST,2040-09-04,10380.123,31295.181,41675.303
4470,SUSC,2021-12-31,WORST,2040-09-05,22.59,0.0,22.59
4471,SUSC,2021-12-31,WORST,2040-09-06,136.379,0.0,136.379
4472,SUSC,2021-12-31,WORST,2040-09-07,229.816,0.0,229.816
4473,SUSC,2021-12-31,WORST,2040-09-10,694.278,0.0,694.278
4474,SUSC,2021-12-31,WORST,2040-09-11,61.755,0.0,61.755
4475,SUSC,2021-12-31,WORST,2040-09-12,207.312,0.0,207.312
4476,SUSC,2021-12-31,WORST,2040-09-13,617.672,0.0,617.672
4477,SUSC,2021-12-31,WORST,2040-09-14,402.41,0.0,402.41
4478,SUSC,2021-12-31,WORST,2040-09-17,14791.567,23102.41,37893.977
4479,SUSC,2021-12-31,WORST,2040-09-18,265.934,0.0,265.934
4480,SUSC,2021-12-31,WORST,2040-09-19,437.32,0.0,437.32
4481,SUSC,2021-12-31,WORST,2040-09-20,892.862,0.0,892.862
4482,SUSC,2021-12-31,WORST,2040-09-21,226.657,0.0,226.657
4483,SUSC,2021-12-31,WORST,2040-09-24,1258.754,0.0,1258.754
4484,SUSC,2021-12-31,WORST,2040-09-25,1955.798,0.0,1955.798
4485,SUSC,2021-12-31,WORST,2040-09-26,265.663,0.0,265.663
4486,SUSC,2021-12-31,WORST,2040-09-27,153.869,0.0,153.869
4487,SUSC,2021-12-31,WORST,2040-09-28,109.834,0.0,109.834
4488,SUSC,2021-12-31,WORST,2040-10-01,9560.076,11478.313,21038.389
4489,SUSC,2021-12-31,WORST,2040-10-02,269.202,0.0,269.202
4490,SUSC,2021-12-31,WORST,2040-10-03,257.474,0.0,257.474
4491,SUSC,2021-12-31,WORST,2040-10-05,183.286,0.0,183.286
4492,SUSC,2021-12-31,WORST,2040-10-09,333.753,0.0,333.753
4493,SUSC,2021-12-31,WORST,2040-10-15,8023.778,14246.988,22270.766
4494,SUSC,2021-12-31,WORST,2040-10-16,194.814,0.0,194.814
4495,SUSC,2021-12-31,WORST,2040-10-17,164.556,0.0,164.556
4496,SUSC,2021-12-31,WORST,2040-10-22,901.905,0.0,901.905
4497,SUSC,2021-12-31,WORST,2040-10-23,536.124,0.0,536.124
4498,SUSC,2021-12-31,WORST,2040-10-24,215.64,0.0,215.64
4499,SUSC,2021-12-31,WORST,2040-10-25,65.956,0.0,65.956
4500,SUSC,2021-12-31,WORST,2040-10-26,213.14,0.0,213.14
4501,SUSC,2021-12-31,WORST,2040-10-29,320.758,0.0,320.758
4502,SUSC,2021-12-31,WORST,2040-10-30,403.965,0.0,403.965
4503,SUSC,2021-12-31,WORST,2040-11-01,6623.414,5120.482,11743.896
4504,SUSC,2021-12-31,WORST,2040-11-02,398.599,11325.301,11723.901
4505,SUSC,2021-12-31,WORST,2040-11-05,719.036,0.0,719.036
4506,SUSC,2021-12-31,WORST,2040-11-06,633.532,0.0,633.532
4507,SUSC,2021-12-31,WORST,2040-11-07,117.62,0.0,117.62
4508,SUSC,2021-12-31,WORST,2040-11-08,6.589,0.0,6.589
4509,SUSC,2021-12-31,WORST,2040-11-09,79.292,0.0,79.292
4510,SUSC,2021-12-31,WORST,2040-11-13,1520.12,0.0,1520.12
4511,SUSC,2021-12-31,WORST,2040-11-14,897.116,0.0,897.116
4512,SUSC,2021-12-31,WORST,2040-11-15,11724.062,3433.735,15157.797
4513,SUSC,2021-12-31,WORST,2040-11-16,703.411,0.0,703.411
4514,SUSC,2021-12-31,WORST,2040-11-19,402.891,0.0,402.891
4515,SUSC,2021-12-31,WORST,2040-11-20,552.218,0.0,552.218
4516,SUSC,2021-12-31,WORST,2040-11-21,659.865,0.0,659.865
4517,SUSC,2021-12-31,WORST,2040-11-23,210.0,0.0,210.0
4518,SUSC,2021-12-31,WORST,2040-11-26,419.077,0.0,419.077
4519,SUSC,2021-12-31,WORST,2040-11-27,39.94,0.0,39.94
4520,SUSC,2021-12-31,WORST,2040-11-29,234.525,0.0,234.525
4521,SUSC,2021-12-31,WORST,2040-11-30,1375.595,0.0,1375.595
4522,SUSC,2021-12-31,WORST,2040-12-01,35.81,2710.843,2746.653
4523,SUSC,2021-12-31,WORST,2040-12-03,8920.393,2018.072,10938.465
4524,SUSC,2021-12-31,WORST,2040-12-04,158.744,0.0,158.744
4525,SUSC,2021-12-31,WORST,2040-12-05,397.613,0.0,397.613
4526,SUSC,2021-12-31,WORST,2040-12-06,616.945,0.0,616.945
4527,SUSC,2021-12-31,WORST,2040-12-07,283.622,0.0,283.622
4528,SUSC,2021-12-31,WORST,2040-12-10,672.946,0.0,672.946
4529,SUSC,2021-12-31,WORST,2040-12-14,376.476,0.0,376.476
4530,SUSC,2021-12-31,WORST,2040-12-17,8806.201,3704.819,12511.02
4531,SUSC,2021-12-31,WORST,2040-12-19,154.245,0.0,154.245
4532,SUSC,2021-12-31,WORST,2040-12-20,101.807,0.0,101.807
4533,SUSC,2021-12-31,WORST,2040-12-21,10.542,0.0,10.542
4534,SUSC,2021-12-31,WORST,2040-12-24,388.005,0.0,388.005
4535,SUSC,2021-12-31,WORST,2040-12-31,380.912,4126.506,4507.418
4536,SUSC,2021-12-31,WORST,2041-01-02,1611.084,0.0,1611.084
4537,SUSC,2021-12-31,WORST,2041-01-07,285.452,0.0,285.452
4538,SUSC,2021-12-31,WORST,2041-01-08,434.277,0.0,434.277
4539,SUSC,2021-12-31,WORST,2041-01-09,519.608,0.0,519.608
4540,SUSC,2021-12-31,WORST,2041-01-10,353.381,0.0,353.381
4541,SUSC,2021-12-31,WORST,2041-01-14,1182.271,0.0,1182.271
4542,SUSC,2021-12-31,WORST,2041-01-15,6396.532,8343.373,14739.906
4543,SUSC,2021-12-31,WORST,2041-01-16,362.538,0.0,362.538
4544,SUSC,2021-12-31,WORST,2041-01-17,239.029,0.0,239.029
4545,SUSC,2021-12-31,WORST,2041-01-22,1697.845,0.0,1697.845
4546,SUSC,2021-12-31,WORST,2041-01-23,1513.44,0.0,1513.44
4547,SUSC,2021-12-31,WORST,2041-01-24,695.268,0.0,695.268
4548,SUSC,2021-12-31,WORST,2041-01-25,264.211,0.0,264.211
4549,SUSC,2021-12-31,WORST,2041-01-28,738.046,0.0,738.046
4550,SUSC,2021-12-31,WORST,2041-01-29,398.291,0.0,398.291
4551,SUSC,2021-12-31,WORST,2041-01-30,617.545,0.0,617.545
4552,SUSC,2021-12-31,WORST,2041-01-31,239.232,0.0,239.232
4553,SUSC,2021-12-31,WORST,2041-02-01,6307.057,14578.313,20885.37
4554,SUSC,2021-12-31,WORST,2041-02-04,762.161,0.0,762.161
4555,SUSC,2021-12-31,WORST,2041-02-05,352.688,0.0,352.688
4556,SUSC,2021-12-31,WORST,2041-02-06,361.241,3313.253,3674.494
4557,SUSC,2021-12-31,WORST,2041-02-07,513.63,0.0,513.63
4558,SUSC,2021-12-31,WORST,2041-02-08,498.78,753.012,1251.792
4559,SUSC,2021-12-31,WORST,2041-02-11,781.852,0.0,781.852
4560,SUSC,2021-12-31,WORST,2041-02-12,447.729,0.0,447.729
4561,SUSC,2021-12-31,WORST,2041-02-13,131.739,0.0,131.739
4562,SUSC,2021-12-31,WORST,2041-02-14,175.836,0.0,175.836
4563,SUSC,2021-12-31,WORST,2041-02-15,6978.207,15451.807,22430.014
4564,SUSC,2021-12-31,WORST,2041-02-19,1125.955,0.0,1125.955
4565,SUSC,2021-12-31,WORST,2041-02-20,327.756,0.0,327.756
4566,SUSC,2021-12-31,WORST,2041-02-21,891.994,0.0,891.994
4567,SUSC,2021-12-31,WORST,2041-02-22,684.384,0.0,684.384
4568,SUSC,2021-12-31,WORST,2041-02-25,821.657,0.0,821.657
4569,SUSC,2021-12-31,WORST,2041-02-26,313.588,0.0,313.588
4570,SUSC,2021-12-31,WORST,2041-02-28,198.75,0.0,198.75
4571,SUSC,2021-12-31,WORST,2041-03-01,8705.8,14307.229,23013.029
4572,SUSC,2021-12-31,WORST,2041-03-04,741.017,0.0,741.017
4573,SUSC,2021-12-31,WORST,2041-03-05,22.59,0.0,22.59
4574,SUSC,2021-12-31,WORST,2041-03-06,136.379,0.0,136.379
4575,SUSC,2021-12-31,WORST,2041-03-07,229.816,0.0,229.816
4576,SUSC,2021-12-31,WORST,2041-03-08,269.286,0.0,269.286
4577,SUSC,2021-12-31,WORST,2041-03-11,486.747,0.0,486.747
4578,SUSC,2021-12-31,WORST,2041-03-12,207.312,0.0,207.312
4579,SUSC,2021-12-31,WORST,2041-03-13,617.672,0.0,617.672
4580,SUSC,2021-12-31,WORST,2041-03-14,402.41,0.0,402.41
4581,SUSC,2021-12-31,WORST,2041-03-15,13051.388,5602.41,18653.798
4582,SUSC,2021-12-31,WORST,2041-03-18,1430.861,0.0,1430.861
4583,SUSC,2021-12-31,WORST,2041-03-19,437.32,0.0,437.32
4584,SUSC,2021-12-31,WORST,2041-03-20,892.862,0.0,892.862
4585,SUSC,2021-12-31,WORST,2041-03-21,226.657,0.0,226.657
4586,SUSC,2021-12-31,WORST,2041-03-22,837.538,0.0,837.538
4587,SUSC,2021-12-31,WORST,2041-03-25,2377.015,0.0,2377.015
4588,SUSC,2021-12-31,WORST,2041-03-26,265.663,0.0,265.663
4589,SUSC,2021-12-31,WORST,2041-03-27,153.869,0.0,153.869
4590,SUSC,2021-12-31,WORST,2041-03-28,109.834,0.0,109.834
4591,SUSC,2021-12-31,WORST,2041-03-29,9.413,301.205,310.617
4592,SUSC,2021-12-31,WORST,2041-04-01,9224.766,11234.94,20459.706
4593,SUSC,2021-12-31,WORST,2041-04-02,269.202,0.0,269.202
4594,SUSC,2021-12-31,WORST,2041-04-03,257.474,0.0,257.474
4595,SUSC,2021-12-31,WORST,2041-04-05,183.286,0.0,183.286
4596,SUSC,2021-12-31,WORST,2041-04-08,279.912,0.0,279.912
4597,SUSC,2021-12-31,WORST,2041-04-09,53.84,0.0,53.84
4598,SUSC,2021-12-31,WORST,2041-04-15,7643.658,0.0,7643.658
4599,SUSC,2021-12-31,WORST,2041-04-16,194.814,0.0,194.814
4600,SUSC,2021-12-31,WORST,2041-04-17,164.556,0.0,164.556
4601,SUSC,2021-12-31,WORST,2041-04-22,881.154,6234.94,7116.094
4602,SUSC,2021-12-31,WORST,2041-04-23,557.208,0.0,557.208
4603,SUSC,2021-12-31,WORST,2041-04-24,215.64,0.0,215.64
4604,SUSC,2021-12-31,WORST,2041-04-25,65.956,0.0,65.956
4605,SUSC,2021-12-31,WORST,2041-04-26,213.14,0.0,213.14
4606,SUSC,2021-12-31,WORST,2041-04-29,320.758,0.0,320.758
4607,SUSC,2021-12-31,WORST,2041-04-30,403.965,0.0,403.965
4608,SUSC,2021-12-31,WORST,2041-05-01,6486.442,0.0,6486.442
4609,SUSC,2021-12-31,WORST,2041-05-02,104.142,0.0,104.142
4610,SUSC,2021-12-31,WORST,2041-05-03,338.524,0.0,338.524
4611,SUSC,2021-12-31,WORST,2041-05-06,1014.044,0.0,1014.044
4612,SUSC,2021-12-31,WORST,2041-05-07,117.62,0.0,117.62
4613,SUSC,2021-12-31,WORST,2041-05-08,6.589,0.0,6.589
4614,SUSC,2021-12-31,WORST,2041-05-09,79.292,0.0,79.292
4615,SUSC,2021-12-31,WORST,2041-05-10,164.334,0.0,164.334
4616,SUSC,2021-12-31,WORST,2041-05-13,1355.787,0.0,1355.787
4617,SUSC,2021-12-31,WORST,2041-05-14,897.116,0.0,897.116
4618,SUSC,2021-12-31,WORST,2041-05-15,11607.872,25963.855,37571.728
4619,SUSC,2021-12-31,WORST,2041-05-16,703.411,0.0,703.411
4620,SUSC,2021-12-31,WORST,2041-05-20,955.108,0.0,955.108
4621,SUSC,2021-12-31,WORST,2041-05-21,659.865,0.0,659.865
4622,SUSC,2021-12-31,WORST,2041-05-22,80.663,0.0,80.663
4623,SUSC,2021-12-31,WORST,2041-05-23,129.337,0.0,129.337
4624,SUSC,2021-12-31,WORST,2041-05-24,264.872,9186.747,9451.619
4625,SUSC,2021-12-31,WORST,2041-05-28,194.145,1536.145,1730.289
4626,SUSC,2021-12-31,WORST,2041-05-29,234.525,0.0,234.525
4627,SUSC,2021-12-31,WORST,2041-05-30,1295.354,0.0,1295.354
4628,SUSC,2021-12-31,WORST,2041-05-31,80.241,0.0,80.241
4629,SUSC,2021-12-31,WORST,2041-06-03,8864.482,11204.819,20069.301
4630,SUSC,2021-12-31,WORST,2041-06-04,158.744,0.0,158.744
4631,SUSC,2021-12-31,WORST,2041-06-05,397.613,0.0,397.613
4632,SUSC,2021-12-31,WORST,2041-06-06,616.945,0.0,616.945
4633,SUSC,2021-12-31,WORST,2041-06-07,283.622,0.0,283.622
4634,SUSC,2021-12-31,WORST,2041-06-10,672.946,0.0,672.946
4635,SUSC,2021-12-31,WORST,2041-06-14,376.476,0.0,376.476
4636,SUSC,2021-12-31,WORST,2041-06-17,8698.934,7891.566,16590.5
4637,SUSC,2021-12-31,WORST,2041-06-19,154.349,2771.084,2925.434
4638,SUSC,2021-12-31,WORST,2041-06-20,101.807,0.0,101.807
4639,SUSC,2021-12-31,WORST,2041-06-21,10.542,0.0,10.542
4640,SUSC,2021-12-31,WORST,2041-06-24,388.005,0.0,388.005
4641,SUSC,2021-12-31,WORST,2041-07-01,1504.999,0.0,1504.999
4642,SUSC,2021-12-31,WORST,2041-07-02,425.388,0.0,425.388
4643,SUSC,2021-12-31,WORST,2041-07-08,719.729,0.0,719.729
4644,SUSC,2021-12-31,WORST,2041-07-09,519.608,0.0,519.608
4645,SUSC,2021-12-31,WORST,2041-07-10,353.381,0.0,353.381
4646,SUSC,2021-12-31,WORST,2041-07-12,128.224,0.0,128.224
4647,SUSC,2021-12-31,WORST,2041-07-15,7216.965,6265.06,13482.026
4648,SUSC,2021-12-31,WORST,2041-07-16,362.538,0.0,362.538
4649,SUSC,2021-12-31,WORST,2041-07-17,239.029,0.0,239.029
4650,SUSC,2021-12-31,WORST,2041-07-22,1697.845,0.0,1697.845
4651,SUSC,2021-12-31,WORST,2041-07-23,1513.44,0.0,1513.44
4652,SUSC,2021-12-31,WORST,2041-07-24,695.268,0.0,695.268
4653,SUSC,2021-12-31,WORST,2041-07-25,264.211,0.0,264.211
4654,SUSC,2021-12-31,WORST,2041-07-26,39.006,0.0,39.006
4655,SUSC,2021-12-31,WORST,2041-07-29,1097.331,0.0,1097.331
4656,SUSC,2021-12-31,WORST,2041-07-30,617.545,0.0,617.545
4657,SUSC,2021-12-31,WORST,2041-07-31,239.232,0.0,239.232
4658,SUSC,2021-12-31,WORST,2041-08-01,5854.692,2228.916,8083.608
4659,SUSC,2021-12-31,WORST,2041-08-02,132.53,0.0,132.53
4660,SUSC,2021-12-31,WORST,2041-08-05,982.319,0.0,982.319
4661,SUSC,2021-12-31,WORST,2041-08-06,263.914,0.0,263.914
4662,SUSC,2021-12-31,WORST,2041-08-07,513.63,0.0,513.63
4663,SUSC,2021-12-31,WORST,2041-08-08,478.825,0.0,478.825
4664,SUSC,2021-12-31,WORST,2041-08-09,330.06,0.0,330.06
4665,SUSC,2021-12-31,WORST,2041-08-12,899.521,0.0,899.521
4666,SUSC,2021-12-31,WORST,2041-08-13,131.739,0.0,131.739
4667,SUSC,2021-12-31,WORST,2041-08-14,175.836,0.0,175.836
4668,SUSC,2021-12-31,WORST,2041-08-15,6637.033,1596.386,8233.418
4669,SUSC,2021-12-31,WORST,2041-08-16,193.775,3403.614,3597.39
4670,SUSC,2021-12-31,WORST,2041-08-19,932.18,0.0,932.18
4671,SUSC,2021-12-31,WORST,2041-08-20,327.756,0.0,327.756
4672,SUSC,2021-12-31,WORST,2041-08-21,891.994,0.0,891.994
4673,SUSC,2021-12-31,WORST,2041-08-22,684.384,0.0,684.384
4674,SUSC,2021-12-31,WORST,2041-08-23,455.196,0.0,455.196
4675,SUSC,2021-12-31,WORST,2041-08-26,527.79,0.0,527.79
4676,SUSC,2021-12-31,WORST,2041-08-27,152.259,0.0,152.259
4677,SUSC,2021-12-31,WORST,2041-08-28,198.75,0.0,198.75
4678,SUSC,2021-12-31,WORST,2041-09-03,8651.29,9036.145,17687.434
4679,SUSC,2021-12-31,WORST,2041-09-04,382.892,0.0,382.892
4680,SUSC,2021-12-31,WORST,2041-09-05,22.59,0.0,22.59
4681,SUSC,2021-12-31,WORST,2041-09-06,136.379,0.0,136.379
4682,SUSC,2021-12-31,WORST,2041-09-09,827.181,0.0,827.181
4683,SUSC,2021-12-31,WORST,2041-09-10,96.913,0.0,96.913
4684,SUSC,2021-12-31,WORST,2041-09-11,61.755,0.0,61.755
4685,SUSC,2021-12-31,WORST,2041-09-12,207.312,0.0,207.312
4686,SUSC,2021-12-31,WORST,2041-09-13,617.672,0.0,617.672
4687,SUSC,2021-12-31,WORST,2041-09-16,13329.2,30602.41,43931.61
4688,SUSC,2021-12-31,WORST,2041-09-17,1134.28,1506.024,2640.304
4689,SUSC,2021-12-31,WORST,2041-09-18,265.934,0.0,265.934
4690,SUSC,2021-12-31,WORST,2041-09-19,437.32,0.0,437.32
4691,SUSC,2021-12-31,WORST,2041-09-20,892.862,0.0,892.862
4692,SUSC,2021-12-31,WORST,2041-09-23,1262.387,2018.072,3280.459
4693,SUSC,2021-12-31,WORST,2041-09-24,223.024,0.0,223.024
4694,SUSC,2021-12-31,WORST,2041-09-25,1955.798,0.0,1955.798
4695,SUSC,2021-12-31,WORST,2041-09-26,265.663,0.0,265.663
4696,SUSC,2021-12-31,WORST,2041-09-27,153.869,0.0,153.869
4697,SUSC,2021-12-31,WORST,2041-09-30,804.172,0.0,804.172
4698,SUSC,2021-12-31,WORST,2041-10-01,8213.712,17349.398,25563.109
4699,SUSC,2021-12-31,WORST,2041-10-02,269.202,0.0,269.202
4700,SUSC,2021-12-31,WORST,2041-10-03,257.474,0.0,257.474
4701,SUSC,2021-12-31,WORST,2041-10-07,463.199,0.0,463.199
4702,SUSC,2021-12-31,WORST,2041-10-09,53.84,0.0,53.84
4703,SUSC,2021-12-31,WORST,2041-10-15,7643.658,9789.157,17432.814
4704,SUSC,2021-12-31,WORST,2041-10-16,194.814,0.0,194.814
4705,SUSC,2021-12-31,WORST,2041-10-17,164.556,0.0,164.556
4706,SUSC,2021-12-31,WORST,2041-10-21,433.998,0.0,433.998
4707,SUSC,2021-12-31,WORST,2041-10-22,388.083,0.0,388.083
4708,SUSC,2021-12-31,WORST,2041-10-23,536.124,0.0,536.124
4709,SUSC,2021-12-31,WORST,2041-10-24,215.64,0.0,215.64
4710,SUSC,2021-12-31,WORST,2041-10-25,65.956,0.0,65.956
4711,SUSC,2021-12-31,WORST,2041-10-28,533.898,0.0,533.898
4712,SUSC,2021-12-31,WORST,2041-10-30,403.965,0.0,403.965
4713,SUSC,2021-12-31,WORST,2041-11-01,6486.442,9849.398,16335.839
4714,SUSC,2021-12-31,WORST,2041-11-04,823.178,0.0,823.178
4715,SUSC,2021-12-31,WORST,2041-11-06,633.532,0.0,633.532
4716,SUSC,2021-12-31,WORST,2041-11-07,117.62,0.0,117.62
4717,SUSC,2021-12-31,WORST,2041-11-08,6.589,0.0,6.589
4718,SUSC,2021-12-31,WORST,2041-11-12,956.773,0.0,956.773
4719,SUSC,2021-12-31,WORST,2041-11-13,642.639,0.0,642.639
4720,SUSC,2021-12-31,WORST,2041-11-14,897.116,0.0,897.116
4721,SUSC,2021-12-31,WORST,2041-11-15,10925.052,7409.639,18334.691
4722,SUSC,2021-12-31,WORST,2041-11-18,926.671,1957.831,2884.502
4723,SUSC,2021-12-31,WORST,2041-11-19,179.631,0.0,179.631
4724,SUSC,2021-12-31,WORST,2041-11-20,552.218,0.0,552.218
4725,SUSC,2021-12-31,WORST,2041-11-21,659.865,0.0,659.865
4726,SUSC,2021-12-31,WORST,2041-11-22,80.663,0.0,80.663
4727,SUSC,2021-12-31,WORST,2041-11-25,221.358,0.0,221.358
4728,SUSC,2021-12-31,WORST,2041-11-26,85.904,0.0,85.904
4729,SUSC,2021-12-31,WORST,2041-11-29,234.525,0.0,234.525
4730,SUSC,2021-12-31,WORST,2041-12-02,9408.895,19728.916,29137.81
4731,SUSC,2021-12-31,WORST,2041-12-03,534.262,0.0,534.262
4732,SUSC,2021-12-31,WORST,2041-12-04,158.744,0.0,158.744
4733,SUSC,2021-12-31,WORST,2041-12-05,397.613,0.0,397.613
4734,SUSC,2021-12-31,WORST,2041-12-06,616.945,0.0,616.945
4735,SUSC,2021-12-31,WORST,2041-12-09,725.092,5000.0,5725.092
4736,SUSC,2021-12-31,WORST,2041-12-10,231.476,0.0,231.476
4737,SUSC,2021-12-31,WORST,2041-12-16,8735.922,11475.904,20211.826
4738,SUSC,2021-12-31,WORST,2041-12-17,108.66,0.0,108.66
4739,SUSC,2021-12-31,WORST,2041-12-19,126.205,0.0,126.205
4740,SUSC,2021-12-31,WORST,2041-12-20,101.807,0.0,101.807
4741,SUSC,2021-12-31,WORST,2041-12-23,329.27,0.0,329.27
4742,SUSC,2021-12-31,WORST,2041-12-24,69.277,0.0,69.277
4743,SUSC,2021-12-31,WORST,2041-12-30,319.303,0.0,319.303
4744,SUSC,2021-12-31,WORST,2042-01-02,1611.084,3102.41,4713.494
4745,SUSC,2021-12-31,WORST,2042-01-06,285.452,10572.289,10857.741
4746,SUSC,2021-12-31,WORST,2042-01-08,434.277,0.0,434.277
4747,SUSC,2021-12-31,WORST,2042-01-09,519.608,0.0,519.608
4748,SUSC,2021-12-31,WORST,2042-01-10,353.381,0.0,353.381
4749,SUSC,2021-12-31,WORST,2042-01-13,803.427,10843.373,11646.801
4750,SUSC,2021-12-31,WORST,2042-01-14,378.844,12319.277,12698.121
4751,SUSC,2021-12-31,WORST,2042-01-15,5987.496,15361.446,21348.942
4752,SUSC,2021-12-31,WORST,2042-01-16,362.538,0.0,362.538
4753,SUSC,2021-12-31,WORST,2042-01-17,239.029,0.0,239.029
4754,SUSC,2021-12-31,WORST,2042-01-21,1299.219,0.0,1299.219
4755,SUSC,2021-12-31,WORST,2042-01-22,398.626,0.0,398.626
4756,SUSC,2021-12-31,WORST,2042-01-23,1513.44,0.0,1513.44
4757,SUSC,2021-12-31,WORST,2042-01-24,695.268,0.0,695.268
4758,SUSC,2021-12-31,WORST,2042-01-27,795.386,0.0,795.386
4759,SUSC,2021-12-31,WORST,2042-01-28,206.871,0.0,206.871
4760,SUSC,2021-12-31,WORST,2042-01-29,398.291,0.0,398.291
4761,SUSC,2021-12-31,WORST,2042-01-30,617.545,2710.843,3328.389
4762,SUSC,2021-12-31,WORST,2042-01-31,239.232,0.0,239.232
4763,SUSC,2021-12-31,WORST,2042-02-03,6183.668,7048.193,13231.861
4764,SUSC,2021-12-31,WORST,2042-02-04,387.214,0.0,387.214
4765,SUSC,2021-12-31,WORST,2042-02-05,352.688,0.0,352.688
4766,SUSC,2021-12-31,WORST,2042-02-06,263.914,0.0,263.914
4767,SUSC,2021-12-31,WORST,2042-02-07,513.63,14036.145,14549.774
4768,SUSC,2021-12-31,WORST,2042-02-10,1078.374,0.0,1078.374
4769,SUSC,2021-12-31,WORST,2042-02-11,182.304,0.0,182.304
4770,SUSC,2021-12-31,WORST,2042-02-12,447.729,0.0,447.729
4771,SUSC,2021-12-31,WORST,2042-02-13,131.739,0.0,131.739
4772,SUSC,2021-12-31,WORST,2042-02-14,175.836,0.0,175.836
4773,SUSC,2021-12-31,WORST,2042-02-18,7343.869,10632.53,17976.399
4774,SUSC,2021-12-31,WORST,2042-02-19,300.365,0.0,300.365
4775,SUSC,2021-12-31,WORST,2042-02-20,327.756,0.0,327.756
4776,SUSC,2021-12-31,WORST,2042-02-21,891.994,6475.904,7367.897
4777,SUSC,2021-12-31,WORST,2042-02-24,1291.839,0.0,1291.839
4778,SUSC,2021-12-31,WORST,2042-02-25,214.202,0.0,214.202
4779,SUSC,2021-12-31,WORST,2042-02-26,313.588,0.0,313.588
4780,SUSC,2021-12-31,WORST,2042-02-28,198.75,0.0,198.75
4781,SUSC,2021-12-31,WORST,2042-03-03,8489.091,20150.602,28639.693
4782,SUSC,2021-12-31,WORST,2042-03-04,382.892,0.0,382.892
4783,SUSC,2021-12-31,WORST,2042-03-05,22.59,0.0,22.59
4784,SUSC,2021-12-31,WORST,2042-03-06,136.379,0.0,136.379
4785,SUSC,2021-12-31,WORST,2042-03-07,229.816,0.0,229.816
4786,SUSC,2021-12-31,WORST,2042-03-10,694.278,0.0,694.278
4787,SUSC,2021-12-31,WORST,2042-03-11,61.755,0.0,61.755
4788,SUSC,2021-12-31,WORST,2042-03-12,207.312,0.0,207.312
4789,SUSC,2021-12-31,WORST,2042-03-13,617.672,0.0,617.672
4790,SUSC,2021-12-31,WORST,2042-03-14,402.41,0.0,402.41
4791,SUSC,2021-12-31,WORST,2042-03-17,13230.05,35783.133,49013.183
4792,SUSC,2021-12-31,WORST,2042-03-18,265.934,0.0,265.934
4793,SUSC,2021-12-31,WORST,2042-03-19,437.32,0.0,437.32
4794,SUSC,2021-12-31,WORST,2042-03-20,892.862,0.0,892.862
4795,SUSC,2021-12-31,WORST,2042-03-21,226.657,0.0,226.657
4796,SUSC,2021-12-31,WORST,2042-03-24,1210.825,0.0,1210.825
4797,SUSC,2021-12-31,WORST,2042-03-25,1955.798,0.0,1955.798
4798,SUSC,2021-12-31,WORST,2042-03-26,265.663,2108.434,2374.096
4799,SUSC,2021-12-31,WORST,2042-03-27,153.869,0.0,153.869
4800,SUSC,2021-12-31,WORST,2042-03-28,109.834,0.0,109.834
4801,SUSC,2021-12-31,WORST,2042-03-31,694.337,0.0,694.337
4802,SUSC,2021-12-31,WORST,2042-04-01,7783.189,4698.795,12481.984
4803,SUSC,2021-12-31,WORST,2042-04-02,269.202,0.0,269.202
4804,SUSC,2021-12-31,WORST,2042-04-03,257.474,0.0,257.474
4805,SUSC,2021-12-31,WORST,2042-04-07,267.99,0.0,267.99
4806,SUSC,2021-12-31,WORST,2042-04-08,195.209,0.0,195.209
4807,SUSC,2021-12-31,WORST,2042-04-09,53.84,0.0,53.84
4808,SUSC,2021-12-31,WORST,2042-04-14,422.214,0.0,422.214
4809,SUSC,2021-12-31,WORST,2042-04-15,6990.209,1144.578,8134.787
4810,SUSC,2021-12-31,WORST,2042-04-16,194.814,0.0,194.814
4811,SUSC,2021-12-31,WORST,2042-04-17,164.556,0.0,164.556
4812,SUSC,2021-12-31,WORST,2042-04-21,433.998,0.0,433.998
4813,SUSC,2021-12-31,WORST,2042-04-22,388.083,0.0,388.083
4814,SUSC,2021-12-31,WORST,2042-04-23,536.124,0.0,536.124
4815,SUSC,2021-12-31,WORST,2042-04-24,215.64,0.0,215.64
4816,SUSC,2021-12-31,WORST,2042-04-25,65.956,0.0,65.956
4817,SUSC,2021-12-31,WORST,2042-04-28,533.898,0.0,533.898
4818,SUSC,2021-12-31,WORST,2042-04-30,403.965,0.0,403.965
4819,SUSC,2021-12-31,WORST,2042-05-01,6261.073,28102.41,34363.482
4820,SUSC,2021-12-31,WORST,2042-05-02,104.142,0.0,104.142
4821,SUSC,2021-12-31,WORST,2042-05-05,708.277,0.0,708.277
4822,SUSC,2021-12-31,WORST,2042-05-06,633.532,0.0,633.532
4823,SUSC,2021-12-31,WORST,2042-05-07,117.62,6626.506,6744.127
4824,SUSC,2021-12-31,WORST,2042-05-08,6.589,301.205,307.794
4825,SUSC,2021-12-31,WORST,2042-05-09,79.292,0.0,79.292
4826,SUSC,2021-12-31,WORST,2042-05-12,877.481,10692.771,11570.252
4827,SUSC,2021-12-31,WORST,2042-05-13,642.639,0.0,642.639
4828,SUSC,2021-12-31,WORST,2042-05-14,897.116,0.0,897.116
4829,SUSC,2021-12-31,WORST,2042-05-15,10733.26,18012.048,28745.308
4830,SUSC,2021-12-31,WORST,2042-05-16,703.411,0.0,703.411
4831,SUSC,2021-12-31,WORST,2042-05-19,372.221,0.0,372.221
4832,SUSC,2021-12-31,WORST,2042-05-20,552.218,0.0,552.218
4833,SUSC,2021-12-31,WORST,2042-05-21,659.865,0.0,659.865
4834,SUSC,2021-12-31,WORST,2042-05-22,80.663,0.0,80.663
4835,SUSC,2021-12-31,WORST,2042-05-23,129.337,0.0,129.337
4836,SUSC,2021-12-31,WORST,2042-05-27,177.925,0.0,177.925
4837,SUSC,2021-12-31,WORST,2042-05-29,234.525,0.0,234.525
4838,SUSC,2021-12-31,WORST,2042-05-30,1193.773,0.0,1193.773
4839,SUSC,2021-12-31,WORST,2042-06-02,7756.101,22289.157,30045.258
4840,SUSC,2021-12-31,WORST,2042-06-03,534.262,0.0,534.262
4841,SUSC,2021-12-31,WORST,2042-06-04,158.744,0.0,158.744
4842,SUSC,2021-12-31,WORST,2042-06-05,397.613,0.0,397.613
4843,SUSC,2021-12-31,WORST,2042-06-06,616.945,0.0,616.945
4844,SUSC,2021-12-31,WORST,2042-06-09,627.592,0.0,627.592
4845,SUSC,2021-12-31,WORST,2042-06-10,231.476,0.0,231.476
4846,SUSC,2021-12-31,WORST,2042-06-16,8419.363,20240.964,28660.327
4847,SUSC,2021-12-31,WORST,2042-06-17,108.66,0.0,108.66
4848,SUSC,2021-12-31,WORST,2042-06-19,126.205,0.0,126.205
4849,SUSC,2021-12-31,WORST,2042-06-20,101.807,5090.361,5192.169
4850,SUSC,2021-12-31,WORST,2042-06-23,329.27,0.0,329.27
4851,SUSC,2021-12-31,WORST,2042-06-24,69.277,0.0,69.277
4852,SUSC,2021-12-31,WORST,2042-06-30,319.303,0.0,319.303
4853,SUSC,2021-12-31,WORST,2042-07-01,1110.463,2861.446,3971.909
4854,SUSC,2021-12-31,WORST,2042-07-02,425.388,0.0,425.388
4855,SUSC,2021-12-31,WORST,2042-07-08,434.277,0.0,434.277
4856,SUSC,2021-12-31,WORST,2042-07-09,519.608,0.0,519.608
4857,SUSC,2021-12-31,WORST,2042-07-10,353.381,0.0,353.381
4858,SUSC,2021-12-31,WORST,2042-07-14,515.118,0.0,515.118
4859,SUSC,2021-12-31,WORST,2042-07-15,5646.073,15722.892,21368.965
4860,SUSC,2021-12-31,WORST,2042-07-16,362.538,301.205,663.742
4861,SUSC,2021-12-31,WORST,2042-07-17,239.029,0.0,239.029
4862,SUSC,2021-12-31,WORST,2042-07-21,1235.59,0.0,1235.59
4863,SUSC,2021-12-31,WORST,2042-07-22,398.626,0.0,398.626
4864,SUSC,2021-12-31,WORST,2042-07-23,1513.44,0.0,1513.44
4865,SUSC,2021-12-31,WORST,2042-07-24,695.268,18192.771,18888.039
4866,SUSC,2021-12-31,WORST,2042-07-25,264.211,0.0,264.211
4867,SUSC,2021-12-31,WORST,2042-07-28,738.046,0.0,738.046
4868,SUSC,2021-12-31,WORST,2042-07-29,398.291,0.0,398.291
4869,SUSC,2021-12-31,WORST,2042-07-30,537.914,0.0,537.914
4870,SUSC,2021-12-31,WORST,2042-07-31,239.232,2198.795,2438.027
4871,SUSC,2021-12-31,WORST,2042-08-01,5674.805,15451.807,21126.612
4872,SUSC,2021-12-31,WORST,2042-08-04,762.161,0.0,762.161
4873,SUSC,2021-12-31,WORST,2042-08-05,352.688,0.0,352.688
4874,SUSC,2021-12-31,WORST,2042-08-06,263.914,0.0,263.914
4875,SUSC,2021-12-31,WORST,2042-08-07,101.318,0.0,101.318
4876,SUSC,2021-12-31,WORST,2042-08-08,478.825,0.0,478.825
4877,SUSC,2021-12-31,WORST,2042-08-11,781.852,0.0,781.852
4878,SUSC,2021-12-31,WORST,2042-08-12,447.729,0.0,447.729
4879,SUSC,2021-12-31,WORST,2042-08-13,131.739,4698.795,4830.535
4880,SUSC,2021-12-31,WORST,2042-08-14,175.836,0.0,175.836
4881,SUSC,2021-12-31,WORST,2042-08-15,6330.158,4036.145,10366.302
4882,SUSC,2021-12-31,WORST,2042-08-18,751.136,0.0,751.136
4883,SUSC,2021-12-31,WORST,2042-08-19,300.365,0.0,300.365
4884,SUSC,2021-12-31,WORST,2042-08-20,327.756,0.0,327.756
4885,SUSC,2021-12-31,WORST,2042-08-21,758.428,0.0,758.428
4886,SUSC,2021-12-31,WORST,2042-08-22,684.384,0.0,684.384
4887,SUSC,2021-12-31,WORST,2042-08-25,669.398,0.0,669.398
4888,SUSC,2021-12-31,WORST,2042-08-26,465.847,0.0,465.847
4889,SUSC,2021-12-31,WORST,2042-08-28,198.75,0.0,198.75
4890,SUSC,2021-12-31,WORST,2042-09-02,7920.721,19969.88,27890.601
4891,SUSC,2021-12-31,WORST,2042-09-03,164.91,0.0,164.91
4892,SUSC,2021-12-31,WORST,2042-09-04,382.892,0.0,382.892
4893,SUSC,2021-12-31,WORST,2042-09-05,22.59,0.0,22.59
4894,SUSC,2021-12-31,WORST,2042-09-08,635.48,0.0,635.48
4895,SUSC,2021-12-31,WORST,2042-09-09,328.08,0.0,328.08
4896,SUSC,2021-12-31,WORST,2042-09-10,96.913,0.0,96.913
4897,SUSC,2021-12-31,WORST,2042-09-11,61.755,0.0,61.755
4898,SUSC,2021-12-31,WORST,2042-09-12,207.312,0.0,207.312
4899,SUSC,2021-12-31,WORST,2042-09-15,12308.457,21174.699,33483.156
4900,SUSC,2021-12-31,WORST,2042-09-16,30.648,0.0,30.648
4901,SUSC,2021-12-31,WORST,2042-09-17,1112.216,0.0,1112.216
4902,SUSC,2021-12-31,WORST,2042-09-18,265.934,9849.398,10115.331
4903,SUSC,2021-12-31,WORST,2042-09-19,437.32,0.0,437.32
4904,SUSC,2021-12-31,WORST,2042-09-22,1909.127,0.0,1909.127
4905,SUSC,2021-12-31,WORST,2042-09-23,198.193,0.0,198.193
4906,SUSC,2021-12-31,WORST,2042-09-24,223.024,0.0,223.024
4907,SUSC,2021-12-31,WORST,2042-09-25,1955.798,0.0,1955.798
4908,SUSC,2021-12-31,WORST,2042-09-26,217.854,0.0,217.854
4909,SUSC,2021-12-31,WORST,2042-09-29,263.703,0.0,263.703
4910,SUSC,2021-12-31,WORST,2042-09-30,694.337,0.0,694.337
4911,SUSC,2021-12-31,WORST,2042-10-01,7692.421,8614.458,16306.878
4912,SUSC,2021-12-31,WORST,2042-10-02,269.202,0.0,269.202
4913,SUSC,2021-12-31,WORST,2042-10-03,257.474,0.0,257.474
4914,SUSC,2021-12-31,WORST,2042-10-06,463.199,0.0,463.199
4915,SUSC,2021-12-31,WORST,2042-10-09,53.84,0.0,53.84
4916,SUSC,2021-12-31,WORST,2042-10-14,422.214,0.0,422.214
4917,SUSC,2021-12-31,WORST,2042-10-15,7003.748,10843.373,17847.121
4918,SUSC,2021-12-31,WORST,2042-10-16,194.814,0.0,194.814
4919,SUSC,2021-12-31,WORST,2042-10-17,164.556,0.0,164.556
4920,SUSC,2021-12-31,WORST,2042-10-20,139.307,0.0,139.307
4921,SUSC,2021-12-31,WORST,2042-10-21,294.691,0.0,294.691
4922,SUSC,2021-12-31,WORST,2042-10-22,388.083,0.0,388.083
4923,SUSC,2021-12-31,WORST,2042-10-23,536.124,0.0,536.124
4924,SUSC,2021-12-31,WORST,2042-10-24,215.64,0.0,215.64
4925,SUSC,2021-12-31,WORST,2042-10-27,525.947,0.0,525.947
4926,SUSC,2021-12-31,WORST,2042-10-28,73.908,0.0,73.908
4927,SUSC,2021-12-31,WORST,2042-10-30,403.965,0.0,403.965
4928,SUSC,2021-12-31,WORST,2042-11-03,6005.813,11716.867,17722.68
4929,SUSC,2021-12-31,WORST,2042-11-04,380.512,0.0,380.512
4930,SUSC,2021-12-31,WORST,2042-11-06,633.532,10993.976,11627.508
4931,SUSC,2021-12-31,WORST,2042-11-10,243.626,0.0,243.626
4932,SUSC,2021-12-31,WORST,2042-11-12,485.926,0.0,485.926
4933,SUSC,2021-12-31,WORST,2042-11-13,642.639,0.0,642.639
4934,SUSC,2021-12-31,WORST,2042-11-14,897.116,0.0,897.116
4935,SUSC,2021-12-31,WORST,2042-11-17,11041.423,13975.904,25017.326
4936,SUSC,2021-12-31,WORST,2042-11-18,192.59,0.0,192.59
4937,SUSC,2021-12-31,WORST,2042-11-19,179.631,0.0,179.631
4938,SUSC,2021-12-31,WORST,2042-11-20,552.218,0.0,552.218
4939,SUSC,2021-12-31,WORST,2042-11-21,659.865,0.0,659.865
4940,SUSC,2021-12-31,WORST,2042-11-24,233.72,0.0,233.72
4941,SUSC,2021-12-31,WORST,2042-11-25,68.301,0.0,68.301
4942,SUSC,2021-12-31,WORST,2042-11-26,85.904,0.0,85.904
4943,SUSC,2021-12-31,WORST,2042-12-01,8589.76,18343.373,26933.133
4944,SUSC,2021-12-31,WORST,2042-12-02,91.762,0.0,91.762
4945,SUSC,2021-12-31,WORST,2042-12-03,534.262,15512.048,16046.31
4946,SUSC,2021-12-31,WORST,2042-12-04,158.744,0.0,158.744
4947,SUSC,2021-12-31,WORST,2042-12-05,397.613,0.0,397.613
4948,SUSC,2021-12-31,WORST,2042-12-08,1037.218,0.0,1037.218
4949,SUSC,2021-12-31,WORST,2042-12-09,207.319,0.0,207.319
4950,SUSC,2021-12-31,WORST,2042-12-10,231.476,0.0,231.476
4951,SUSC,2021-12-31,WORST,2042-12-15,7991.562,2771.084,10762.646
4952,SUSC,2021-12-31,WORST,2042-12-17,108.66,0.0,108.66
4953,SUSC,2021-12-31,WORST,2042-12-19,126.205,0.0,126.205
4954,SUSC,2021-12-31,WORST,2042-12-22,170.346,0.0,170.346
4955,SUSC,2021-12-31,WORST,2042-12-23,158.923,0.0,158.923
4956,SUSC,2021-12-31,WORST,2042-12-24,69.277,0.0,69.277
4957,SUSC,2021-12-31,WORST,2042-12-29,59.153,0.0,59.153
4958,SUSC,2021-12-31,WORST,2042-12-30,260.15,0.0,260.15
4959,SUSC,2021-12-31,WORST,2043-01-02,1479.224,10331.325,11810.55
4960,SUSC,2021-12-31,WORST,2043-01-08,434.277,0.0,434.277
4961,SUSC,2021-12-31,WORST,2043-01-09,519.608,0.0,519.608
4962,SUSC,2021-12-31,WORST,2043-01-12,481.605,0.0,481.605
4963,SUSC,2021-12-31,WORST,2043-01-13,383.788,0.0,383.788
4964,SUSC,2021-12-31,WORST,2043-01-14,3.106,0.0,3.106
4965,SUSC,2021-12-31,WORST,2043-01-15,5264.793,10933.735,16198.528
4966,SUSC,2021-12-31,WORST,2043-01-16,355.949,0.0,355.949
4967,SUSC,2021-12-31,WORST,2043-01-20,1165.326,9186.747,10352.073
4968,SUSC,2021-12-31,WORST,2043-01-21,436.551,0.0,436.551
4969,SUSC,2021-12-31,WORST,2043-01-22,398.626,0.0,398.626
4970,SUSC,2021-12-31,WORST,2043-01-23,1513.44,0.0,1513.44
4971,SUSC,2021-12-31,WORST,2043-01-26,418.591,0.0,418.591
4972,SUSC,2021-12-31,WORST,2043-01-27,492.169,0.0,492.169
4973,SUSC,2021-12-31,WORST,2043-01-28,206.871,0.0,206.871
4974,SUSC,2021-12-31,WORST,2043-01-29,398.291,0.0,398.291
4975,SUSC,2021-12-31,WORST,2043-01-30,629.526,0.0,629.526
4976,SUSC,2021-12-31,WORST,2043-02-02,5576.473,12018.072,17594.545
4977,SUSC,2021-12-31,WORST,2043-02-03,242.417,0.0,242.417
4978,SUSC,2021-12-31,WORST,2043-02-04,387.214,0.0,387.214
4979,SUSC,2021-12-31,WORST,2043-02-05,352.688,0.0,352.688
4980,SUSC,2021-12-31,WORST,2043-02-06,263.914,0.0,263.914
4981,SUSC,2021-12-31,WORST,2043-02-09,910.203,0.0,910.203
4982,SUSC,2021-12-31,WORST,2043-02-10,269.488,0.0,269.488
4983,SUSC,2021-12-31,WORST,2043-02-11,182.304,8102.41,8284.714
4984,SUSC,2021-12-31,WORST,2043-02-12,447.729,0.0,447.729
4985,SUSC,2021-12-31,WORST,2043-02-13,34.827,0.0,34.827
4986,SUSC,2021-12-31,WORST,2043-02-17,6940.544,451.807,7392.351
4987,SUSC,2021-12-31,WORST,2043-02-18,232.53,0.0,232.53
4988,SUSC,2021-12-31,WORST,2043-02-19,300.365,7439.759,7740.124
4989,SUSC,2021-12-31,WORST,2043-02-20,327.756,0.0,327.756
4990,SUSC,2021-12-31,WORST,2043-02-23,1898.008,0.0,1898.008
4991,SUSC,2021-12-31,WORST,2043-02-24,152.259,0.0,152.259
4992,SUSC,2021-12-31,WORST,2043-02-25,214.202,0.0,214.202
4993,SUSC,2021-12-31,WORST,2043-02-26,313.588,0.0,313.588
4994,SUSC,2021-12-31,WORST,2043-03-02,7683.771,7981.928,15665.699
4995,SUSC,2021-12-31,WORST,2043-03-03,164.91,0.0,164.91
4996,SUSC,2021-12-31,WORST,2043-03-04,382.892,0.0,382.892
4997,SUSC,2021-12-31,WORST,2043-03-05,22.59,0.0,22.59
4998,SUSC,2021-12-31,WORST,2043-03-06,136.379,0.0,136.379
4999,SUSC,2021-12-31,WORST,2043-03-09,827.181,0.0,827.181
5000,SUSC,2021-12-31,WORST,2043-03-10,96.913,0.0,96.913
5001,SUSC,2021-12-31,WORST,2043-03-11,61.755,0.0,61.755
5002,SUSC,2021-12-31,WORST,2043-03-12,207.312,0.0,207.312
5003,SUSC,2021-12-31,WORST,2043-03-13,617.672,0.0,617.672
5004,SUSC,2021-12-31,WORST,2043-03-16,11268.391,21385.542,32653.933
5005,SUSC,2021-12-31,WORST,2043-03-17,1112.216,0.0,1112.216
5006,SUSC,2021-12-31,WORST,2043-03-18,68.946,3283.133,3352.078
5007,SUSC,2021-12-31,WORST,2043-03-19,437.32,0.0,437.32
5008,SUSC,2021-12-31,WORST,2043-03-20,892.862,0.0,892.862
5009,SUSC,2021-12-31,WORST,2043-03-23,1214.458,0.0,1214.458
5010,SUSC,2021-12-31,WORST,2043-03-24,223.024,0.0,223.024
5011,SUSC,2021-12-31,WORST,2043-03-25,1955.798,4698.795,6654.593
5012,SUSC,2021-12-31,WORST,2043-03-26,217.854,0.0,217.854
5013,SUSC,2021-12-31,WORST,2043-03-27,153.869,0.0,153.869
5014,SUSC,2021-12-31,WORST,2043-03-30,579.322,4548.193,5127.515
5015,SUSC,2021-12-31,WORST,2043-03-31,224.849,0.0,224.849
5016,SUSC,2021-12-31,WORST,2043-04-01,7518.192,11716.867,19235.06
5017,SUSC,2021-12-31,WORST,2043-04-02,269.202,0.0,269.202
5018,SUSC,2021-12-31,WORST,2043-04-03,257.474,0.0,257.474
5019,SUSC,2021-12-31,WORST,2043-04-06,463.199,0.0,463.199
5020,SUSC,2021-12-31,WORST,2043-04-09,53.84,0.0,53.84
5021,SUSC,2021-12-31,WORST,2043-04-14,422.214,0.0,422.214
5022,SUSC,2021-12-31,WORST,2043-04-15,6767.302,6777.108,13544.411
5023,SUSC,2021-12-31,WORST,2043-04-16,194.814,8373.494,8568.308
5024,SUSC,2021-12-31,WORST,2043-04-17,164.556,0.0,164.556
5025,SUSC,2021-12-31,WORST,2043-04-20,139.307,0.0,139.307
5026,SUSC,2021-12-31,WORST,2043-04-21,294.691,0.0,294.691
5027,SUSC,2021-12-31,WORST,2043-04-22,388.083,0.0,388.083
5028,SUSC,2021-12-31,WORST,2043-04-23,536.124,0.0,536.124
5029,SUSC,2021-12-31,WORST,2043-04-24,215.64,0.0,215.64
5030,SUSC,2021-12-31,WORST,2043-04-27,525.947,0.0,525.947
5031,SUSC,2021-12-31,WORST,2043-04-28,73.908,0.0,73.908
5032,SUSC,2021-12-31,WORST,2043-04-30,403.965,0.0,403.965
5033,SUSC,2021-12-31,WORST,2043-05-01,5476.306,2168.675,7644.981
5034,SUSC,2021-12-31,WORST,2043-05-04,701.31,9668.675,10369.985
5035,SUSC,2021-12-31,WORST,2043-05-06,391.664,0.0,391.664
5036,SUSC,2021-12-31,WORST,2043-05-11,602.707,1656.627,2259.334
5037,SUSC,2021-12-31,WORST,2043-05-12,126.845,0.0,126.845
5038,SUSC,2021-12-31,WORST,2043-05-13,642.639,0.0,642.639
5039,SUSC,2021-12-31,WORST,2043-05-14,897.116,0.0,897.116
5040,SUSC,2021-12-31,WORST,2043-05-15,10055.259,12981.928,23037.187
5041,SUSC,2021-12-31,WORST,2043-05-18,896.002,2319.277,3215.279
5042,SUSC,2021-12-31,WORST,2043-05-19,179.631,0.0,179.631
5043,SUSC,2021-12-31,WORST,2043-05-20,552.218,0.0,552.218
5044,SUSC,2021-12-31,WORST,2043-05-21,659.865,0.0,659.865
5045,SUSC,2021-12-31,WORST,2043-05-22,80.663,0.0,80.663
5046,SUSC,2021-12-31,WORST,2043-05-26,307.262,4578.313,4885.575
5047,SUSC,2021-12-31,WORST,2043-05-29,234.525,0.0,234.525
5048,SUSC,2021-12-31,WORST,2043-06-01,7990.483,0.0,7990.483
5049,SUSC,2021-12-31,WORST,2043-06-02,91.762,0.0,91.762
5050,SUSC,2021-12-31,WORST,2043-06-03,220.143,0.0,220.143
5051,SUSC,2021-12-31,WORST,2043-06-04,158.744,0.0,158.744
5052,SUSC,2021-12-31,WORST,2043-06-05,397.613,7831.325,8228.938
5053,SUSC,2021-12-31,WORST,2043-06-08,1037.218,0.0,1037.218
5054,SUSC,2021-12-31,WORST,2043-06-09,207.319,0.0,207.319
5055,SUSC,2021-12-31,WORST,2043-06-10,231.476,0.0,231.476
5056,SUSC,2021-12-31,WORST,2043-06-15,7932.677,13765.06,21697.737
5057,SUSC,2021-12-31,WORST,2043-06-17,108.66,0.0,108.66
5058,SUSC,2021-12-31,WORST,2043-06-19,126.205,0.0,126.205
5059,SUSC,2021-12-31,WORST,2043-06-22,170.346,0.0,170.346
5060,SUSC,2021-12-31,WORST,2043-06-23,158.923,0.0,158.923
5061,SUSC,2021-12-31,WORST,2043-06-24,69.277,0.0,69.277
5062,SUSC,2021-12-31,WORST,2043-06-29,59.153,0.0,59.153
5063,SUSC,2021-12-31,WORST,2043-06-30,260.15,0.0,260.15
5064,SUSC,2021-12-31,WORST,2043-07-01,780.056,0.0,780.056
5065,SUSC,2021-12-31,WORST,2043-07-02,425.388,0.0,425.388
5066,SUSC,2021-12-31,WORST,2043-07-08,434.277,0.0,434.277
5067,SUSC,2021-12-31,WORST,2043-07-09,519.608,0.0,519.608
5068,SUSC,2021-12-31,WORST,2043-07-10,353.381,0.0,353.381
5069,SUSC,2021-12-31,WORST,2043-07-13,512.011,0.0,512.011
5070,SUSC,2021-12-31,WORST,2043-07-14,3.106,0.0,3.106
5071,SUSC,2021-12-31,WORST,2043-07-15,5016.367,10331.325,15347.692
5072,SUSC,2021-12-31,WORST,2043-07-16,355.949,0.0,355.949
5073,SUSC,2021-12-31,WORST,2043-07-17,94.45,0.0,94.45
5074,SUSC,2021-12-31,WORST,2043-07-20,799.039,0.0,799.039
5075,SUSC,2021-12-31,WORST,2043-07-21,436.551,0.0,436.551
5076,SUSC,2021-12-31,WORST,2043-07-22,398.626,0.0,398.626
5077,SUSC,2021-12-31,WORST,2043-07-23,1513.44,0.0,1513.44
5078,SUSC,2021-12-31,WORST,2043-07-24,115.373,0.0,115.373
5079,SUSC,2021-12-31,WORST,2043-07-27,795.386,0.0,795.386
5080,SUSC,2021-12-31,WORST,2043-07-28,206.871,0.0,206.871
5081,SUSC,2021-12-31,WORST,2043-07-29,398.291,0.0,398.291
5082,SUSC,2021-12-31,WORST,2043-07-30,537.914,0.0,537.914
5083,SUSC,2021-12-31,WORST,2043-07-31,191.958,0.0,191.958
5084,SUSC,2021-12-31,WORST,2043-08-03,5420.63,17620.482,23041.112
5085,SUSC,2021-12-31,WORST,2043-08-04,387.214,0.0,387.214
5086,SUSC,2021-12-31,WORST,2043-08-05,352.688,0.0,352.688
5087,SUSC,2021-12-31,WORST,2043-08-06,263.914,7680.723,7944.637
5088,SUSC,2021-12-31,WORST,2043-08-07,101.318,0.0,101.318
5089,SUSC,2021-12-31,WORST,2043-08-10,1078.374,0.0,1078.374
5090,SUSC,2021-12-31,WORST,2043-08-12,447.729,0.0,447.729
5091,SUSC,2021-12-31,WORST,2043-08-13,34.827,0.0,34.827
5092,SUSC,2021-12-31,WORST,2043-08-14,175.836,0.0,175.836
5093,SUSC,2021-12-31,WORST,2043-08-17,6754.317,7740.964,14495.281
5094,SUSC,2021-12-31,WORST,2043-08-18,232.53,0.0,232.53
5095,SUSC,2021-12-31,WORST,2043-08-19,137.62,0.0,137.62
5096,SUSC,2021-12-31,WORST,2043-08-20,327.756,0.0,327.756
5097,SUSC,2021-12-31,WORST,2043-08-21,758.428,0.0,758.428
5098,SUSC,2021-12-31,WORST,2043-08-24,1291.839,0.0,1291.839
5099,SUSC,2021-12-31,WORST,2043-08-25,214.202,0.0,214.202
5100,SUSC,2021-12-31,WORST,2043-08-26,313.588,0.0,313.588
5101,SUSC,2021-12-31,WORST,2043-08-28,198.75,0.0,198.75
5102,SUSC,2021-12-31,WORST,2043-09-01,7158.982,19036.145,26195.126
5103,SUSC,2021-12-31,WORST,2043-09-02,98.788,0.0,98.788
5104,SUSC,2021-12-31,WORST,2043-09-03,164.91,0.0,164.91
5105,SUSC,2021-12-31,WORST,2043-09-04,382.892,2650.602,3033.494
5106,SUSC,2021-12-31,WORST,2043-09-08,658.071,0.0,658.071
5107,SUSC,2021-12-31,WORST,2043-09-09,328.08,0.0,328.08
5108,SUSC,2021-12-31,WORST,2043-09-10,96.913,0.0,96.913
5109,SUSC,2021-12-31,WORST,2043-09-11,61.755,0.0,61.755
5110,SUSC,2021-12-31,WORST,2043-09-14,1227.393,6415.663,7643.056
5111,SUSC,2021-12-31,WORST,2043-09-15,10303.263,39006.024,49309.287
5112,SUSC,2021-12-31,WORST,2043-09-16,30.648,0.0,30.648
5113,SUSC,2021-12-31,WORST,2043-09-17,1112.216,0.0,1112.216
5114,SUSC,2021-12-31,WORST,2043-09-21,1556.839,0.0,1556.839
5115,SUSC,2021-12-31,WORST,2043-09-22,789.608,0.0,789.608
5116,SUSC,2021-12-31,WORST,2043-09-23,198.193,0.0,198.193
5117,SUSC,2021-12-31,WORST,2043-09-24,223.024,0.0,223.024
5118,SUSC,2021-12-31,WORST,2043-09-25,1816.009,0.0,1816.009
5119,SUSC,2021-12-31,WORST,2043-09-28,481.557,0.0,481.557
5120,SUSC,2021-12-31,WORST,2043-09-30,564.714,0.0,564.714
5121,SUSC,2021-12-31,WORST,2043-10-01,7223.08,26544.75,33767.83
5122,SUSC,2021-12-31,WORST,2043-10-02,269.202,8614.458,8883.66
5123,SUSC,2021-12-31,WORST,2043-10-05,440.76,0.0,440.76
5124,SUSC,2021-12-31,WORST,2043-10-06,279.912,0.0,279.912
5125,SUSC,2021-12-31,WORST,2043-10-09,53.84,0.0,53.84
5126,SUSC,2021-12-31,WORST,2043-10-14,422.214,0.0,422.214
5127,SUSC,2021-12-31,WORST,2043-10-15,6610.57,6325.301,12935.871
5128,SUSC,2021-12-31,WORST,2043-10-19,164.556,0.0,164.556
5129,SUSC,2021-12-31,WORST,2043-10-20,139.307,0.0,139.307
5130,SUSC,2021-12-31,WORST,2043-10-21,294.691,0.0,294.691
5131,SUSC,2021-12-31,WORST,2043-10-22,388.083,0.0,388.083
5132,SUSC,2021-12-31,WORST,2043-10-23,536.124,0.0,536.124
5133,SUSC,2021-12-31,WORST,2043-10-26,494.736,0.0,494.736
5134,SUSC,2021-12-31,WORST,2043-10-27,246.85,0.0,246.85
5135,SUSC,2021-12-31,WORST,2043-10-28,73.908,0.0,73.908
5136,SUSC,2021-12-31,WORST,2043-10-30,403.965,0.0,403.965
5137,SUSC,2021-12-31,WORST,2043-11-02,5441.14,2168.675,7609.815
5138,SUSC,2021-12-31,WORST,2043-11-03,316.657,0.0,316.657
5139,SUSC,2021-12-31,WORST,2043-11-04,194.39,0.0,194.39
5140,SUSC,2021-12-31,WORST,2043-11-06,391.664,0.0,391.664
5141,SUSC,2021-12-31,WORST,2043-11-09,79.292,0.0,79.292
5142,SUSC,2021-12-31,WORST,2043-11-10,128.095,0.0,128.095
5143,SUSC,2021-12-31,WORST,2043-11-12,485.926,0.0,485.926
5144,SUSC,2021-12-31,WORST,2043-11-13,642.639,5421.687,6064.326
5145,SUSC,2021-12-31,WORST,2043-11-16,11350.561,21325.301,32675.862
5146,SUSC,2021-12-31,WORST,2043-11-18,144.465,0.0,144.465
5147,SUSC,2021-12-31,WORST,2043-11-19,179.631,0.0,179.631
5148,SUSC,2021-12-31,WORST,2043-11-20,552.218,0.0,552.218
5149,SUSC,2021-12-31,WORST,2043-11-23,740.527,0.0,740.527
5150,SUSC,2021-12-31,WORST,2043-11-24,23.72,0.0,23.72
5151,SUSC,2021-12-31,WORST,2043-11-25,68.301,0.0,68.301
5152,SUSC,2021-12-31,WORST,2043-11-27,85.904,0.0,85.904
5153,SUSC,2021-12-31,WORST,2043-11-30,1508.539,5301.205,6809.743
5154,SUSC,2021-12-31,WORST,2043-12-01,6716.47,8644.578,15361.048
5155,SUSC,2021-12-31,WORST,2043-12-02,91.762,0.0,91.762
5156,SUSC,2021-12-31,WORST,2043-12-03,220.143,0.0,220.143
5157,SUSC,2021-12-31,WORST,2043-12-04,158.744,0.0,158.744
5158,SUSC,2021-12-31,WORST,2043-12-07,1098.12,0.0,1098.12
5159,SUSC,2021-12-31,WORST,2043-12-08,136.651,0.0,136.651
5160,SUSC,2021-12-31,WORST,2043-12-09,207.319,2650.602,2857.922
5161,SUSC,2021-12-31,WORST,2043-12-10,231.476,5090.361,5321.837
5162,SUSC,2021-12-31,WORST,2043-12-14,376.476,0.0,376.476
5163,SUSC,2021-12-31,WORST,2043-12-15,7208.347,18373.494,25581.841
5164,SUSC,2021-12-31,WORST,2043-12-17,108.66,0.0,108.66
5165,SUSC,2021-12-31,WORST,2043-12-21,136.747,0.0,136.747
5166,SUSC,2021-12-31,WORST,2043-12-22,159.804,0.0,159.804
5167,SUSC,2021-12-31,WORST,2043-12-23,158.923,0.0,158.923
5168,SUSC,2021-12-31,WORST,2043-12-24,69.277,2409.639,2478.916
5169,SUSC,2021-12-31,WORST,2043-12-29,59.153,0.0,59.153
5170,SUSC,2021-12-31,WORST,2043-12-30,260.15,0.0,260.15
5171,SUSC,2021-12-31,WORST,2044-01-04,1205.444,10632.53,11837.974
5172,SUSC,2021-12-31,WORST,2044-01-08,434.277,18343.373,18777.651
5173,SUSC,2021-12-31,WORST,2044-01-11,623.573,0.0,623.573
5174,SUSC,2021-12-31,WORST,2044-01-12,377.64,0.0,377.64
5175,SUSC,2021-12-31,WORST,2044-01-13,383.788,0.0,383.788
5176,SUSC,2021-12-31,WORST,2044-01-14,3.106,0.0,3.106
5177,SUSC,2021-12-31,WORST,2044-01-15,4739.266,17500.0,22239.266
5178,SUSC,2021-12-31,WORST,2044-01-19,450.399,5512.048,5962.447
5179,SUSC,2021-12-31,WORST,2044-01-20,799.039,0.0,799.039
5180,SUSC,2021-12-31,WORST,2044-01-21,436.551,13433.735,13870.286
5181,SUSC,2021-12-31,WORST,2044-01-22,398.626,0.0,398.626
5182,SUSC,2021-12-31,WORST,2044-01-25,1893.025,0.0,1893.025
5183,SUSC,2021-12-31,WORST,2044-01-26,39.006,0.0,39.006
5184,SUSC,2021-12-31,WORST,2044-01-27,492.169,0.0,492.169
5185,SUSC,2021-12-31,WORST,2044-01-28,206.871,0.0,206.871
5186,SUSC,2021-12-31,WORST,2044-01-29,489.902,0.0,489.902
5187,SUSC,2021-12-31,WORST,2044-02-01,5249.285,19307.229,24556.514
5188,SUSC,2021-12-31,WORST,2044-02-02,132.53,0.0,132.53
5189,SUSC,2021-12-31,WORST,2044-02-03,242.417,0.0,242.417
5190,SUSC,2021-12-31,WORST,2044-02-04,387.214,0.0,387.214
5191,SUSC,2021-12-31,WORST,2044-02-05,352.688,0.0,352.688
5192,SUSC,2021-12-31,WORST,2044-02-08,632.837,0.0,632.837
5193,SUSC,2021-12-31,WORST,2044-02-09,330.06,0.0,330.06
5194,SUSC,2021-12-31,WORST,2044-02-10,269.488,0.0,269.488
5195,SUSC,2021-12-31,WORST,2044-02-12,447.729,0.0,447.729
5196,SUSC,2021-12-31,WORST,2044-02-16,6377.009,14668.675,21045.683
5197,SUSC,2021-12-31,WORST,2044-02-17,399.285,0.0,399.285
5198,SUSC,2021-12-31,WORST,2044-02-18,232.53,0.0,232.53
5199,SUSC,2021-12-31,WORST,2044-02-19,137.62,0.0,137.62
5200,SUSC,2021-12-31,WORST,2044-02-22,1770.568,0.0,1770.568
5201,SUSC,2021-12-31,WORST,2044-02-23,455.196,0.0,455.196
5202,SUSC,2021-12-31,WORST,2044-02-24,152.259,0.0,152.259
5203,SUSC,2021-12-31,WORST,2044-02-25,214.202,0.0,214.202
5204,SUSC,2021-12-31,WORST,2044-02-26,313.588,0.0,313.588
5205,SUSC,2021-12-31,WORST,2044-02-29,198.75,0.0,198.75
5206,SUSC,2021-12-31,WORST,2044-03-01,6716.376,10783.133,17499.509
5207,SUSC,2021-12-31,WORST,2044-03-02,98.788,0.0,98.788
5208,SUSC,2021-12-31,WORST,2044-03-03,164.91,0.0,164.91
5209,SUSC,2021-12-31,WORST,2044-03-04,311.325,0.0,311.325
5210,SUSC,2021-12-31,WORST,2044-03-07,388.785,0.0,388.785
5211,SUSC,2021-12-31,WORST,2044-03-08,269.286,0.0,269.286
5212,SUSC,2021-12-31,WORST,2044-03-09,328.08,0.0,328.08
5213,SUSC,2021-12-31,WORST,2044-03-10,96.913,0.0,96.913
5214,SUSC,2021-12-31,WORST,2044-03-11,61.755,0.0,61.755
5215,SUSC,2021-12-31,WORST,2044-03-14,1025.047,8524.096,9549.144
5216,SUSC,2021-12-31,WORST,2044-03-15,9381.316,13704.819,23086.136
5217,SUSC,2021-12-31,WORST,2044-03-16,30.648,0.0,30.648
5218,SUSC,2021-12-31,WORST,2044-03-17,1112.216,0.0,1112.216
5219,SUSC,2021-12-31,WORST,2044-03-21,1556.839,0.0,1556.839
5220,SUSC,2021-12-31,WORST,2044-03-22,789.608,0.0,789.608
5221,SUSC,2021-12-31,WORST,2044-03-23,198.193,0.0,198.193
5222,SUSC,2021-12-31,WORST,2044-03-24,223.024,0.0,223.024
5223,SUSC,2021-12-31,WORST,2044-03-25,1816.009,0.0,1816.009
5224,SUSC,2021-12-31,WORST,2044-03-28,481.557,0.0,481.557
5225,SUSC,2021-12-31,WORST,2044-03-30,339.864,0.0,339.864
5226,SUSC,2021-12-31,WORST,2044-03-31,224.849,0.0,224.849
5227,SUSC,2021-12-31,WORST,2044-04-01,6574.291,30662.651,37236.942
5228,SUSC,2021-12-31,WORST,2044-04-04,257.474,0.0,257.474
5229,SUSC,2021-12-31,WORST,2044-04-05,183.286,0.0,183.286
5230,SUSC,2021-12-31,WORST,2044-04-06,279.912,0.0,279.912
5231,SUSC,2021-12-31,WORST,2044-04-11,53.84,0.0,53.84
5232,SUSC,2021-12-31,WORST,2044-04-14,422.214,0.0,422.214
5233,SUSC,2021-12-31,WORST,2044-04-15,6026.331,10843.373,16869.704
5234,SUSC,2021-12-31,WORST,2044-04-18,164.556,0.0,164.556
5235,SUSC,2021-12-31,WORST,2044-04-19,448.245,0.0,448.245
5236,SUSC,2021-12-31,WORST,2044-04-20,139.307,0.0,139.307
5237,SUSC,2021-12-31,WORST,2044-04-21,294.691,0.0,294.691
5238,SUSC,2021-12-31,WORST,2044-04-22,388.083,1204.819,1592.902
5239,SUSC,2021-12-31,WORST,2044-04-25,817.72,2469.88,3287.6
5240,SUSC,2021-12-31,WORST,2044-04-26,213.14,0.0,213.14
5241,SUSC,2021-12-31,WORST,2044-04-27,246.85,0.0,246.85
5242,SUSC,2021-12-31,WORST,2044-04-28,73.908,0.0,73.908
5243,SUSC,2021-12-31,WORST,2044-05-02,5789.327,5210.843,11000.17
5244,SUSC,2021-12-31,WORST,2044-05-03,316.657,0.0,316.657
5245,SUSC,2021-12-31,WORST,2044-05-04,194.39,0.0,194.39
5246,SUSC,2021-12-31,WORST,2044-05-06,391.664,16325.301,16716.965
5247,SUSC,2021-12-31,WORST,2044-05-09,79.292,0.0,79.292
5248,SUSC,2021-12-31,WORST,2044-05-10,128.095,0.0,128.095
5249,SUSC,2021-12-31,WORST,2044-05-11,359.081,0.0,359.081
5250,SUSC,2021-12-31,WORST,2044-05-12,126.845,0.0,126.845
5251,SUSC,2021-12-31,WORST,2044-05-13,510.486,0.0,510.486
5252,SUSC,2021-12-31,WORST,2044-05-16,10826.069,28102.41,38928.479
5253,SUSC,2021-12-31,WORST,2044-05-18,144.465,0.0,144.465
5254,SUSC,2021-12-31,WORST,2044-05-19,179.631,0.0,179.631
5255,SUSC,2021-12-31,WORST,2044-05-20,552.218,0.0,552.218
5256,SUSC,2021-12-31,WORST,2044-05-23,740.527,1475.904,2216.431
5257,SUSC,2021-12-31,WORST,2044-05-24,23.72,0.0,23.72
5258,SUSC,2021-12-31,WORST,2044-05-25,68.301,0.0,68.301
5259,SUSC,2021-12-31,WORST,2044-05-26,85.904,0.0,85.904
5260,SUSC,2021-12-31,WORST,2044-05-31,1366.069,0.0,1366.069
5261,SUSC,2021-12-31,WORST,2044-06-01,6490.303,8885.542,15375.845
5262,SUSC,2021-12-31,WORST,2044-06-02,91.762,0.0,91.762
5263,SUSC,2021-12-31,WORST,2044-06-03,220.143,0.0,220.143
5264,SUSC,2021-12-31,WORST,2044-06-06,973.242,7981.928,8955.169
5265,SUSC,2021-12-31,WORST,2044-06-07,283.622,0.0,283.622
5266,SUSC,2021-12-31,WORST,2044-06-08,136.651,0.0,136.651
5267,SUSC,2021-12-31,WORST,2044-06-09,135.09,0.0,135.09
5268,SUSC,2021-12-31,WORST,2044-06-10,116.943,0.0,116.943
5269,SUSC,2021-12-31,WORST,2044-06-14,352.922,0.0,352.922
5270,SUSC,2021-12-31,WORST,2044-06-15,6758.196,12469.88,19228.076
5271,SUSC,2021-12-31,WORST,2044-06-17,108.66,0.0,108.66
5272,SUSC,2021-12-31,WORST,2044-06-20,126.205,0.0,126.205
5273,SUSC,2021-12-31,WORST,2044-06-21,10.542,0.0,10.542
5274,SUSC,2021-12-31,WORST,2044-06-22,159.804,0.0,159.804
5275,SUSC,2021-12-31,WORST,2044-06-23,158.923,0.0,158.923
5276,SUSC,2021-12-31,WORST,2044-06-29,59.153,0.0,59.153
5277,SUSC,2021-12-31,WORST,2044-06-30,260.15,0.0,260.15
5278,SUSC,2021-12-31,WORST,2044-07-01,689.243,0.0,689.243
5279,SUSC,2021-12-31,WORST,2044-07-05,272.846,0.0,272.846
5280,SUSC,2021-12-31,WORST,2044-07-11,872.989,0.0,872.989
5281,SUSC,2021-12-31,WORST,2044-07-12,128.224,0.0,128.224
5282,SUSC,2021-12-31,WORST,2044-07-13,383.788,0.0,383.788
5283,SUSC,2021-12-31,WORST,2044-07-14,3.106,0.0,3.106
5284,SUSC,2021-12-31,WORST,2044-07-15,4273.566,13162.651,17436.216
5285,SUSC,2021-12-31,WORST,2044-07-18,326.378,0.0,326.378
5286,SUSC,2021-12-31,WORST,2044-07-20,799.039,0.0,799.039
5287,SUSC,2021-12-31,WORST,2044-07-21,100.708,0.0,100.708
5288,SUSC,2021-12-31,WORST,2044-07-22,398.626,0.0,398.626
5289,SUSC,2021-12-31,WORST,2044-07-25,1893.025,0.0,1893.025
5290,SUSC,2021-12-31,WORST,2044-07-26,39.006,0.0,39.006
5291,SUSC,2021-12-31,WORST,2044-07-27,492.169,0.0,492.169
5292,SUSC,2021-12-31,WORST,2044-07-28,206.871,0.0,206.871
5293,SUSC,2021-12-31,WORST,2044-07-29,489.902,0.0,489.902
5294,SUSC,2021-12-31,WORST,2044-08-01,4792.3,31325.301,36117.602
5295,SUSC,2021-12-31,WORST,2044-08-02,132.53,0.0,132.53
5296,SUSC,2021-12-31,WORST,2044-08-03,242.417,0.0,242.417
5297,SUSC,2021-12-31,WORST,2044-08-04,387.214,0.0,387.214
5298,SUSC,2021-12-31,WORST,2044-08-05,352.688,0.0,352.688
5299,SUSC,2021-12-31,WORST,2044-08-08,632.837,0.0,632.837
5300,SUSC,2021-12-31,WORST,2044-08-09,330.06,0.0,330.06
5301,SUSC,2021-12-31,WORST,2044-08-10,269.488,10993.976,11263.464
5302,SUSC,2021-12-31,WORST,2044-08-12,447.729,16265.06,16712.789
5303,SUSC,2021-12-31,WORST,2044-08-15,5907.642,15030.12,20937.763
5304,SUSC,2021-12-31,WORST,2044-08-16,119.321,0.0,119.321
5305,SUSC,2021-12-31,WORST,2044-08-17,399.285,0.0,399.285
5306,SUSC,2021-12-31,WORST,2044-08-18,232.53,0.0,232.53
5307,SUSC,2021-12-31,WORST,2044-08-19,137.62,0.0,137.62
5308,SUSC,2021-12-31,WORST,2044-08-22,1770.568,0.0,1770.568
5309,SUSC,2021-12-31,WORST,2044-08-23,455.196,0.0,455.196
5310,SUSC,2021-12-31,WORST,2044-08-24,152.259,0.0,152.259
5311,SUSC,2021-12-31,WORST,2044-08-25,214.202,0.0,214.202
5312,SUSC,2021-12-31,WORST,2044-08-26,313.588,0.0,313.588
5313,SUSC,2021-12-31,WORST,2044-08-29,198.75,0.0,198.75
5314,SUSC,2021-12-31,WORST,2044-09-01,6447.476,19246.988,25694.464
5315,SUSC,2021-12-31,WORST,2044-09-02,98.788,0.0,98.788
5316,SUSC,2021-12-31,WORST,2044-09-06,635.204,5662.651,6297.855
5317,SUSC,2021-12-31,WORST,2044-09-07,229.816,0.0,229.816
5318,SUSC,2021-12-31,WORST,2044-09-08,269.286,0.0,269.286
5319,SUSC,2021-12-31,WORST,2044-09-09,328.08,0.0,328.08
5320,SUSC,2021-12-31,WORST,2044-09-12,365.979,0.0,365.979
5321,SUSC,2021-12-31,WORST,2044-09-13,403.549,0.0,403.549
5322,SUSC,2021-12-31,WORST,2044-09-14,205.535,0.0,205.535
5323,SUSC,2021-12-31,WORST,2044-09-15,8972.858,17379.518,26352.376
5324,SUSC,2021-12-31,WORST,2044-09-16,30.648,0.0,30.648
5325,SUSC,2021-12-31,WORST,2044-09-19,1549.536,0.0,1549.536
5326,SUSC,2021-12-31,WORST,2044-09-20,892.862,0.0,892.862
5327,SUSC,2021-12-31,WORST,2044-09-21,226.657,0.0,226.657
5328,SUSC,2021-12-31,WORST,2044-09-22,789.608,0.0,789.608
5329,SUSC,2021-12-31,WORST,2044-09-23,198.193,0.0,198.193
5330,SUSC,2021-12-31,WORST,2044-09-26,2256.887,0.0,2256.887
5331,SUSC,2021-12-31,WORST,2044-09-27,153.869,0.0,153.869
5332,SUSC,2021-12-31,WORST,2044-09-28,109.834,0.0,109.834
5333,SUSC,2021-12-31,WORST,2044-09-30,564.714,9066.265,9630.979
5334,SUSC,2021-12-31,WORST,2044-10-03,6142.266,16533.224,22675.49
5335,SUSC,2021-12-31,WORST,2044-10-05,183.286,0.0,183.286
5336,SUSC,2021-12-31,WORST,2044-10-06,279.912,0.0,279.912
5337,SUSC,2021-12-31,WORST,2044-10-11,53.84,0.0,53.84
5338,SUSC,2021-12-31,WORST,2044-10-14,422.214,0.0,422.214
5339,SUSC,2021-12-31,WORST,2044-10-17,6402.204,0.0,6402.204
5340,SUSC,2021-12-31,WORST,2044-10-20,139.307,0.0,139.307
5341,SUSC,2021-12-31,WORST,2044-10-21,294.691,0.0,294.691
5342,SUSC,2021-12-31,WORST,2044-10-24,1114.244,0.0,1114.244
5343,SUSC,2021-12-31,WORST,2044-10-25,12.236,0.0,12.236
5344,SUSC,2021-12-31,WORST,2044-10-26,213.14,0.0,213.14
5345,SUSC,2021-12-31,WORST,2044-10-27,246.85,7048.193,7295.043
5346,SUSC,2021-12-31,WORST,2044-10-28,73.908,0.0,73.908
5347,SUSC,2021-12-31,WORST,2044-10-31,403.965,0.0,403.965
5348,SUSC,2021-12-31,WORST,2044-11-01,5260.068,12680.723,17940.791
5349,SUSC,2021-12-31,WORST,2044-11-02,4.142,0.0,4.142
5350,SUSC,2021-12-31,WORST,2044-11-03,316.657,0.0,316.657
5351,SUSC,2021-12-31,WORST,2044-11-04,194.39,0.0,194.39
5352,SUSC,2021-12-31,WORST,2044-11-09,79.292,0.0,79.292
5353,SUSC,2021-12-31,WORST,2044-11-10,128.095,0.0,128.095
5354,SUSC,2021-12-31,WORST,2044-11-14,1893.528,14036.145,15929.672
5355,SUSC,2021-12-31,WORST,2044-11-15,8572.311,21325.301,29897.613
5356,SUSC,2021-12-31,WORST,2044-11-16,704.088,5873.494,6577.582
5357,SUSC,2021-12-31,WORST,2044-11-18,144.465,0.0,144.465
5358,SUSC,2021-12-31,WORST,2044-11-21,1358.875,1867.47,3226.344
5359,SUSC,2021-12-31,WORST,2044-11-22,80.663,0.0,80.663
5360,SUSC,2021-12-31,WORST,2044-11-25,92.021,0.0,92.021
5361,SUSC,2021-12-31,WORST,2044-11-28,85.904,3734.94,3820.843
5362,SUSC,2021-12-31,WORST,2044-11-29,234.525,0.0,234.525
5363,SUSC,2021-12-31,WORST,2044-11-30,1131.544,0.0,1131.544
5364,SUSC,2021-12-31,WORST,2044-12-01,6288.861,26596.386,32885.247
5365,SUSC,2021-12-31,WORST,2044-12-02,91.762,0.0,91.762
5366,SUSC,2021-12-31,WORST,2044-12-05,378.887,0.0,378.887
5367,SUSC,2021-12-31,WORST,2044-12-06,616.945,0.0,616.945
5368,SUSC,2021-12-31,WORST,2044-12-07,283.622,0.0,283.622
5369,SUSC,2021-12-31,WORST,2044-12-08,136.651,0.0,136.651
5370,SUSC,2021-12-31,WORST,2044-12-09,135.09,0.0,135.09
5371,SUSC,2021-12-31,WORST,2044-12-10,51.627,2469.88,2521.507
5372,SUSC,2021-12-31,WORST,2044-12-12,116.943,0.0,116.943
5373,SUSC,2021-12-31,WORST,2044-12-14,352.922,0.0,352.922
5374,SUSC,2021-12-31,WORST,2044-12-15,6492.974,35240.964,41733.938
5375,SUSC,2021-12-31,WORST,2044-12-19,234.864,0.0,234.864
5376,SUSC,2021-12-31,WORST,2044-12-21,10.542,0.0,10.542
5377,SUSC,2021-12-31,WORST,2044-12-22,159.804,0.0,159.804
5378,SUSC,2021-12-31,WORST,2044-12-23,158.923,6054.217,6213.14
5379,SUSC,2021-12-31,WORST,2044-12-29,59.153,0.0,59.153
5380,SUSC,2021-12-31,WORST,2044-12-30,260.15,0.0,260.15
5381,SUSC,2021-12-31,WORST,2045-01-03,962.09,0.0,962.09
5382,SUSC,2021-12-31,WORST,2045-01-09,270.192,0.0,270.192
5383,SUSC,2021-12-31,WORST,2045-01-10,602.797,4939.759,5542.556
5384,SUSC,2021-12-31,WORST,2045-01-12,128.224,0.0,128.224
5385,SUSC,2021-12-31,WORST,2045-01-13,383.788,0.0,383.788
5386,SUSC,2021-12-31,WORST,2045-01-17,4273.592,11024.096,15297.688
5387,SUSC,2021-12-31,WORST,2045-01-20,799.039,12771.084,13570.123
5388,SUSC,2021-12-31,WORST,2045-01-23,2012.774,0.0,2012.774
5389,SUSC,2021-12-31,WORST,2045-01-24,115.373,0.0,115.373
5390,SUSC,2021-12-31,WORST,2045-01-25,264.211,0.0,264.211
5391,SUSC,2021-12-31,WORST,2045-01-26,39.006,2108.434,2147.44
5392,SUSC,2021-12-31,WORST,2045-01-27,492.169,22891.566,23383.735
5393,SUSC,2021-12-31,WORST,2045-01-30,1143.076,20542.169,21685.245
5394,SUSC,2021-12-31,WORST,2045-01-31,191.958,0.0,191.958
5395,SUSC,2021-12-31,WORST,2045-02-01,3461.062,11144.578,14605.64
5396,SUSC,2021-12-31,WORST,2045-02-02,132.53,0.0,132.53
5397,SUSC,2021-12-31,WORST,2045-02-03,242.417,0.0,242.417
5398,SUSC,2021-12-31,WORST,2045-02-06,792.596,0.0,792.596
5399,SUSC,2021-12-31,WORST,2045-02-07,101.318,0.0,101.318
5400,SUSC,2021-12-31,WORST,2045-02-08,478.825,0.0,478.825
5401,SUSC,2021-12-31,WORST,2045-02-09,330.06,2198.795,2528.855
5402,SUSC,2021-12-31,WORST,2045-02-10,66.099,0.0,66.099
5403,SUSC,2021-12-31,WORST,2045-02-13,177.586,0.0,177.586
5404,SUSC,2021-12-31,WORST,2045-02-14,175.836,0.0,175.836
5405,SUSC,2021-12-31,WORST,2045-02-15,5320.136,21656.627,26976.763
5406,SUSC,2021-12-31,WORST,2045-02-16,119.321,0.0,119.321
5407,SUSC,2021-12-31,WORST,2045-02-17,399.285,0.0,399.285
5408,SUSC,2021-12-31,WORST,2045-02-21,1456.335,0.0,1456.335
5409,SUSC,2021-12-31,WORST,2045-02-22,684.384,0.0,684.384
5410,SUSC,2021-12-31,WORST,2045-02-23,455.196,0.0,455.196
5411,SUSC,2021-12-31,WORST,2045-02-24,152.259,0.0,152.259
5412,SUSC,2021-12-31,WORST,2045-02-27,527.79,3584.337,4112.127
5413,SUSC,2021-12-31,WORST,2045-02-28,198.75,0.0,198.75
5414,SUSC,2021-12-31,WORST,2045-03-01,5995.593,6506.024,12501.617
5415,SUSC,2021-12-31,WORST,2045-03-02,98.788,0.0,98.788
5416,SUSC,2021-12-31,WORST,2045-03-03,164.91,0.0,164.91
5417,SUSC,2021-12-31,WORST,2045-03-06,369.301,0.0,369.301
5418,SUSC,2021-12-31,WORST,2045-03-07,229.816,0.0,229.816
5419,SUSC,2021-12-31,WORST,2045-03-08,269.286,0.0,269.286
5420,SUSC,2021-12-31,WORST,2045-03-09,328.08,0.0,328.08
5421,SUSC,2021-12-31,WORST,2045-03-10,96.913,0.0,96.913
5422,SUSC,2021-12-31,WORST,2045-03-13,672.615,0.0,672.615
5423,SUSC,2021-12-31,WORST,2045-03-14,205.535,3554.217,3759.752
5424,SUSC,2021-12-31,WORST,2045-03-15,8588.095,55542.169,64130.264
5425,SUSC,2021-12-31,WORST,2045-03-16,30.648,0.0,30.648
5426,SUSC,2021-12-31,WORST,2045-03-17,1112.216,0.0,1112.216
5427,SUSC,2021-12-31,WORST,2045-03-20,1330.182,0.0,1330.182
5428,SUSC,2021-12-31,WORST,2045-03-21,226.657,0.0,226.657
5429,SUSC,2021-12-31,WORST,2045-03-22,789.608,0.0,789.608
5430,SUSC,2021-12-31,WORST,2045-03-23,198.193,0.0,198.193
5431,SUSC,2021-12-31,WORST,2045-03-24,223.024,0.0,223.024
5432,SUSC,2021-12-31,WORST,2045-03-27,2187.732,0.0,2187.732
5433,SUSC,2021-12-31,WORST,2045-03-28,109.834,0.0,109.834
5434,SUSC,2021-12-31,WORST,2045-03-30,126.807,0.0,126.807
5435,SUSC,2021-12-31,WORST,2045-03-31,224.849,6927.711,7152.56
5436,SUSC,2021-12-31,WORST,2045-04-03,5814.542,6265.06,12079.602
5437,SUSC,2021-12-31,WORST,2045-04-05,183.286,0.0,183.286
5438,SUSC,2021-12-31,WORST,2045-04-06,279.912,0.0,279.912
5439,SUSC,2021-12-31,WORST,2045-04-10,53.84,0.0,53.84
5440,SUSC,2021-12-31,WORST,2045-04-14,422.214,0.0,422.214
5441,SUSC,2021-12-31,WORST,2045-04-17,6402.204,18915.663,25317.867
5442,SUSC,2021-12-31,WORST,2045-04-20,139.307,0.0,139.307
5443,SUSC,2021-12-31,WORST,2045-04-21,294.691,11536.145,11830.836
5444,SUSC,2021-12-31,WORST,2045-04-24,1114.244,14759.036,15873.28
5445,SUSC,2021-12-31,WORST,2045-04-25,12.236,0.0,12.236
5446,SUSC,2021-12-31,WORST,2045-04-26,213.14,0.0,213.14
5447,SUSC,2021-12-31,WORST,2045-04-27,68.742,0.0,68.742
5448,SUSC,2021-12-31,WORST,2045-04-28,73.908,0.0,73.908
5449,SUSC,2021-12-31,WORST,2045-05-01,5385.057,6114.458,11499.515
5450,SUSC,2021-12-31,WORST,2045-05-02,4.142,0.0,4.142
5451,SUSC,2021-12-31,WORST,2045-05-03,316.657,8283.133,8599.789
5452,SUSC,2021-12-31,WORST,2045-05-04,194.39,0.0,194.39
5453,SUSC,2021-12-31,WORST,2045-05-09,79.292,0.0,79.292
5454,SUSC,2021-12-31,WORST,2045-05-10,128.095,0.0,128.095
5455,SUSC,2021-12-31,WORST,2045-05-11,359.081,0.0,359.081
5456,SUSC,2021-12-31,WORST,2045-05-12,126.845,0.0,126.845
5457,SUSC,2021-12-31,WORST,2045-05-15,9074.653,48283.133,57357.786
5458,SUSC,2021-12-31,WORST,2045-05-16,703.411,0.0,703.411
5459,SUSC,2021-12-31,WORST,2045-05-18,144.465,0.0,144.465
5460,SUSC,2021-12-31,WORST,2045-05-19,179.631,0.0,179.631
5461,SUSC,2021-12-31,WORST,2045-05-22,1215.087,6234.94,7450.027
5462,SUSC,2021-12-31,WORST,2045-05-24,23.72,0.0,23.72
5463,SUSC,2021-12-31,WORST,2045-05-25,68.301,0.0,68.301
5464,SUSC,2021-12-31,WORST,2045-05-30,1285.828,0.0,1285.828
5465,SUSC,2021-12-31,WORST,2045-05-31,80.241,0.0,80.241
5466,SUSC,2021-12-31,WORST,2045-06-01,5614.524,8644.578,14259.102
5467,SUSC,2021-12-31,WORST,2045-06-02,91.762,0.0,91.762
5468,SUSC,2021-12-31,WORST,2045-06-05,378.887,0.0,378.887
5469,SUSC,2021-12-31,WORST,2045-06-06,616.945,0.0,616.945
5470,SUSC,2021-12-31,WORST,2045-06-07,283.622,0.0,283.622
5471,SUSC,2021-12-31,WORST,2045-06-08,136.651,0.0,136.651
5472,SUSC,2021-12-31,WORST,2045-06-09,135.09,5542.169,5677.259
5473,SUSC,2021-12-31,WORST,2045-06-12,116.943,0.0,116.943
5474,SUSC,2021-12-31,WORST,2045-06-14,352.922,13192.771,13545.693
5475,SUSC,2021-12-31,WORST,2045-06-15,5654.254,150.602,5804.856
5476,SUSC,2021-12-31,WORST,2045-06-19,234.864,0.0,234.864
5477,SUSC,2021-12-31,WORST,2045-06-21,10.542,0.0,10.542
5478,SUSC,2021-12-31,WORST,2045-06-22,159.804,0.0,159.804
5479,SUSC,2021-12-31,WORST,2045-06-29,59.153,0.0,59.153
5480,SUSC,2021-12-31,WORST,2045-06-30,260.15,0.0,260.15
5481,SUSC,2021-12-31,WORST,2045-07-03,962.09,0.0,962.09
5482,SUSC,2021-12-31,WORST,2045-07-10,754.435,0.0,754.435
5483,SUSC,2021-12-31,WORST,2045-07-12,128.224,0.0,128.224
5484,SUSC,2021-12-31,WORST,2045-07-13,383.788,0.0,383.788
5485,SUSC,2021-12-31,WORST,2045-07-14,3.106,0.0,3.106
5486,SUSC,2021-12-31,WORST,2045-07-17,4000.094,9728.916,13729.01
5487,SUSC,2021-12-31,WORST,2045-07-20,471.78,0.0,471.78
5488,SUSC,2021-12-31,WORST,2045-07-21,100.708,0.0,100.708
5489,SUSC,2021-12-31,WORST,2045-07-24,2027.44,0.0,2027.44
5490,SUSC,2021-12-31,WORST,2045-07-25,264.211,0.0,264.211
5491,SUSC,2021-12-31,WORST,2045-07-31,844.051,7710.843,8554.895
5492,SUSC,2021-12-31,WORST,2045-08-01,3214.435,36445.783,39660.218
5493,SUSC,2021-12-31,WORST,2045-08-02,132.53,0.0,132.53
5494,SUSC,2021-12-31,WORST,2045-08-03,242.417,0.0,242.417
5495,SUSC,2021-12-31,WORST,2045-08-04,387.214,7439.759,7826.973
5496,SUSC,2021-12-31,WORST,2045-08-07,506.7,0.0,506.7
5497,SUSC,2021-12-31,WORST,2045-08-08,478.825,0.0,478.825
5498,SUSC,2021-12-31,WORST,2045-08-09,292.131,0.0,292.131
5499,SUSC,2021-12-31,WORST,2045-08-10,66.099,0.0,66.099
5500,SUSC,2021-12-31,WORST,2045-08-14,353.422,0.0,353.422
5501,SUSC,2021-12-31,WORST,2045-08-15,4794.865,10301.205,15096.07
5502,SUSC,2021-12-31,WORST,2045-08-16,119.321,0.0,119.321
5503,SUSC,2021-12-31,WORST,2045-08-17,399.285,9036.145,9435.429
5504,SUSC,2021-12-31,WORST,2045-08-18,232.53,0.0,232.53
5505,SUSC,2021-12-31,WORST,2045-08-21,1223.805,0.0,1223.805
5506,SUSC,2021-12-31,WORST,2045-08-22,684.384,0.0,684.384
5507,SUSC,2021-12-31,WORST,2045-08-23,455.196,19578.313,20033.509
5508,SUSC,2021-12-31,WORST,2045-08-24,152.259,0.0,152.259
5509,SUSC,2021-12-31,WORST,2045-08-25,137.139,0.0,137.139
5510,SUSC,2021-12-31,WORST,2045-08-28,512.338,0.0,512.338
5511,SUSC,2021-12-31,WORST,2045-09-01,5859.403,51325.301,57184.705
5512,SUSC,2021-12-31,WORST,2045-09-05,597.613,0.0,597.613
5513,SUSC,2021-12-31,WORST,2045-09-06,35.386,0.0,35.386
5514,SUSC,2021-12-31,WORST,2045-09-07,229.816,0.0,229.816
5515,SUSC,2021-12-31,WORST,2045-09-08,269.286,0.0,269.286
5516,SUSC,2021-12-31,WORST,2045-09-11,486.747,0.0,486.747
5517,SUSC,2021-12-31,WORST,2045-09-12,207.312,0.0,207.312
5518,SUSC,2021-12-31,WORST,2045-09-13,403.549,0.0,403.549
5519,SUSC,2021-12-31,WORST,2045-09-14,114.458,0.0,114.458
5520,SUSC,2021-12-31,WORST,2045-09-15,7248.965,8253.012,15501.977
5521,SUSC,2021-12-31,WORST,2045-09-18,1142.864,0.0,1142.864
5522,SUSC,2021-12-31,WORST,2045-09-19,437.32,0.0,437.32
5523,SUSC,2021-12-31,WORST,2045-09-20,892.862,0.0,892.862
5524,SUSC,2021-12-31,WORST,2045-09-21,226.657,0.0,226.657
5525,SUSC,2021-12-31,WORST,2045-09-22,789.608,0.0,789.608
5526,SUSC,2021-12-31,WORST,2045-09-25,2237.225,0.0,2237.225
5527,SUSC,2021-12-31,WORST,2045-09-26,217.854,0.0,217.854
5528,SUSC,2021-12-31,WORST,2045-09-27,153.869,0.0,153.869
5529,SUSC,2021-12-31,WORST,2045-09-28,109.834,0.0,109.834
5530,SUSC,2021-12-31,WORST,2045-10-02,5563.597,23159.692,28723.289
5531,SUSC,2021-12-31,WORST,2045-10-03,257.474,0.0,257.474
5532,SUSC,2021-12-31,WORST,2045-10-05,183.286,0.0,183.286
5533,SUSC,2021-12-31,WORST,2045-10-06,279.912,0.0,279.912
5534,SUSC,2021-12-31,WORST,2045-10-10,53.84,0.0,53.84
5535,SUSC,2021-12-31,WORST,2045-10-16,6076.677,42861.446,48938.123
5536,SUSC,2021-12-31,WORST,2045-10-17,164.556,0.0,164.556
5537,SUSC,2021-12-31,WORST,2045-10-20,139.307,0.0,139.307
5538,SUSC,2021-12-31,WORST,2045-10-23,440.824,0.0,440.824
5539,SUSC,2021-12-31,WORST,2045-10-24,215.64,0.0,215.64
5540,SUSC,2021-12-31,WORST,2045-10-25,12.236,0.0,12.236
5541,SUSC,2021-12-31,WORST,2045-10-26,213.14,0.0,213.14
5542,SUSC,2021-12-31,WORST,2045-10-27,68.742,0.0,68.742
5543,SUSC,2021-12-31,WORST,2045-10-30,477.873,0.0,477.873
5544,SUSC,2021-12-31,WORST,2045-11-01,4862.625,0.0,4862.625
5545,SUSC,2021-12-31,WORST,2045-11-02,4.142,0.0,4.142
5546,SUSC,2021-12-31,WORST,2045-11-03,132.357,0.0,132.357
5547,SUSC,2021-12-31,WORST,2045-11-06,194.39,0.0,194.39
5548,SUSC,2021-12-31,WORST,2045-11-09,79.292,0.0,79.292
5549,SUSC,2021-12-31,WORST,2045-11-10,128.095,0.0,128.095
5550,SUSC,2021-12-31,WORST,2045-11-13,732.763,2771.084,3503.848
5551,SUSC,2021-12-31,WORST,2045-11-14,577.884,14819.277,15397.161
5552,SUSC,2021-12-31,WORST,2045-11-15,7118.174,18915.663,26033.836
5553,SUSC,2021-12-31,WORST,2045-11-16,703.411,8524.096,9227.508
5554,SUSC,2021-12-31,WORST,2045-11-20,769.447,4216.867,4986.314
5555,SUSC,2021-12-31,WORST,2045-11-21,627.026,0.0,627.026
5556,SUSC,2021-12-31,WORST,2045-11-24,23.72,0.0,23.72
5557,SUSC,2021-12-31,WORST,2045-11-27,68.301,0.0,68.301
5558,SUSC,2021-12-31,WORST,2045-11-29,234.525,0.0,234.525
5559,SUSC,2021-12-31,WORST,2045-11-30,1131.544,0.0,1131.544
5560,SUSC,2021-12-31,WORST,2045-12-01,5409.923,9307.229,14717.152
5561,SUSC,2021-12-31,WORST,2045-12-04,470.649,0.0,470.649
5562,SUSC,2021-12-31,WORST,2045-12-06,616.945,0.0,616.945
5563,SUSC,2021-12-31,WORST,2045-12-07,283.622,0.0,283.622
5564,SUSC,2021-12-31,WORST,2045-12-08,136.651,0.0,136.651
5565,SUSC,2021-12-31,WORST,2045-12-11,116.943,0.0,116.943
5566,SUSC,2021-12-31,WORST,2045-12-14,69.277,0.0,69.277
5567,SUSC,2021-12-31,WORST,2045-12-15,5650.263,20692.771,26343.034
5568,SUSC,2021-12-31,WORST,2045-12-18,108.66,0.0,108.66
5569,SUSC,2021-12-31,WORST,2045-12-19,126.205,0.0,126.205
5570,SUSC,2021-12-31,WORST,2045-12-21,10.542,0.0,10.542
5571,SUSC,2021-12-31,WORST,2045-12-22,159.804,0.0,159.804
5572,SUSC,2021-12-31,WORST,2045-12-29,59.153,0.0,59.153
5573,SUSC,2021-12-31,WORST,2046-01-02,1222.239,0.0,1222.239
5574,SUSC,2021-12-31,WORST,2046-01-09,519.608,0.0,519.608
5575,SUSC,2021-12-31,WORST,2046-01-10,234.827,0.0,234.827
5576,SUSC,2021-12-31,WORST,2046-01-12,128.224,0.0,128.224
5577,SUSC,2021-12-31,WORST,2046-01-16,4157.779,46024.096,50181.875
5578,SUSC,2021-12-31,WORST,2046-01-22,971.113,0.0,971.113
5579,SUSC,2021-12-31,WORST,2046-01-23,1513.44,0.0,1513.44
5580,SUSC,2021-12-31,WORST,2046-01-24,115.373,0.0,115.373
5581,SUSC,2021-12-31,WORST,2046-01-25,264.211,0.0,264.211
5582,SUSC,2021-12-31,WORST,2046-01-29,114.179,0.0,114.179
5583,SUSC,2021-12-31,WORST,2046-01-30,358.637,7409.639,7768.276
5584,SUSC,2021-12-31,WORST,2046-01-31,191.958,0.0,191.958
5585,SUSC,2021-12-31,WORST,2046-02-01,2321.514,14006.024,16327.538
5586,SUSC,2021-12-31,WORST,2046-02-02,132.53,8283.133,8415.663
5587,SUSC,2021-12-31,WORST,2046-02-05,787.026,9969.88,10756.905
5588,SUSC,2021-12-31,WORST,2046-02-06,52.694,0.0,52.694
5589,SUSC,2021-12-31,WORST,2046-02-07,101.318,0.0,101.318
5590,SUSC,2021-12-31,WORST,2046-02-08,478.825,11596.386,12075.211
5591,SUSC,2021-12-31,WORST,2046-02-09,292.131,0.0,292.131
5592,SUSC,2021-12-31,WORST,2046-02-12,208.859,0.0,208.859
5593,SUSC,2021-12-31,WORST,2046-02-13,34.827,0.0,34.827
5594,SUSC,2021-12-31,WORST,2046-02-14,175.836,0.0,175.836
5595,SUSC,2021-12-31,WORST,2046-02-15,4557.214,13222.892,17780.106
5596,SUSC,2021-12-31,WORST,2046-02-16,119.321,0.0,119.321
5597,SUSC,2021-12-31,WORST,2046-02-20,859.992,4518.072,5378.065
5598,SUSC,2021-12-31,WORST,2046-02-21,758.428,0.0,758.428
5599,SUSC,2021-12-31,WORST,2046-02-22,684.384,0.0,684.384
5600,SUSC,2021-12-31,WORST,2046-02-26,602.986,0.0,602.986
5601,SUSC,2021-12-31,WORST,2046-02-28,198.75,0.0,198.75
5602,SUSC,2021-12-31,WORST,2046-03-01,4804.528,0.0,4804.528
5603,SUSC,2021-12-31,WORST,2046-03-02,98.788,0.0,98.788
5604,SUSC,2021-12-31,WORST,2046-03-05,498.825,8644.578,9143.404
5605,SUSC,2021-12-31,WORST,2046-03-06,35.386,0.0,35.386
5606,SUSC,2021-12-31,WORST,2046-03-07,229.816,0.0,229.816
5607,SUSC,2021-12-31,WORST,2046-03-08,269.286,0.0,269.286
5608,SUSC,2021-12-31,WORST,2046-03-09,328.08,0.0,328.08
5609,SUSC,2021-12-31,WORST,2046-03-12,365.979,0.0,365.979
5610,SUSC,2021-12-31,WORST,2046-03-13,403.549,0.0,403.549
5611,SUSC,2021-12-31,WORST,2046-03-14,114.458,0.0,114.458
5612,SUSC,2021-12-31,WORST,2046-03-15,7023.592,3253.012,10276.604
5613,SUSC,2021-12-31,WORST,2046-03-16,30.648,0.0,30.648
5614,SUSC,2021-12-31,WORST,2046-03-19,1549.536,3042.169,4591.705
5615,SUSC,2021-12-31,WORST,2046-03-20,892.862,0.0,892.862
5616,SUSC,2021-12-31,WORST,2046-03-21,226.657,0.0,226.657
5617,SUSC,2021-12-31,WORST,2046-03-22,789.608,0.0,789.608
5618,SUSC,2021-12-31,WORST,2046-03-23,198.193,0.0,198.193
5619,SUSC,2021-12-31,WORST,2046-03-26,2256.887,0.0,2256.887
5620,SUSC,2021-12-31,WORST,2046-03-27,153.869,0.0,153.869
5621,SUSC,2021-12-31,WORST,2046-03-28,109.834,0.0,109.834
5622,SUSC,2021-12-31,WORST,2046-03-29,169.203,9006.024,9175.227
5623,SUSC,2021-12-31,WORST,2046-03-30,126.807,0.0,126.807
5624,SUSC,2021-12-31,WORST,2046-04-02,4723.185,18283.133,23006.317
5625,SUSC,2021-12-31,WORST,2046-04-03,257.474,0.0,257.474
5626,SUSC,2021-12-31,WORST,2046-04-05,183.286,1506.024,1689.311
5627,SUSC,2021-12-31,WORST,2046-04-06,279.912,4246.988,4526.9
5628,SUSC,2021-12-31,WORST,2046-04-09,53.84,0.0,53.84
5629,SUSC,2021-12-31,WORST,2046-04-16,5152.039,14337.349,19489.388
5630,SUSC,2021-12-31,WORST,2046-04-17,164.556,0.0,164.556
5631,SUSC,2021-12-31,WORST,2046-04-20,139.307,0.0,139.307
5632,SUSC,2021-12-31,WORST,2046-04-23,440.824,0.0,440.824
5633,SUSC,2021-12-31,WORST,2046-04-24,215.64,0.0,215.64
5634,SUSC,2021-12-31,WORST,2046-04-25,12.236,0.0,12.236
5635,SUSC,2021-12-31,WORST,2046-04-26,213.14,0.0,213.14
5636,SUSC,2021-12-31,WORST,2046-04-27,68.742,0.0,68.742
5637,SUSC,2021-12-31,WORST,2046-04-30,477.873,0.0,477.873
5638,SUSC,2021-12-31,WORST,2046-05-01,4862.625,19307.229,24169.854
5639,SUSC,2021-12-31,WORST,2046-05-02,4.142,0.0,4.142
5640,SUSC,2021-12-31,WORST,2046-05-03,132.357,0.0,132.357
5641,SUSC,2021-12-31,WORST,2046-05-04,194.39,0.0,194.39
5642,SUSC,2021-12-31,WORST,2046-05-09,79.292,0.0,79.292
5643,SUSC,2021-12-31,WORST,2046-05-10,128.095,0.0,128.095
5644,SUSC,2021-12-31,WORST,2046-05-11,359.081,0.0,359.081
5645,SUSC,2021-12-31,WORST,2046-05-14,558.102,0.0,558.102
5646,SUSC,2021-12-31,WORST,2046-05-15,6693.241,10542.169,17235.41
5647,SUSC,2021-12-31,WORST,2046-05-16,516.947,0.0,516.947
5648,SUSC,2021-12-31,WORST,2046-05-18,144.465,5512.048,5656.514
5649,SUSC,2021-12-31,WORST,2046-05-21,1165.561,4849.398,6014.959
5650,SUSC,2021-12-31,WORST,2046-05-24,23.72,0.0,23.72
5651,SUSC,2021-12-31,WORST,2046-05-25,68.301,0.0,68.301
5652,SUSC,2021-12-31,WORST,2046-05-29,408.176,6385.542,6793.718
5653,SUSC,2021-12-31,WORST,2046-05-30,1051.303,19036.145,20087.447
5654,SUSC,2021-12-31,WORST,2046-05-31,80.241,0.0,80.241
5655,SUSC,2021-12-31,WORST,2046-06-01,5008.402,6626.506,11634.908
5656,SUSC,2021-12-31,WORST,2046-06-04,470.649,0.0,470.649
5657,SUSC,2021-12-31,WORST,2046-06-06,616.945,0.0,616.945
5658,SUSC,2021-12-31,WORST,2046-06-07,283.622,0.0,283.622
5659,SUSC,2021-12-31,WORST,2046-06-08,136.651,0.0,136.651
5660,SUSC,2021-12-31,WORST,2046-06-11,116.943,0.0,116.943
5661,SUSC,2021-12-31,WORST,2046-06-14,69.277,0.0,69.277
5662,SUSC,2021-12-31,WORST,2046-06-15,5225.112,18042.169,23267.281
5663,SUSC,2021-12-31,WORST,2046-06-18,108.66,0.0,108.66
5664,SUSC,2021-12-31,WORST,2046-06-19,126.205,0.0,126.205
5665,SUSC,2021-12-31,WORST,2046-06-21,10.542,0.0,10.542
5666,SUSC,2021-12-31,WORST,2046-06-22,159.804,0.0,159.804
5667,SUSC,2021-12-31,WORST,2046-06-29,59.153,0.0,59.153
5668,SUSC,2021-12-31,WORST,2046-07-02,1222.239,0.0,1222.239
5669,SUSC,2021-12-31,WORST,2046-07-09,519.608,0.0,519.608
5670,SUSC,2021-12-31,WORST,2046-07-10,234.827,0.0,234.827
5671,SUSC,2021-12-31,WORST,2046-07-12,128.224,0.0,128.224
5672,SUSC,2021-12-31,WORST,2046-07-13,383.788,0.0,383.788
5673,SUSC,2021-12-31,WORST,2046-07-16,2778.23,12710.843,15489.074
5674,SUSC,2021-12-31,WORST,2046-07-20,471.78,0.0,471.78
5675,SUSC,2021-12-31,WORST,2046-07-23,2012.774,0.0,2012.774
5676,SUSC,2021-12-31,WORST,2046-07-24,115.373,0.0,115.373
5677,SUSC,2021-12-31,WORST,2046-07-25,264.211,0.0,264.211
5678,SUSC,2021-12-31,WORST,2046-07-30,354.262,6566.265,6920.527
5679,SUSC,2021-12-31,WORST,2046-07-31,191.958,0.0,191.958
5680,SUSC,2021-12-31,WORST,2046-08-01,2026.22,7620.482,9646.702
5681,SUSC,2021-12-31,WORST,2046-08-03,242.417,0.0,242.417
5682,SUSC,2021-12-31,WORST,2046-08-06,405.383,1355.422,1760.804
5683,SUSC,2021-12-31,WORST,2046-08-07,101.318,0.0,101.318
5684,SUSC,2021-12-31,WORST,2046-08-08,264.292,0.0,264.292
5685,SUSC,2021-12-31,WORST,2046-08-09,292.131,3524.096,3816.227
5686,SUSC,2021-12-31,WORST,2046-08-10,66.099,0.0,66.099
5687,SUSC,2021-12-31,WORST,2046-08-13,177.586,1506.024,1683.61
5688,SUSC,2021-12-31,WORST,2046-08-14,175.836,0.0,175.836
5689,SUSC,2021-12-31,WORST,2046-08-15,4319.971,12138.554,16458.525
5690,SUSC,2021-12-31,WORST,2046-08-16,119.321,0.0,119.321
5691,SUSC,2021-12-31,WORST,2046-08-17,162.086,0.0,162.086
5692,SUSC,2021-12-31,WORST,2046-08-20,591.732,0.0,591.732
5693,SUSC,2021-12-31,WORST,2046-08-21,758.428,18734.94,19493.368
5694,SUSC,2021-12-31,WORST,2046-08-22,684.384,0.0,684.384
5695,SUSC,2021-12-31,WORST,2046-08-24,152.259,0.0,152.259
5696,SUSC,2021-12-31,WORST,2046-08-27,450.727,0.0,450.727
5697,SUSC,2021-12-31,WORST,2046-08-28,198.75,0.0,198.75
5698,SUSC,2021-12-31,WORST,2046-09-04,5147.227,29819.277,34966.505
5699,SUSC,2021-12-31,WORST,2046-09-05,22.59,0.0,22.59
5700,SUSC,2021-12-31,WORST,2046-09-06,35.386,0.0,35.386
5701,SUSC,2021-12-31,WORST,2046-09-07,229.816,0.0,229.816
5702,SUSC,2021-12-31,WORST,2046-09-10,694.278,0.0,694.278
5703,SUSC,2021-12-31,WORST,2046-09-11,61.755,0.0,61.755
5704,SUSC,2021-12-31,WORST,2046-09-12,207.312,0.0,207.312
5705,SUSC,2021-12-31,WORST,2046-09-13,403.549,0.0,403.549
5706,SUSC,2021-12-31,WORST,2046-09-14,141.056,1114.458,1255.514
5707,SUSC,2021-12-31,WORST,2046-09-17,8072.976,3945.783,12018.759
5708,SUSC,2021-12-31,WORST,2046-09-19,389.786,0.0,389.786
5709,SUSC,2021-12-31,WORST,2046-09-20,892.862,0.0,892.862
5710,SUSC,2021-12-31,WORST,2046-09-21,226.657,0.0,226.657
5711,SUSC,2021-12-31,WORST,2046-09-24,1210.825,0.0,1210.825
5712,SUSC,2021-12-31,WORST,2046-09-25,1816.009,0.0,1816.009
5713,SUSC,2021-12-31,WORST,2046-09-26,217.854,0.0,217.854
5714,SUSC,2021-12-31,WORST,2046-09-27,153.869,0.0,153.869
5715,SUSC,2021-12-31,WORST,2046-09-28,109.834,0.0,109.834
5716,SUSC,2021-12-31,WORST,2046-10-01,4439.134,25088.269,29527.403
5717,SUSC,2021-12-31,WORST,2046-10-03,257.474,0.0,257.474
5718,SUSC,2021-12-31,WORST,2046-10-05,145.636,0.0,145.636
5719,SUSC,2021-12-31,WORST,2046-10-09,260.492,0.0,260.492
5720,SUSC,2021-12-31,WORST,2046-10-15,4881.376,17259.036,22140.412
5721,SUSC,2021-12-31,WORST,2046-10-17,164.556,0.0,164.556
5722,SUSC,2021-12-31,WORST,2046-10-22,522.495,0.0,522.495
5723,SUSC,2021-12-31,WORST,2046-10-23,57.636,0.0,57.636
5724,SUSC,2021-12-31,WORST,2046-10-24,215.64,0.0,215.64
5725,SUSC,2021-12-31,WORST,2046-10-25,12.236,0.0,12.236
5726,SUSC,2021-12-31,WORST,2046-10-26,213.14,0.0,213.14
5727,SUSC,2021-12-31,WORST,2046-10-29,142.651,0.0,142.651
5728,SUSC,2021-12-31,WORST,2046-10-30,403.965,0.0,403.965
5729,SUSC,2021-12-31,WORST,2046-11-01,4491.612,22409.639,26901.251
5730,SUSC,2021-12-31,WORST,2046-11-02,4.142,0.0,4.142
5731,SUSC,2021-12-31,WORST,2046-11-05,326.747,16325.301,16652.048
5732,SUSC,2021-12-31,WORST,2046-11-09,79.292,3524.096,3603.389
5733,SUSC,2021-12-31,WORST,2046-11-13,797.123,4819.277,5616.401
5734,SUSC,2021-12-31,WORST,2046-11-14,248.155,0.0,248.155
5735,SUSC,2021-12-31,WORST,2046-11-15,6466.984,11566.265,18033.249
5736,SUSC,2021-12-31,WORST,2046-11-16,516.947,0.0,516.947
5737,SUSC,2021-12-31,WORST,2046-11-19,106.739,0.0,106.739
5738,SUSC,2021-12-31,WORST,2046-11-20,445.35,5271.084,5716.434
5739,SUSC,2021-12-31,WORST,2046-11-21,534.887,0.0,534.887
5740,SUSC,2021-12-31,WORST,2046-11-26,92.021,0.0,92.021
5741,SUSC,2021-12-31,WORST,2046-11-29,234.525,0.0,234.525
5742,SUSC,2021-12-31,WORST,2046-11-30,678.471,5361.446,6039.917
5743,SUSC,2021-12-31,WORST,2046-12-03,5185.8,22530.12,27715.921
5744,SUSC,2021-12-31,WORST,2046-12-04,158.744,0.0,158.744
5745,SUSC,2021-12-31,WORST,2046-12-06,616.945,11837.349,12454.295
5746,SUSC,2021-12-31,WORST,2046-12-07,283.622,0.0,283.622
5747,SUSC,2021-12-31,WORST,2046-12-10,253.594,0.0,253.594
5748,SUSC,2021-12-31,WORST,2046-12-14,69.277,0.0,69.277
5749,SUSC,2021-12-31,WORST,2046-12-17,4922.631,45240.964,50163.595
5750,SUSC,2021-12-31,WORST,2046-12-19,126.205,0.0,126.205
5751,SUSC,2021-12-31,WORST,2046-12-21,10.542,0.0,10.542
5752,SUSC,2021-12-31,WORST,2046-12-24,159.804,3102.41,3262.214
5753,SUSC,2021-12-31,WORST,2046-12-31,319.303,0.0,319.303
5754,SUSC,2021-12-31,WORST,2047-01-02,962.09,753.012,1715.102
5755,SUSC,2021-12-31,WORST,2047-01-06,152.613,6415.663,6568.275
5756,SUSC,2021-12-31,WORST,2047-01-09,519.608,0.0,519.608
5757,SUSC,2021-12-31,WORST,2047-01-10,234.827,9487.952,9722.779
5758,SUSC,2021-12-31,WORST,2047-01-14,356.33,0.0,356.33
5759,SUSC,2021-12-31,WORST,2047-01-15,2255.794,6777.108,9032.903
5760,SUSC,2021-12-31,WORST,2047-01-16,231.928,0.0,231.928
5761,SUSC,2021-12-31,WORST,2047-01-22,971.113,18222.892,19194.005
5762,SUSC,2021-12-31,WORST,2047-01-23,1513.44,0.0,1513.44
5763,SUSC,2021-12-31,WORST,2047-01-24,115.373,0.0,115.373
5764,SUSC,2021-12-31,WORST,2047-01-25,264.211,0.0,264.211
5765,SUSC,2021-12-31,WORST,2047-01-29,114.179,0.0,114.179
5766,SUSC,2021-12-31,WORST,2047-01-30,100.723,0.0,100.723
5767,SUSC,2021-12-31,WORST,2047-01-31,191.958,0.0,191.958
5768,SUSC,2021-12-31,WORST,2047-02-01,1857.154,14728.916,16586.069
5769,SUSC,2021-12-31,WORST,2047-02-04,242.417,0.0,242.417
5770,SUSC,2021-12-31,WORST,2047-02-05,352.688,0.0,352.688
5771,SUSC,2021-12-31,WORST,2047-02-06,23.892,0.0,23.892
5772,SUSC,2021-12-31,WORST,2047-02-07,101.318,0.0,101.318
5773,SUSC,2021-12-31,WORST,2047-02-08,264.292,0.0,264.292
5774,SUSC,2021-12-31,WORST,2047-02-11,283.343,0.0,283.343
5775,SUSC,2021-12-31,WORST,2047-02-12,142.759,0.0,142.759
5776,SUSC,2021-12-31,WORST,2047-02-14,175.836,0.0,175.836
5777,SUSC,2021-12-31,WORST,2047-02-15,4064.181,42138.554,46202.736
5778,SUSC,2021-12-31,WORST,2047-02-19,545.383,0.0,545.383
5779,SUSC,2021-12-31,WORST,2047-02-20,327.756,0.0,327.756
5780,SUSC,2021-12-31,WORST,2047-02-21,302.982,0.0,302.982
5781,SUSC,2021-12-31,WORST,2047-02-22,684.384,7710.843,8395.227
5782,SUSC,2021-12-31,WORST,2047-02-25,289.398,0.0,289.398
5783,SUSC,2021-12-31,WORST,2047-02-26,313.588,0.0,313.588
5784,SUSC,2021-12-31,WORST,2047-02-28,198.75,0.0,198.75
5785,SUSC,2021-12-31,WORST,2047-03-01,4311.486,9307.229,13618.715
5786,SUSC,2021-12-31,WORST,2047-03-04,177.79,0.0,177.79
5787,SUSC,2021-12-31,WORST,2047-03-05,22.59,0.0,22.59
5788,SUSC,2021-12-31,WORST,2047-03-06,35.386,0.0,35.386
5789,SUSC,2021-12-31,WORST,2047-03-07,229.816,0.0,229.816
5790,SUSC,2021-12-31,WORST,2047-03-08,269.286,10331.325,10600.611
5791,SUSC,2021-12-31,WORST,2047-03-11,486.747,0.0,486.747
5792,SUSC,2021-12-31,WORST,2047-03-12,207.312,7439.759,7647.071
5793,SUSC,2021-12-31,WORST,2047-03-13,403.549,0.0,403.549
5794,SUSC,2021-12-31,WORST,2047-03-14,114.458,0.0,114.458
5795,SUSC,2021-12-31,WORST,2047-03-15,6808.869,14518.072,21326.942
5796,SUSC,2021-12-31,WORST,2047-03-18,1142.864,1114.458,2257.322
5797,SUSC,2021-12-31,WORST,2047-03-19,389.786,0.0,389.786
5798,SUSC,2021-12-31,WORST,2047-03-20,892.862,14578.313,15471.175
5799,SUSC,2021-12-31,WORST,2047-03-21,226.657,0.0,226.657
5800,SUSC,2021-12-31,WORST,2047-03-22,789.608,0.0,789.608
5801,SUSC,2021-12-31,WORST,2047-03-25,2237.225,0.0,2237.225
5802,SUSC,2021-12-31,WORST,2047-03-26,217.854,0.0,217.854
5803,SUSC,2021-12-31,WORST,2047-03-27,153.869,0.0,153.869
5804,SUSC,2021-12-31,WORST,2047-03-28,109.834,0.0,109.834
5805,SUSC,2021-12-31,WORST,2047-03-30,34.147,1807.229,1841.375
5806,SUSC,2021-12-31,WORST,2047-04-01,3810.422,1746.988,5557.41
5807,SUSC,2021-12-31,WORST,2047-04-03,257.474,7379.518,7636.992
5808,SUSC,2021-12-31,WORST,2047-04-05,145.636,0.0,145.636
5809,SUSC,2021-12-31,WORST,2047-04-08,206.652,0.0,206.652
5810,SUSC,2021-12-31,WORST,2047-04-09,53.84,0.0,53.84
5811,SUSC,2021-12-31,WORST,2047-04-15,4074.448,17650.602,21725.051
5812,SUSC,2021-12-31,WORST,2047-04-16,448.245,0.0,448.245
5813,SUSC,2021-12-31,WORST,2047-04-17,164.556,0.0,164.556
5814,SUSC,2021-12-31,WORST,2047-04-22,522.495,0.0,522.495
5815,SUSC,2021-12-31,WORST,2047-04-23,57.636,0.0,57.636
5816,SUSC,2021-12-31,WORST,2047-04-24,215.64,0.0,215.64
5817,SUSC,2021-12-31,WORST,2047-04-25,12.236,0.0,12.236
5818,SUSC,2021-12-31,WORST,2047-04-26,213.14,0.0,213.14
5819,SUSC,2021-12-31,WORST,2047-04-29,142.651,0.0,142.651
5820,SUSC,2021-12-31,WORST,2047-04-30,403.965,0.0,403.965
5821,SUSC,2021-12-31,WORST,2047-05-01,3889.353,9759.036,13648.389
5822,SUSC,2021-12-31,WORST,2047-05-02,4.142,150.602,154.744
5823,SUSC,2021-12-31,WORST,2047-05-10,128.095,0.0,128.095
5824,SUSC,2021-12-31,WORST,2047-05-13,570.233,3463.855,4034.089
5825,SUSC,2021-12-31,WORST,2047-05-14,248.155,0.0,248.155
5826,SUSC,2021-12-31,WORST,2047-05-15,6204.13,24096.386,30300.515
5827,SUSC,2021-12-31,WORST,2047-05-16,516.947,0.0,516.947
5828,SUSC,2021-12-31,WORST,2047-05-20,438.761,0.0,438.761
5829,SUSC,2021-12-31,WORST,2047-05-21,534.887,2138.554,2673.442
5830,SUSC,2021-12-31,WORST,2047-05-24,23.72,0.0,23.72
5831,SUSC,2021-12-31,WORST,2047-05-28,68.301,0.0,68.301
5832,SUSC,2021-12-31,WORST,2047-05-29,234.525,0.0,234.525
5833,SUSC,2021-12-31,WORST,2047-05-30,491.002,0.0,491.002
5834,SUSC,2021-12-31,WORST,2047-05-31,80.241,0.0,80.241
5835,SUSC,2021-12-31,WORST,2047-06-03,4702.096,24638.554,29340.65
5836,SUSC,2021-12-31,WORST,2047-06-04,158.744,0.0,158.744
5837,SUSC,2021-12-31,WORST,2047-06-06,340.602,1716.867,2057.47
5838,SUSC,2021-12-31,WORST,2047-06-07,283.622,5572.289,5855.911
5839,SUSC,2021-12-31,WORST,2047-06-10,253.594,7319.277,7572.871
5840,SUSC,2021-12-31,WORST,2047-06-14,69.277,0.0,69.277
5841,SUSC,2021-12-31,WORST,2047-06-17,3871.179,32710.843,36582.023
5842,SUSC,2021-12-31,WORST,2047-06-19,126.205,0.0,126.205
5843,SUSC,2021-12-31,WORST,2047-06-21,10.542,0.0,10.542
5844,SUSC,2021-12-31,WORST,2047-06-24,86.898,0.0,86.898
5845,SUSC,2021-12-31,WORST,2047-07-01,992.921,0.0,992.921
5846,SUSC,2021-12-31,WORST,2047-07-02,272.846,0.0,272.846
5847,SUSC,2021-12-31,WORST,2047-07-09,519.608,0.0,519.608
5848,SUSC,2021-12-31,WORST,2047-07-12,128.224,0.0,128.224
5849,SUSC,2021-12-31,WORST,2047-07-15,2338.193,7921.687,10259.88
5850,SUSC,2021-12-31,WORST,2047-07-16,231.928,0.0,231.928
5851,SUSC,2021-12-31,WORST,2047-07-22,348.776,0.0,348.776
5852,SUSC,2021-12-31,WORST,2047-07-23,1513.44,0.0,1513.44
5853,SUSC,2021-12-31,WORST,2047-07-24,115.373,0.0,115.373
5854,SUSC,2021-12-31,WORST,2047-07-25,264.211,0.0,264.211
5855,SUSC,2021-12-31,WORST,2047-07-29,114.179,0.0,114.179
5856,SUSC,2021-12-31,WORST,2047-07-30,100.723,4578.313,4679.036
5857,SUSC,2021-12-31,WORST,2047-07-31,191.958,0.0,191.958
5858,SUSC,2021-12-31,WORST,2047-08-01,1581.002,11054.217,12635.218
5859,SUSC,2021-12-31,WORST,2047-08-05,595.105,13283.133,13878.238
5860,SUSC,2021-12-31,WORST,2047-08-06,23.892,0.0,23.892
5861,SUSC,2021-12-31,WORST,2047-08-07,101.318,0.0,101.318
5862,SUSC,2021-12-31,WORST,2047-08-08,264.292,0.0,264.292
5863,SUSC,2021-12-31,WORST,2047-08-09,217.244,0.0,217.244
5864,SUSC,2021-12-31,WORST,2047-08-12,208.859,0.0,208.859
5865,SUSC,2021-12-31,WORST,2047-08-14,175.836,0.0,175.836
5866,SUSC,2021-12-31,WORST,2047-08-15,3233.276,23765.06,26998.336
5867,SUSC,2021-12-31,WORST,2047-08-16,119.321,0.0,119.321
5868,SUSC,2021-12-31,WORST,2047-08-19,426.062,0.0,426.062
5869,SUSC,2021-12-31,WORST,2047-08-20,327.756,9457.831,9785.587
5870,SUSC,2021-12-31,WORST,2047-08-21,302.982,6054.217,6357.199
5871,SUSC,2021-12-31,WORST,2047-08-22,323.202,0.0,323.202
5872,SUSC,2021-12-31,WORST,2047-08-26,450.727,6114.458,6565.184
5873,SUSC,2021-12-31,WORST,2047-08-27,152.259,0.0,152.259
5874,SUSC,2021-12-31,WORST,2047-08-28,198.75,9578.313,9777.063
5875,SUSC,2021-12-31,WORST,2047-09-03,4223.85,67771.084,71994.934
5876,SUSC,2021-12-31,WORST,2047-09-04,79.002,0.0,79.002
5877,SUSC,2021-12-31,WORST,2047-09-05,22.59,0.0,22.59
5878,SUSC,2021-12-31,WORST,2047-09-06,35.386,0.0,35.386
5879,SUSC,2021-12-31,WORST,2047-09-09,557.895,10933.735,11491.63
5880,SUSC,2021-12-31,WORST,2047-09-10,96.913,0.0,96.913
5881,SUSC,2021-12-31,WORST,2047-09-11,61.755,0.0,61.755
5882,SUSC,2021-12-31,WORST,2047-09-12,61.551,0.0,61.551
5883,SUSC,2021-12-31,WORST,2047-09-13,403.549,0.0,403.549
5884,SUSC,2021-12-31,WORST,2047-09-16,6654.321,25180.723,31835.044
5885,SUSC,2021-12-31,WORST,2047-09-17,1112.216,0.0,1112.216
5886,SUSC,2021-12-31,WORST,2047-09-19,389.786,0.0,389.786
5887,SUSC,2021-12-31,WORST,2047-09-20,530.618,0.0,530.618
5888,SUSC,2021-12-31,WORST,2047-09-23,1214.458,0.0,1214.458
5889,SUSC,2021-12-31,WORST,2047-09-24,223.024,0.0,223.024
5890,SUSC,2021-12-31,WORST,2047-09-25,1816.009,31415.663,33231.672
5891,SUSC,2021-12-31,WORST,2047-09-26,217.854,0.0,217.854
5892,SUSC,2021-12-31,WORST,2047-09-27,153.869,2409.639,2563.508
5893,SUSC,2021-12-31,WORST,2047-09-30,236.642,0.0,236.642
5894,SUSC,2021-12-31,WORST,2047-10-01,3641.032,29581.981,33223.013
5895,SUSC,2021-12-31,WORST,2047-10-03,102.504,0.0,102.504
5896,SUSC,2021-12-31,WORST,2047-10-07,352.288,0.0,352.288
5897,SUSC,2021-12-31,WORST,2047-10-09,53.84,0.0,53.84
5898,SUSC,2021-12-31,WORST,2047-10-15,4198.353,23584.337,27782.69
5899,SUSC,2021-12-31,WORST,2047-10-17,164.556,753.012,917.568
5900,SUSC,2021-12-31,WORST,2047-10-21,160.015,5572.289,5732.304
5901,SUSC,2021-12-31,WORST,2047-10-22,362.48,0.0,362.48
5902,SUSC,2021-12-31,WORST,2047-10-23,57.636,0.0,57.636
5903,SUSC,2021-12-31,WORST,2047-10-24,137.288,0.0,137.288
5904,SUSC,2021-12-31,WORST,2047-10-25,12.236,0.0,12.236
5905,SUSC,2021-12-31,WORST,2047-10-28,355.791,0.0,355.791
5906,SUSC,2021-12-31,WORST,2047-10-30,403.965,0.0,403.965
5907,SUSC,2021-12-31,WORST,2047-11-01,3694.958,12560.241,16255.199
5908,SUSC,2021-12-31,WORST,2047-11-12,515.226,0.0,515.226
5909,SUSC,2021-12-31,WORST,2047-11-13,118.155,0.0,118.155
5910,SUSC,2021-12-31,WORST,2047-11-14,248.155,0.0,248.155
5911,SUSC,2021-12-31,WORST,2047-11-15,5716.762,23072.289,28789.051
5912,SUSC,2021-12-31,WORST,2047-11-18,530.501,0.0,530.501
5913,SUSC,2021-12-31,WORST,2047-11-19,93.185,0.0,93.185
5914,SUSC,2021-12-31,WORST,2047-11-20,332.022,0.0,332.022
5915,SUSC,2021-12-31,WORST,2047-11-21,494.127,0.0,494.127
5916,SUSC,2021-12-31,WORST,2047-11-25,92.021,1867.47,1959.491
5917,SUSC,2021-12-31,WORST,2047-11-29,234.525,0.0,234.525
5918,SUSC,2021-12-31,WORST,2047-12-02,4582.958,25060.241,29643.199
5919,SUSC,2021-12-31,WORST,2047-12-03,220.143,0.0,220.143
5920,SUSC,2021-12-31,WORST,2047-12-04,158.744,0.0,158.744
5921,SUSC,2021-12-31,WORST,2047-12-06,304.548,0.0,304.548
5922,SUSC,2021-12-31,WORST,2047-12-09,174.823,0.0,174.823
5923,SUSC,2021-12-31,WORST,2047-12-10,116.943,0.0,116.943
5924,SUSC,2021-12-31,WORST,2047-12-16,3155.709,26204.819,29360.529
5925,SUSC,2021-12-31,WORST,2047-12-17,108.66,0.0,108.66
5926,SUSC,2021-12-31,WORST,2047-12-19,126.205,0.0,126.205
5927,SUSC,2021-12-31,WORST,2047-12-23,97.44,0.0,97.44
5928,SUSC,2021-12-31,WORST,2047-12-30,319.303,0.0,319.303
5929,SUSC,2021-12-31,WORST,2048-01-02,946.465,0.0,946.465
5930,SUSC,2021-12-31,WORST,2048-01-09,519.608,12439.759,12959.367
5931,SUSC,2021-12-31,WORST,2048-01-13,353.224,0.0,353.224
5932,SUSC,2021-12-31,WORST,2048-01-14,3.106,0.0,3.106
5933,SUSC,2021-12-31,WORST,2048-01-15,1943.904,1957.831,3901.736
5934,SUSC,2021-12-31,WORST,2048-01-16,231.928,0.0,231.928
5935,SUSC,2021-12-31,WORST,2048-01-21,348.776,19939.759,20288.535
5936,SUSC,2021-12-31,WORST,2048-01-23,1513.44,0.0,1513.44
5937,SUSC,2021-12-31,WORST,2048-01-24,47.761,0.0,47.761
5938,SUSC,2021-12-31,WORST,2048-01-27,264.211,0.0,264.211
5939,SUSC,2021-12-31,WORST,2048-01-29,114.179,0.0,114.179
5940,SUSC,2021-12-31,WORST,2048-01-31,191.958,0.0,191.958
5941,SUSC,2021-12-31,WORST,2048-02-03,1359.917,0.0,1359.917
5942,SUSC,2021-12-31,WORST,2048-02-05,352.688,0.0,352.688
5943,SUSC,2021-12-31,WORST,2048-02-06,23.892,0.0,23.892
5944,SUSC,2021-12-31,WORST,2048-02-07,101.318,0.0,101.318
5945,SUSC,2021-12-31,WORST,2048-02-10,547.636,0.0,547.636
5946,SUSC,2021-12-31,WORST,2048-02-12,142.759,0.0,142.759
5947,SUSC,2021-12-31,WORST,2048-02-14,175.836,0.0,175.836
5948,SUSC,2021-12-31,WORST,2048-02-18,3230.489,21867.47,25097.959
5949,SUSC,2021-12-31,WORST,2048-02-19,31.446,0.0,31.446
5950,SUSC,2021-12-31,WORST,2048-02-20,112.59,5060.241,5172.831
5951,SUSC,2021-12-31,WORST,2048-02-21,172.816,0.0,172.816
5952,SUSC,2021-12-31,WORST,2048-02-24,475.461,16596.386,17071.846
5953,SUSC,2021-12-31,WORST,2048-02-25,137.139,0.0,137.139
5954,SUSC,2021-12-31,WORST,2048-02-26,192.828,0.0,192.828
5955,SUSC,2021-12-31,WORST,2048-03-02,2782.657,18734.94,21517.596
5956,SUSC,2021-12-31,WORST,2048-03-04,79.002,0.0,79.002
5957,SUSC,2021-12-31,WORST,2048-03-05,22.59,0.0,22.59
5958,SUSC,2021-12-31,WORST,2048-03-06,35.386,1445.783,1481.169
5959,SUSC,2021-12-31,WORST,2048-03-09,317.105,0.0,317.105
5960,SUSC,2021-12-31,WORST,2048-03-10,96.913,4307.229,4404.142
5961,SUSC,2021-12-31,WORST,2048-03-11,61.755,0.0,61.755
5962,SUSC,2021-12-31,WORST,2048-03-12,61.551,0.0,61.551
5963,SUSC,2021-12-31,WORST,2048-03-13,403.549,0.0,403.549
5964,SUSC,2021-12-31,WORST,2048-03-16,6083.696,16204.819,22288.516
5965,SUSC,2021-12-31,WORST,2048-03-17,1112.216,0.0,1112.216
5966,SUSC,2021-12-31,WORST,2048-03-19,389.786,0.0,389.786
5967,SUSC,2021-12-31,WORST,2048-03-20,530.618,0.0,530.618
5968,SUSC,2021-12-31,WORST,2048-03-23,1214.458,5722.892,6937.349
5969,SUSC,2021-12-31,WORST,2048-03-24,223.024,0.0,223.024
5970,SUSC,2021-12-31,WORST,2048-03-25,1022.764,0.0,1022.764
5971,SUSC,2021-12-31,WORST,2048-03-26,217.854,1295.181,1513.035
5972,SUSC,2021-12-31,WORST,2048-03-27,100.64,0.0,100.64
5973,SUSC,2021-12-31,WORST,2048-03-30,236.642,4307.229,4543.87
5974,SUSC,2021-12-31,WORST,2048-04-01,2945.826,6742.685,9688.511
5975,SUSC,2021-12-31,WORST,2048-04-03,102.504,0.0,102.504
5976,SUSC,2021-12-31,WORST,2048-04-06,157.079,0.0,157.079
5977,SUSC,2021-12-31,WORST,2048-04-07,195.209,8795.181,8990.39
5978,SUSC,2021-12-31,WORST,2048-04-09,53.84,0.0,53.84
5979,SUSC,2021-12-31,WORST,2048-04-15,3647.562,15993.976,19641.538
5980,SUSC,2021-12-31,WORST,2048-04-17,146.86,5933.735,6080.595
5981,SUSC,2021-12-31,WORST,2048-04-21,20.708,0.0,20.708
5982,SUSC,2021-12-31,WORST,2048-04-22,362.48,0.0,362.48
5983,SUSC,2021-12-31,WORST,2048-04-23,57.636,0.0,57.636
5984,SUSC,2021-12-31,WORST,2048-04-24,137.288,7018.072,7155.36
5985,SUSC,2021-12-31,WORST,2048-04-25,0.843,632.53,633.373
5986,SUSC,2021-12-31,WORST,2048-04-27,294.119,0.0,294.119
5987,SUSC,2021-12-31,WORST,2048-04-28,73.908,0.0,73.908
5988,SUSC,2021-12-31,WORST,2048-04-30,403.965,0.0,403.965
5989,SUSC,2021-12-31,WORST,2048-05-01,3408.813,13192.771,16601.584
5990,SUSC,2021-12-31,WORST,2048-05-11,388.381,0.0,388.381
5991,SUSC,2021-12-31,WORST,2048-05-12,126.845,0.0,126.845
5992,SUSC,2021-12-31,WORST,2048-05-13,118.155,0.0,118.155
5993,SUSC,2021-12-31,WORST,2048-05-14,248.155,10180.723,10428.878
5994,SUSC,2021-12-31,WORST,2048-05-15,4979.35,24759.036,29738.386
5995,SUSC,2021-12-31,WORST,2048-05-18,530.501,22409.639,22940.139
5996,SUSC,2021-12-31,WORST,2048-05-19,93.185,0.0,93.185
5997,SUSC,2021-12-31,WORST,2048-05-20,332.022,0.0,332.022
5998,SUSC,2021-12-31,WORST,2048-05-21,494.127,0.0,494.127
5999,SUSC,2021-12-31,WORST,2048-05-26,44.541,0.0,44.541
6000,SUSC,2021-12-31,WORST,2048-05-29,234.525,0.0,234.525
6001,SUSC,2021-12-31,WORST,2048-05-30,79.793,2891.566,2971.359
6002,SUSC,2021-12-31,WORST,2048-06-01,3934.204,20903.614,24837.819
6003,SUSC,2021-12-31,WORST,2048-06-02,39.684,0.0,39.684
6004,SUSC,2021-12-31,WORST,2048-06-03,220.143,0.0,220.143
6005,SUSC,2021-12-31,WORST,2048-06-04,158.744,0.0,158.744
6006,SUSC,2021-12-31,WORST,2048-06-08,479.371,7409.639,7889.01
6007,SUSC,2021-12-31,WORST,2048-06-10,116.943,0.0,116.943
6008,SUSC,2021-12-31,WORST,2048-06-15,2593.345,26807.229,29400.574
6009,SUSC,2021-12-31,WORST,2048-06-17,108.66,4457.831,4566.491
6010,SUSC,2021-12-31,WORST,2048-06-19,126.205,0.0,126.205
6011,SUSC,2021-12-31,WORST,2048-06-22,97.44,0.0,97.44
6012,SUSC,2021-12-31,WORST,2048-06-23,318.637,16445.783,16764.42
6013,SUSC,2021-12-31,WORST,2048-06-29,59.153,0.0,59.153
6014,SUSC,2021-12-31,WORST,2048-06-30,260.15,0.0,260.15
6015,SUSC,2021-12-31,WORST,2048-07-01,673.618,0.0,673.618
6016,SUSC,2021-12-31,WORST,2048-07-02,272.846,0.0,272.846
6017,SUSC,2021-12-31,WORST,2048-07-09,249.416,0.0,249.416
6018,SUSC,2021-12-31,WORST,2048-07-13,353.224,0.0,353.224
6019,SUSC,2021-12-31,WORST,2048-07-14,3.106,0.0,3.106
6020,SUSC,2021-12-31,WORST,2048-07-15,1893.001,18644.578,20537.579
6021,SUSC,2021-12-31,WORST,2048-07-16,231.928,0.0,231.928
6022,SUSC,2021-12-31,WORST,2048-07-20,28.818,1295.181,1323.998
6023,SUSC,2021-12-31,WORST,2048-07-21,100.708,0.0,100.708
6024,SUSC,2021-12-31,WORST,2048-07-23,896.036,13975.904,14871.939
6025,SUSC,2021-12-31,WORST,2048-07-24,47.761,5722.892,5770.653
6026,SUSC,2021-12-31,WORST,2048-07-27,264.211,5692.771,5956.983
6027,SUSC,2021-12-31,WORST,2048-07-29,114.179,0.0,114.179
6028,SUSC,2021-12-31,WORST,2048-07-31,191.958,0.0,191.958
6029,SUSC,2021-12-31,WORST,2048-08-03,1359.917,7620.482,8980.399
6030,SUSC,2021-12-31,WORST,2048-08-05,352.688,0.0,352.688
6031,SUSC,2021-12-31,WORST,2048-08-06,23.892,0.0,23.892
6032,SUSC,2021-12-31,WORST,2048-08-07,101.318,0.0,101.318
6033,SUSC,2021-12-31,WORST,2048-08-10,547.636,0.0,547.636
6034,SUSC,2021-12-31,WORST,2048-08-12,142.759,0.0,142.759
6035,SUSC,2021-12-31,WORST,2048-08-14,175.836,0.0,175.836
6036,SUSC,2021-12-31,WORST,2048-08-17,2523.659,15090.361,17614.021
6037,SUSC,2021-12-31,WORST,2048-08-18,232.53,0.0,232.53
6038,SUSC,2021-12-31,WORST,2048-08-19,31.446,0.0,31.446
6039,SUSC,2021-12-31,WORST,2048-08-21,172.816,0.0,172.816
6040,SUSC,2021-12-31,WORST,2048-08-24,326.995,0.0,326.995
6041,SUSC,2021-12-31,WORST,2048-08-25,137.139,0.0,137.139
6042,SUSC,2021-12-31,WORST,2048-08-26,192.828,0.0,192.828
6043,SUSC,2021-12-31,WORST,2048-09-01,2271.61,41837.349,44108.959
6044,SUSC,2021-12-31,WORST,2048-09-02,98.788,0.0,98.788
6045,SUSC,2021-12-31,WORST,2048-09-04,79.002,1867.47,1946.472
6046,SUSC,2021-12-31,WORST,2048-09-08,205.441,8644.578,8850.019
6047,SUSC,2021-12-31,WORST,2048-09-09,134.255,4487.952,4622.206
6048,SUSC,2021-12-31,WORST,2048-09-11,61.755,0.0,61.755
6049,SUSC,2021-12-31,WORST,2048-09-14,465.1,0.0,465.1
6050,SUSC,2021-12-31,WORST,2048-09-15,5722.243,59939.759,65662.002
6051,SUSC,2021-12-31,WORST,2048-09-17,1112.216,0.0,1112.216
6052,SUSC,2021-12-31,WORST,2048-09-21,1025.45,4668.675,5694.124
6053,SUSC,2021-12-31,WORST,2048-09-22,789.608,0.0,789.608
6054,SUSC,2021-12-31,WORST,2048-09-23,198.193,0.0,198.193
6055,SUSC,2021-12-31,WORST,2048-09-24,223.024,0.0,223.024
6056,SUSC,2021-12-31,WORST,2048-09-25,1022.764,0.0,1022.764
6057,SUSC,2021-12-31,WORST,2048-09-28,286.114,0.0,286.114
6058,SUSC,2021-12-31,WORST,2048-09-30,126.807,0.0,126.807
6059,SUSC,2021-12-31,WORST,2048-10-01,2777.232,5030.12,7807.352
6060,SUSC,2021-12-31,WORST,2048-10-05,248.14,813.253,1061.393
6061,SUSC,2021-12-31,WORST,2048-10-06,11.443,0.0,11.443
6062,SUSC,2021-12-31,WORST,2048-10-09,53.84,0.0,53.84
6063,SUSC,2021-12-31,WORST,2048-10-15,3256.523,5271.084,8527.607
6064,SUSC,2021-12-31,WORST,2048-10-21,20.708,0.0,20.708
6065,SUSC,2021-12-31,WORST,2048-10-22,362.48,963.855,1326.336
6066,SUSC,2021-12-31,WORST,2048-10-23,57.636,0.0,57.636
6067,SUSC,2021-12-31,WORST,2048-10-26,290.794,0.0,290.794
6068,SUSC,2021-12-31,WORST,2048-10-27,68.742,0.0,68.742
6069,SUSC,2021-12-31,WORST,2048-10-28,73.908,0.0,73.908
6070,SUSC,2021-12-31,WORST,2048-10-30,403.965,0.0,403.965
6071,SUSC,2021-12-31,WORST,2048-11-02,3084.009,24578.313,27662.322
6072,SUSC,2021-12-31,WORST,2048-11-10,128.095,0.0,128.095
6073,SUSC,2021-12-31,WORST,2048-11-12,387.131,0.0,387.131
6074,SUSC,2021-12-31,WORST,2048-11-13,118.155,0.0,118.155
6075,SUSC,2021-12-31,WORST,2048-11-16,4365.942,53915.663,58281.604
6076,SUSC,2021-12-31,WORST,2048-11-18,13.554,0.0,13.554
6077,SUSC,2021-12-31,WORST,2048-11-19,93.185,0.0,93.185
6078,SUSC,2021-12-31,WORST,2048-11-20,332.022,753.012,1085.034
6079,SUSC,2021-12-31,WORST,2048-11-23,494.127,0.0,494.127
6080,SUSC,2021-12-31,WORST,2048-11-24,23.72,903.614,927.334
6081,SUSC,2021-12-31,WORST,2048-11-25,20.821,0.0,20.821
6082,SUSC,2021-12-31,WORST,2048-11-30,234.525,0.0,234.525
6083,SUSC,2021-12-31,WORST,2048-12-01,3392.081,35662.651,39054.731
6084,SUSC,2021-12-31,WORST,2048-12-02,39.684,0.0,39.684
6085,SUSC,2021-12-31,WORST,2048-12-03,220.143,0.0,220.143
6086,SUSC,2021-12-31,WORST,2048-12-04,158.744,0.0,158.744
6087,SUSC,2021-12-31,WORST,2048-12-07,312.654,0.0,312.654
6088,SUSC,2021-12-31,WORST,2048-12-10,116.943,0.0,116.943
6089,SUSC,2021-12-31,WORST,2048-12-14,69.277,3463.855,3533.133
6090,SUSC,2021-12-31,WORST,2048-12-15,1896.004,19879.518,21775.522
6091,SUSC,2021-12-31,WORST,2048-12-21,136.747,0.0,136.747
6092,SUSC,2021-12-31,WORST,2048-12-22,86.898,0.0,86.898
6093,SUSC,2021-12-31,WORST,2048-12-29,59.153,0.0,59.153
6094,SUSC,2021-12-31,WORST,2048-12-30,260.15,0.0,260.15
6095,SUSC,2021-12-31,WORST,2049-01-04,946.465,18102.41,19048.874
6096,SUSC,2021-12-31,WORST,2049-01-12,377.64,7409.639,7787.279
6097,SUSC,2021-12-31,WORST,2049-01-13,225.0,0.0,225.0
6098,SUSC,2021-12-31,WORST,2049-01-14,3.106,0.0,3.106
6099,SUSC,2021-12-31,WORST,2049-01-15,1473.829,3644.578,5118.407
6100,SUSC,2021-12-31,WORST,2049-01-19,231.928,0.0,231.928
6101,SUSC,2021-12-31,WORST,2049-01-21,100.708,0.0,100.708
6102,SUSC,2021-12-31,WORST,2049-01-25,613.701,18825.301,19439.002
6103,SUSC,2021-12-31,WORST,2049-01-29,205.791,6204.819,6410.61
6104,SUSC,2021-12-31,WORST,2049-02-01,1284.367,7048.193,8332.56
6105,SUSC,2021-12-31,WORST,2049-02-05,352.688,0.0,352.688
6106,SUSC,2021-12-31,WORST,2049-02-08,389.502,0.0,389.502
6107,SUSC,2021-12-31,WORST,2049-02-09,217.244,0.0,217.244
6108,SUSC,2021-12-31,WORST,2049-02-10,66.099,3433.735,3499.834
6109,SUSC,2021-12-31,WORST,2049-02-12,142.759,0.0,142.759
6110,SUSC,2021-12-31,WORST,2049-02-16,2290.022,25572.289,27862.311
6111,SUSC,2021-12-31,WORST,2049-02-18,232.53,0.0,232.53
6112,SUSC,2021-12-31,WORST,2049-02-19,31.446,1746.988,1778.434
6113,SUSC,2021-12-31,WORST,2049-02-22,347.553,0.0,347.553
6114,SUSC,2021-12-31,WORST,2049-02-24,152.259,0.0,152.259
6115,SUSC,2021-12-31,WORST,2049-02-25,137.139,0.0,137.139
6116,SUSC,2021-12-31,WORST,2049-02-26,192.828,7108.434,7301.261
6117,SUSC,2021-12-31,WORST,2049-03-01,1329.209,13704.819,15034.029
6118,SUSC,2021-12-31,WORST,2049-03-02,98.788,0.0,98.788
6119,SUSC,2021-12-31,WORST,2049-03-04,40.719,0.0,40.719
6120,SUSC,2021-12-31,WORST,2049-03-05,22.59,0.0,22.59
6121,SUSC,2021-12-31,WORST,2049-03-08,9.959,692.771,702.73
6122,SUSC,2021-12-31,WORST,2049-03-09,32.154,0.0,32.154
6123,SUSC,2021-12-31,WORST,2049-03-11,61.755,4186.747,4248.502
6124,SUSC,2021-12-31,WORST,2049-03-12,61.551,0.0,61.551
6125,SUSC,2021-12-31,WORST,2049-03-15,4797.441,50903.614,55701.055
6126,SUSC,2021-12-31,WORST,2049-03-17,1112.216,0.0,1112.216
6127,SUSC,2021-12-31,WORST,2049-03-19,389.786,3313.253,3703.039
6128,SUSC,2021-12-31,WORST,2049-03-22,1320.227,0.0,1320.227
6129,SUSC,2021-12-31,WORST,2049-03-23,198.193,0.0,198.193
6130,SUSC,2021-12-31,WORST,2049-03-24,223.024,0.0,223.024
6131,SUSC,2021-12-31,WORST,2049-03-25,1022.764,0.0,1022.764
6132,SUSC,2021-12-31,WORST,2049-03-26,185.474,0.0,185.474
6133,SUSC,2021-12-31,WORST,2049-03-29,100.64,0.0,100.64
6134,SUSC,2021-12-31,WORST,2049-03-30,126.807,5421.687,5548.494
6135,SUSC,2021-12-31,WORST,2049-04-01,2643.467,13734.94,16378.406
6136,SUSC,2021-12-31,WORST,2049-04-05,229.638,0.0,229.638
6137,SUSC,2021-12-31,WORST,2049-04-06,11.443,0.0,11.443
6138,SUSC,2021-12-31,WORST,2049-04-09,53.84,0.0,53.84
6139,SUSC,2021-12-31,WORST,2049-04-15,3128.319,17138.554,20266.873
6140,SUSC,2021-12-31,WORST,2049-04-21,20.708,0.0,20.708
6141,SUSC,2021-12-31,WORST,2049-04-22,341.396,0.0,341.396
6142,SUSC,2021-12-31,WORST,2049-04-23,57.636,0.0,57.636
6143,SUSC,2021-12-31,WORST,2049-04-26,290.794,10030.12,10320.915
6144,SUSC,2021-12-31,WORST,2049-04-27,68.742,0.0,68.742
6145,SUSC,2021-12-31,WORST,2049-04-28,73.908,0.0,73.908
6146,SUSC,2021-12-31,WORST,2049-04-30,403.965,0.0,403.965
6147,SUSC,2021-12-31,WORST,2049-05-03,2580.02,7981.928,10561.948
6148,SUSC,2021-12-31,WORST,2049-05-10,128.095,0.0,128.095
6149,SUSC,2021-12-31,WORST,2049-05-11,260.286,0.0,260.286
6150,SUSC,2021-12-31,WORST,2049-05-12,126.845,0.0,126.845
6151,SUSC,2021-12-31,WORST,2049-05-13,118.155,0.0,118.155
6152,SUSC,2021-12-31,WORST,2049-05-17,3400.685,73945.783,77346.468
6153,SUSC,2021-12-31,WORST,2049-05-18,13.554,0.0,13.554
6154,SUSC,2021-12-31,WORST,2049-05-19,93.185,0.0,93.185
6155,SUSC,2021-12-31,WORST,2049-05-20,313.197,0.0,313.197
6156,SUSC,2021-12-31,WORST,2049-05-21,494.127,23253.012,23747.139
6157,SUSC,2021-12-31,WORST,2049-05-25,20.821,0.0,20.821
6158,SUSC,2021-12-31,WORST,2049-06-01,2925.084,10180.723,13105.807
6159,SUSC,2021-12-31,WORST,2049-06-02,39.684,0.0,39.684
6160,SUSC,2021-12-31,WORST,2049-06-03,220.143,0.0,220.143
6161,SUSC,2021-12-31,WORST,2049-06-04,158.744,0.0,158.744
6162,SUSC,2021-12-31,WORST,2049-06-07,312.654,8885.542,9198.197
6163,SUSC,2021-12-31,WORST,2049-06-10,116.943,0.0,116.943
6164,SUSC,2021-12-31,WORST,2049-06-15,1431.32,17138.554,18569.874
6165,SUSC,2021-12-31,WORST,2049-06-21,136.747,1536.145,1672.892
6166,SUSC,2021-12-31,WORST,2049-06-22,86.898,0.0,86.898
6167,SUSC,2021-12-31,WORST,2049-06-29,59.153,0.0,59.153
6168,SUSC,2021-12-31,WORST,2049-06-30,260.15,0.0,260.15
6169,SUSC,2021-12-31,WORST,2049-07-01,266.574,8945.783,9212.357
6170,SUSC,2021-12-31,WORST,2049-07-02,272.846,0.0,272.846
6171,SUSC,2021-12-31,WORST,2049-07-09,249.416,0.0,249.416
6172,SUSC,2021-12-31,WORST,2049-07-13,225.0,0.0,225.0
6173,SUSC,2021-12-31,WORST,2049-07-14,3.106,150.602,153.709
6174,SUSC,2021-12-31,WORST,2049-07-15,1398.204,23975.904,25374.108
6175,SUSC,2021-12-31,WORST,2049-07-16,231.928,13253.012,13484.94
6176,SUSC,2021-12-31,WORST,2049-07-21,100.708,0.0,100.708
6177,SUSC,2021-12-31,WORST,2049-07-23,374.729,0.0,374.729
6178,SUSC,2021-12-31,WORST,2049-07-26,105.497,0.0,105.497
6179,SUSC,2021-12-31,WORST,2049-07-30,91.611,0.0,91.611
6180,SUSC,2021-12-31,WORST,2049-08-02,1171.596,20602.41,21774.006
6181,SUSC,2021-12-31,WORST,2049-08-05,352.688,9638.554,9991.242
6182,SUSC,2021-12-31,WORST,2049-08-06,23.892,0.0,23.892
6183,SUSC,2021-12-31,WORST,2049-08-09,582.854,7048.193,7631.047
6184,SUSC,2021-12-31,WORST,2049-08-12,142.759,0.0,142.759
6185,SUSC,2021-12-31,WORST,2049-08-16,1793.589,26626.506,28420.095
6186,SUSC,2021-12-31,WORST,2049-08-18,232.53,0.0,232.53
6187,SUSC,2021-12-31,WORST,2049-08-23,347.553,10240.964,10588.517
6188,SUSC,2021-12-31,WORST,2049-08-24,152.259,0.0,152.259
6189,SUSC,2021-12-31,WORST,2049-08-25,137.139,5301.205,5438.343
6190,SUSC,2021-12-31,WORST,2049-08-26,77.316,0.0,77.316
6191,SUSC,2021-12-31,WORST,2049-08-28,72.328,4457.831,4530.16
6192,SUSC,2021-12-31,WORST,2049-09-01,1008.419,29186.747,30195.166
6193,SUSC,2021-12-31,WORST,2049-09-02,98.788,0.0,98.788
6194,SUSC,2021-12-31,WORST,2049-09-07,63.309,0.0,63.309
6195,SUSC,2021-12-31,WORST,2049-09-09,32.154,0.0,32.154
6196,SUSC,2021-12-31,WORST,2049-09-13,416.644,3674.699,4091.343
6197,SUSC,2021-12-31,WORST,2049-09-15,3421.045,16596.386,20017.431
6198,SUSC,2021-12-31,WORST,2049-09-17,1112.216,0.0,1112.216
6199,SUSC,2021-12-31,WORST,2049-09-20,866.564,16475.904,17342.468
6200,SUSC,2021-12-31,WORST,2049-09-22,789.608,2891.566,3681.175
6201,SUSC,2021-12-31,WORST,2049-09-23,198.193,8433.735,8631.928
6202,SUSC,2021-12-31,WORST,2049-09-24,223.024,0.0,223.024
6203,SUSC,2021-12-31,WORST,2049-09-27,1308.878,23132.53,24441.408
6204,SUSC,2021-12-31,WORST,2049-09-30,30.572,0.0,30.572
6205,SUSC,2021-12-31,WORST,2049-10-01,2408.715,40873.494,43282.209
6206,SUSC,2021-12-31,WORST,2049-10-04,102.504,4969.88,5072.383
6207,SUSC,2021-12-31,WORST,2049-10-05,127.134,7108.434,7235.568
6208,SUSC,2021-12-31,WORST,2049-10-06,11.443,0.0,11.443
6209,SUSC,2021-12-31,WORST,2049-10-12,53.84,3313.253,3367.093
6210,SUSC,2021-12-31,WORST,2049-10-15,2813.005,104216.867,107029.872
6211,SUSC,2021-12-31,WORST,2049-10-21,20.708,0.0,20.708
6212,SUSC,2021-12-31,WORST,2049-10-22,341.396,0.0,341.396
6213,SUSC,2021-12-31,WORST,2049-10-25,135.291,0.0,135.291
6214,SUSC,2021-12-31,WORST,2049-10-27,68.742,0.0,68.742
6215,SUSC,2021-12-31,WORST,2049-10-28,73.908,4548.193,4622.101
6216,SUSC,2021-12-31,WORST,2049-11-01,2838.971,36987.952,39826.923
6217,SUSC,2021-12-31,WORST,2049-11-10,128.095,0.0,128.095
6218,SUSC,2021-12-31,WORST,2049-11-12,416.744,14036.145,14452.888
6219,SUSC,2021-12-31,WORST,2049-11-15,2115.361,28945.783,31061.144
6220,SUSC,2021-12-31,WORST,2049-11-18,13.554,0.0,13.554
6221,SUSC,2021-12-31,WORST,2049-11-19,93.185,3765.06,3858.245
6222,SUSC,2021-12-31,WORST,2049-11-22,313.197,873.494,1186.691
6223,SUSC,2021-12-31,WORST,2049-11-26,20.821,0.0,20.821
6224,SUSC,2021-12-31,WORST,2049-11-29,234.525,15000.0,15234.525
6225,SUSC,2021-12-31,WORST,2049-12-01,2528.003,23012.048,25540.051
6226,SUSC,2021-12-31,WORST,2049-12-02,39.684,0.0,39.684
6227,SUSC,2021-12-31,WORST,2049-12-03,220.143,0.0,220.143
6228,SUSC,2021-12-31,WORST,2049-12-06,296.575,0.0,296.575
6229,SUSC,2021-12-31,WORST,2049-12-10,116.943,0.0,116.943
6230,SUSC,2021-12-31,WORST,2049-12-15,1132.02,20542.169,21674.189
6231,SUSC,2021-12-31,WORST,2049-12-20,88.761,0.0,88.761
6232,SUSC,2021-12-31,WORST,2049-12-21,10.542,0.0,10.542
6233,SUSC,2021-12-31,WORST,2049-12-22,86.898,3765.06,3851.958
6234,SUSC,2021-12-31,WORST,2049-12-29,59.153,0.0,59.153
6235,SUSC,2021-12-31,WORST,2049-12-30,260.15,4126.506,4386.656
6236,SUSC,2021-12-31,WORST,2050-01-03,125.678,7500.0,7625.678
6237,SUSC,2021-12-31,WORST,2050-01-04,272.846,0.0,272.846
6238,SUSC,2021-12-31,WORST,2050-01-11,249.416,8283.133,8532.549
6239,SUSC,2021-12-31,WORST,2050-01-13,225.0,0.0,225.0
6240,SUSC,2021-12-31,WORST,2050-01-18,975.358,2740.964,3716.322
6241,SUSC,2021-12-31,WORST,2050-01-21,100.708,0.0,100.708
6242,SUSC,2021-12-31,WORST,2050-01-24,374.729,0.0,374.729
6243,SUSC,2021-12-31,WORST,2050-01-25,105.497,0.0,105.497
6244,SUSC,2021-12-31,WORST,2050-01-31,116.687,0.0,116.687
6245,SUSC,2021-12-31,WORST,2050-02-01,763.306,0.0,763.306
6246,SUSC,2021-12-31,WORST,2050-02-07,219.953,0.0,219.953
6247,SUSC,2021-12-31,WORST,2050-02-08,264.292,0.0,264.292
6248,SUSC,2021-12-31,WORST,2050-02-09,217.244,0.0,217.244
6249,SUSC,2021-12-31,WORST,2050-02-14,169.679,1957.831,2127.511
6250,SUSC,2021-12-31,WORST,2050-02-15,1188.433,0.0,1188.433
6251,SUSC,2021-12-31,WORST,2050-02-16,51.269,0.0,51.269
6252,SUSC,2021-12-31,WORST,2050-02-18,232.53,0.0,232.53
6253,SUSC,2021-12-31,WORST,2050-02-22,174.736,0.0,174.736
6254,SUSC,2021-12-31,WORST,2050-02-24,152.259,10150.602,10302.861
6255,SUSC,2021-12-31,WORST,2050-02-25,21.837,0.0,21.837
6256,SUSC,2021-12-31,WORST,2050-02-28,77.316,0.0,77.316
6257,SUSC,2021-12-31,WORST,2050-03-01,504.473,1566.265,2070.738
6258,SUSC,2021-12-31,WORST,2050-03-02,98.788,0.0,98.788
6259,SUSC,2021-12-31,WORST,2050-03-04,40.719,0.0,40.719
6260,SUSC,2021-12-31,WORST,2050-03-07,22.59,0.0,22.59
6261,SUSC,2021-12-31,WORST,2050-03-09,32.154,0.0,32.154
6262,SUSC,2021-12-31,WORST,2050-03-14,355.093,0.0,355.093
6263,SUSC,2021-12-31,WORST,2050-03-15,3120.684,13795.181,16915.865
6264,SUSC,2021-12-31,WORST,2050-03-17,1112.216,1867.47,2979.686
6265,SUSC,2021-12-31,WORST,2050-03-21,530.618,23584.337,24114.955
6266,SUSC,2021-12-31,WORST,2050-03-22,731.777,0.0,731.777
6267,SUSC,2021-12-31,WORST,2050-03-24,223.024,7259.036,7482.06
6268,SUSC,2021-12-31,WORST,2050-03-25,841.777,9487.952,10329.729
6269,SUSC,2021-12-31,WORST,2050-03-30,30.572,0.0,30.572
6270,SUSC,2021-12-31,WORST,2050-04-01,1533.994,19819.277,21353.271
6271,SUSC,2021-12-31,WORST,2050-04-06,11.443,0.0,11.443
6272,SUSC,2021-12-31,WORST,2050-04-15,727.942,4728.916,5456.857
6273,SUSC,2021-12-31,WORST,2050-04-21,20.708,0.0,20.708
6274,SUSC,2021-12-31,WORST,2050-04-22,341.396,0.0,341.396
6275,SUSC,2021-12-31,WORST,2050-04-25,135.291,4186.747,4322.038
6276,SUSC,2021-12-31,WORST,2050-04-27,68.742,5391.566,5460.309
6277,SUSC,2021-12-31,WORST,2050-05-02,2156.343,11234.94,13391.283
6278,SUSC,2021-12-31,WORST,2050-05-10,128.095,0.0,128.095
6279,SUSC,2021-12-31,WORST,2050-05-11,67.447,5090.361,5157.809
6280,SUSC,2021-12-31,WORST,2050-05-12,126.845,0.0,126.845
6281,SUSC,2021-12-31,WORST,2050-05-13,118.155,0.0,118.155
6282,SUSC,2021-12-31,WORST,2050-05-16,1457.063,33524.096,34981.159
6283,SUSC,2021-12-31,WORST,2050-05-18,13.554,0.0,13.554
6284,SUSC,2021-12-31,WORST,2050-05-20,299.002,0.0,299.002
6285,SUSC,2021-12-31,WORST,2050-05-25,20.821,0.0,20.821
6286,SUSC,2021-12-31,WORST,2050-06-01,2096.346,22108.434,24204.78
6287,SUSC,2021-12-31,WORST,2050-06-02,39.684,0.0,39.684
6288,SUSC,2021-12-31,WORST,2050-06-03,220.143,5753.012,5973.155
6289,SUSC,2021-12-31,WORST,2050-06-06,296.575,0.0,296.575
6290,SUSC,2021-12-31,WORST,2050-06-10,116.943,0.0,116.943
6291,SUSC,2021-12-31,WORST,2050-06-15,795.025,7620.482,8415.507
6292,SUSC,2021-12-31,WORST,2050-06-20,88.761,0.0,88.761
6293,SUSC,2021-12-31,WORST,2050-06-21,10.542,0.0,10.542
6294,SUSC,2021-12-31,WORST,2050-06-22,11.596,0.0,11.596
6295,SUSC,2021-12-31,WORST,2050-06-29,59.153,0.0,59.153
6296,SUSC,2021-12-31,WORST,2050-06-30,178.464,0.0,178.464
6297,SUSC,2021-12-31,WORST,2050-07-01,128.404,2951.807,3080.211
6298,SUSC,2021-12-31,WORST,2050-07-05,272.846,0.0,272.846
6299,SUSC,2021-12-31,WORST,2050-07-11,117.922,0.0,117.922
6300,SUSC,2021-12-31,WORST,2050-07-13,225.0,12500.0,12725.0
6301,SUSC,2021-12-31,WORST,2050-07-15,923.279,10030.12,10953.4
6302,SUSC,2021-12-31,WORST,2050-07-21,100.708,0.0,100.708
6303,SUSC,2021-12-31,WORST,2050-07-25,480.226,0.0,480.226
6304,SUSC,2021-12-31,WORST,2050-07-29,91.611,0.0,91.611
6305,SUSC,2021-12-31,WORST,2050-08-01,788.381,14006.024,14794.405
6306,SUSC,2021-12-31,WORST,2050-08-05,196.062,0.0,196.062
6307,SUSC,2021-12-31,WORST,2050-08-08,288.184,0.0,288.184
6308,SUSC,2021-12-31,WORST,2050-08-09,217.244,0.0,217.244
6309,SUSC,2021-12-31,WORST,2050-08-12,142.759,4427.711,4570.47
6310,SUSC,2021-12-31,WORST,2050-08-15,1188.433,20000.0,21188.433
6311,SUSC,2021-12-31,WORST,2050-08-16,51.269,0.0,51.269
6312,SUSC,2021-12-31,WORST,2050-08-18,232.53,0.0,232.53
6313,SUSC,2021-12-31,WORST,2050-08-22,174.736,0.0,174.736
6314,SUSC,2021-12-31,WORST,2050-08-25,21.837,0.0,21.837
6315,SUSC,2021-12-31,WORST,2050-08-26,77.316,0.0,77.316
6316,SUSC,2021-12-31,WORST,2050-09-01,480.587,6325.301,6805.889
6317,SUSC,2021-12-31,WORST,2050-09-02,98.788,3433.735,3532.523
6318,SUSC,2021-12-31,WORST,2050-09-06,63.309,3102.41,3165.719
6319,SUSC,2021-12-31,WORST,2050-09-09,32.154,0.0,32.154
6320,SUSC,2021-12-31,WORST,2050-09-13,355.093,7710.843,8065.936
6321,SUSC,2021-12-31,WORST,2050-09-15,3001.416,22500.0,25501.416
6322,SUSC,2021-12-31,WORST,2050-09-19,1073.466,12168.675,13242.141
6323,SUSC,2021-12-31,WORST,2050-09-20,49.144,0.0,49.144
6324,SUSC,2021-12-31,WORST,2050-09-22,731.777,19879.518,20611.295
6325,SUSC,2021-12-31,WORST,2050-09-26,676.416,10000.0,10676.416
6326,SUSC,2021-12-31,WORST,2050-09-30,30.572,1746.988,1777.56
6327,SUSC,2021-12-31,WORST,2050-10-03,1181.452,5180.723,6362.175
6328,SUSC,2021-12-31,WORST,2050-10-06,11.443,0.0,11.443
6329,SUSC,2021-12-31,WORST,2050-10-17,650.901,9518.072,10168.973
6330,SUSC,2021-12-31,WORST,2050-10-21,20.708,0.0,20.708
6331,SUSC,2021-12-31,WORST,2050-10-24,357.119,0.0,357.119
6332,SUSC,2021-12-31,WORST,2050-10-25,12.236,0.0,12.236
6333,SUSC,2021-12-31,WORST,2050-10-31,403.965,0.0,403.965
6334,SUSC,2021-12-31,WORST,2050-11-01,1575.428,0.0,1575.428
6335,SUSC,2021-12-31,WORST,2050-11-10,128.095,8765.06,8893.155
6336,SUSC,2021-12-31,WORST,2050-11-14,245.0,5993.976,6238.976
6337,SUSC,2021-12-31,WORST,2050-11-15,984.743,903.614,1888.358
6338,SUSC,2021-12-31,WORST,2050-11-18,13.554,0.0,13.554
6339,SUSC,2021-12-31,WORST,2050-11-21,299.002,10421.687,10720.689
6340,SUSC,2021-12-31,WORST,2050-11-25,20.821,1054.217,1075.038
6341,SUSC,2021-12-31,WORST,2050-12-01,1815.285,24096.386,25911.67
6342,SUSC,2021-12-31,WORST,2050-12-02,39.684,0.0,39.684
6343,SUSC,2021-12-31,WORST,2050-12-05,306.974,1054.217,1361.191
6344,SUSC,2021-12-31,WORST,2050-12-06,137.831,0.0,137.831
6345,SUSC,2021-12-31,WORST,2050-12-12,116.943,0.0,116.943
6346,SUSC,2021-12-31,WORST,2050-12-15,676.907,20120.482,20797.389
6347,SUSC,2021-12-31,WORST,2050-12-19,88.761,0.0,88.761
6348,SUSC,2021-12-31,WORST,2050-12-21,10.542,0.0,10.542
6349,SUSC,2021-12-31,WORST,2050-12-22,11.596,0.0,11.596
6350,SUSC,2021-12-31,WORST,2050-12-29,59.153,0.0,59.153
6351,SUSC,2021-12-31,WORST,2050-12-30,178.464,0.0,178.464
6352,SUSC,2021-12-31,WORST,2051-01-03,272.846,0.0,272.846
6353,SUSC,2021-12-31,WORST,2051-01-10,117.922,0.0,117.922
6354,SUSC,2021-12-31,WORST,2051-01-17,726.578,18283.133,19009.71
6355,SUSC,2021-12-31,WORST,2051-01-23,475.437,0.0,475.437
6356,SUSC,2021-12-31,WORST,2051-01-25,105.497,0.0,105.497
6357,SUSC,2021-12-31,WORST,2051-01-31,91.611,0.0,91.611
6358,SUSC,2021-12-31,WORST,2051-02-01,568.276,1054.217,1622.492
6359,SUSC,2021-12-31,WORST,2051-02-06,219.953,0.0,219.953
6360,SUSC,2021-12-31,WORST,2051-02-08,264.292,1054.217,1318.509
6361,SUSC,2021-12-31,WORST,2051-02-09,217.244,6024.096,6241.34
6362,SUSC,2021-12-31,WORST,2051-02-13,90.889,1204.819,1295.708
6363,SUSC,2021-12-31,WORST,2051-02-15,926.987,16144.578,17071.566
6364,SUSC,2021-12-31,WORST,2051-02-16,51.269,0.0,51.269
6365,SUSC,2021-12-31,WORST,2051-02-21,232.53,0.0,232.53
6366,SUSC,2021-12-31,WORST,2051-02-22,174.736,0.0,174.736
6367,SUSC,2021-12-31,WORST,2051-02-27,99.153,0.0,99.153
6368,SUSC,2021-12-31,WORST,2051-03-01,398.358,0.0,398.358
6369,SUSC,2021-12-31,WORST,2051-03-02,37.839,0.0,37.839
6370,SUSC,2021-12-31,WORST,2051-03-06,22.59,1506.024,1528.614
6371,SUSC,2021-12-31,WORST,2051-03-09,32.154,0.0,32.154
6372,SUSC,2021-12-31,WORST,2051-03-13,212.442,0.0,212.442
6373,SUSC,2021-12-31,WORST,2051-03-15,2632.967,11174.699,13807.666
6374,SUSC,2021-12-31,WORST,2051-03-17,814.882,0.0,814.882
6375,SUSC,2021-12-31,WORST,2051-03-20,49.144,0.0,49.144
6376,SUSC,2021-12-31,WORST,2051-03-22,378.916,0.0,378.916
6377,SUSC,2021-12-31,WORST,2051-03-27,476.883,0.0,476.883
6378,SUSC,2021-12-31,WORST,2051-04-03,1095.353,15993.976,17089.329
6379,SUSC,2021-12-31,WORST,2051-04-06,11.443,0.0,11.443
6380,SUSC,2021-12-31,WORST,2051-04-17,498.422,0.0,498.422
6381,SUSC,2021-12-31,WORST,2051-04-21,20.708,1506.024,1526.732
6382,SUSC,2021-12-31,WORST,2051-04-24,357.119,14578.313,14935.433
6383,SUSC,2021-12-31,WORST,2051-04-25,12.236,753.012,765.248
6384,SUSC,2021-12-31,WORST,2051-05-01,1979.393,1204.819,3184.212
6385,SUSC,2021-12-31,WORST,2051-05-12,47.477,0.0,47.477
6386,SUSC,2021-12-31,WORST,2051-05-15,1077.078,602.41,1679.487
6387,SUSC,2021-12-31,WORST,2051-05-18,13.554,903.614,917.169
6388,SUSC,2021-12-31,WORST,2051-05-22,146.837,0.0,146.837
6389,SUSC,2021-12-31,WORST,2051-06-01,1401.881,3012.048,4413.929
6390,SUSC,2021-12-31,WORST,2051-06-02,39.684,2560.241,2599.925
6391,SUSC,2021-12-31,WORST,2051-06-05,290.897,10933.735,11224.632
6392,SUSC,2021-12-31,WORST,2051-06-06,137.831,0.0,137.831
6393,SUSC,2021-12-31,WORST,2051-06-12,116.943,0.0,116.943
6394,SUSC,2021-12-31,WORST,2051-06-15,213.309,903.614,1116.924
6395,SUSC,2021-12-31,WORST,2051-06-19,88.761,0.0,88.761
6396,SUSC,2021-12-31,WORST,2051-06-21,10.542,0.0,10.542
6397,SUSC,2021-12-31,WORST,2051-06-22,11.596,0.0,11.596
6398,SUSC,2021-12-31,WORST,2051-06-29,59.153,0.0,59.153
6399,SUSC,2021-12-31,WORST,2051-06-30,178.464,0.0,178.464
6400,SUSC,2021-12-31,WORST,2051-07-03,272.846,0.0,272.846
6401,SUSC,2021-12-31,WORST,2051-07-10,117.922,0.0,117.922
6402,SUSC,2021-12-31,WORST,2051-07-17,441.721,1656.627,2098.347
6403,SUSC,2021-12-31,WORST,2051-07-21,100.708,0.0,100.708
6404,SUSC,2021-12-31,WORST,2051-07-24,374.729,0.0,374.729
6405,SUSC,2021-12-31,WORST,2051-07-25,56.852,0.0,56.852
6406,SUSC,2021-12-31,WORST,2051-07-31,91.611,0.0,91.611
6407,SUSC,2021-12-31,WORST,2051-08-01,550.354,0.0,550.354
6408,SUSC,2021-12-31,WORST,2051-08-07,219.953,3975.904,4195.857
6409,SUSC,2021-12-31,WORST,2051-08-08,250.324,0.0,250.324
6410,SUSC,2021-12-31,WORST,2051-08-09,122.364,0.0,122.364
6411,SUSC,2021-12-31,WORST,2051-08-14,72.515,3614.458,3686.973
6412,SUSC,2021-12-31,WORST,2051-08-15,662.936,3012.048,3674.984
6413,SUSC,2021-12-31,WORST,2051-08-16,51.269,0.0,51.269
6414,SUSC,2021-12-31,WORST,2051-08-18,232.53,0.0,232.53
6415,SUSC,2021-12-31,WORST,2051-08-22,174.736,0.0,174.736
6416,SUSC,2021-12-31,WORST,2051-08-25,21.837,1506.024,1527.861
6417,SUSC,2021-12-31,WORST,2051-08-28,77.316,0.0,77.316
6418,SUSC,2021-12-31,WORST,2051-09-01,398.358,18825.301,19223.66
6419,SUSC,2021-12-31,WORST,2051-09-05,37.839,2259.036,2296.875
6420,SUSC,2021-12-31,WORST,2051-09-11,32.154,0.0,32.154
6421,SUSC,2021-12-31,WORST,2051-09-13,106.106,0.0,106.106
6422,SUSC,2021-12-31,WORST,2051-09-15,2483.381,11867.47,14350.851
6423,SUSC,2021-12-31,WORST,2051-09-18,814.882,53612.048,54426.93
6424,SUSC,2021-12-31,WORST,2051-09-20,49.144,0.0,49.144
6425,SUSC,2021-12-31,WORST,2051-09-22,378.916,0.0,378.916
6426,SUSC,2021-12-31,WORST,2051-09-25,476.883,0.0,476.883
6427,SUSC,2021-12-31,WORST,2051-10-02,795.648,3614.458,4410.105
6428,SUSC,2021-12-31,WORST,2051-10-06,11.443,0.0,11.443
6429,SUSC,2021-12-31,WORST,2051-10-16,498.422,0.0,498.422
6430,SUSC,2021-12-31,WORST,2051-10-23,115.843,0.0,115.843
6431,SUSC,2021-12-31,WORST,2051-10-30,403.965,0.0,403.965
6432,SUSC,2021-12-31,WORST,2051-11-01,1554.482,53192.771,54747.253
6433,SUSC,2021-12-31,WORST,2051-11-13,154.495,0.0,154.495
6434,SUSC,2021-12-31,WORST,2051-11-15,959.517,0.0,959.517
6435,SUSC,2021-12-31,WORST,2051-11-20,146.837,0.0,146.837
6436,SUSC,2021-12-31,WORST,2051-12-01,1354.977,11355.422,12710.399
6437,SUSC,2021-12-31,WORST,2051-12-04,132.154,0.0,132.154
6438,SUSC,2021-12-31,WORST,2051-12-06,137.831,0.0,137.831
6439,SUSC,2021-12-31,WORST,2051-12-11,116.943,5271.084,5388.027
6440,SUSC,2021-12-31,WORST,2051-12-15,200.207,7831.325,8031.532
6441,SUSC,2021-12-31,WORST,2051-12-19,88.761,0.0,88.761
6442,SUSC,2021-12-31,WORST,2051-12-21,10.542,753.012,763.554
6443,SUSC,2021-12-31,WORST,2051-12-22,11.596,602.41,614.006
6444,SUSC,2021-12-31,WORST,2051-12-29,59.153,0.0,59.153
6445,SUSC,2021-12-31,WORST,2052-01-02,451.31,0.0,451.31
6446,SUSC,2021-12-31,WORST,2052-01-09,117.922,0.0,117.922
6447,SUSC,2021-12-31,WORST,2052-01-16,416.871,12048.193,12465.064
6448,SUSC,2021-12-31,WORST,2052-01-22,55.881,0.0,55.881
6449,SUSC,2021-12-31,WORST,2052-01-23,374.729,0.0,374.729
6450,SUSC,2021-12-31,WORST,2052-01-25,57.168,7530.12,7587.289
6451,SUSC,2021-12-31,WORST,2052-01-31,91.611,0.0,91.611
6452,SUSC,2021-12-31,WORST,2052-02-01,550.354,5632.53,6182.884
6453,SUSC,2021-12-31,WORST,2052-02-05,142.387,0.0,142.387
6454,SUSC,2021-12-31,WORST,2052-02-06,23.892,0.0,23.892
6455,SUSC,2021-12-31,WORST,2052-02-08,250.324,0.0,250.324
6456,SUSC,2021-12-31,WORST,2052-02-09,122.364,0.0,122.364
6457,SUSC,2021-12-31,WORST,2052-02-12,24.096,0.0,24.096
6458,SUSC,2021-12-31,WORST,2052-02-15,613.885,8433.735,9047.62
6459,SUSC,2021-12-31,WORST,2052-02-16,51.269,0.0,51.269
6460,SUSC,2021-12-31,WORST,2052-02-20,232.53,0.0,232.53
6461,SUSC,2021-12-31,WORST,2052-02-22,174.736,0.0,174.736
6462,SUSC,2021-12-31,WORST,2052-02-26,77.316,0.0,77.316
6463,SUSC,2021-12-31,WORST,2052-03-01,132.922,0.0,132.922
6464,SUSC,2021-12-31,WORST,2052-03-11,32.154,2108.434,2140.587
6465,SUSC,2021-12-31,WORST,2052-03-13,105.52,12198.795,12304.315
6466,SUSC,2021-12-31,WORST,2052-03-15,2307.771,2409.639,4717.41
6467,SUSC,2021-12-31,WORST,2052-03-18,31.878,903.614,935.492
6468,SUSC,2021-12-31,WORST,2052-03-20,49.144,0.0,49.144
6469,SUSC,2021-12-31,WORST,2052-03-22,378.916,0.0,378.916
6470,SUSC,2021-12-31,WORST,2052-03-25,476.883,0.0,476.883
6471,SUSC,2021-12-31,WORST,2052-04-01,743.238,0.0,743.238
6472,SUSC,2021-12-31,WORST,2052-04-08,11.443,0.0,11.443
6473,SUSC,2021-12-31,WORST,2052-04-15,498.422,0.0,498.422
6474,SUSC,2021-12-31,WORST,2052-04-22,57.25,6897.59,6954.84
6475,SUSC,2021-12-31,WORST,2052-04-23,57.636,0.0,57.636
6476,SUSC,2021-12-31,WORST,2052-04-30,403.965,0.0,403.965
6477,SUSC,2021-12-31,WORST,2052-05-01,786.645,4216.867,5003.512
6478,SUSC,2021-12-31,WORST,2052-05-13,154.495,0.0,154.495
6479,SUSC,2021-12-31,WORST,2052-05-15,959.517,0.0,959.517
6480,SUSC,2021-12-31,WORST,2052-05-20,146.837,0.0,146.837
6481,SUSC,2021-12-31,WORST,2052-06-03,1295.143,0.0,1295.143
6482,SUSC,2021-12-31,WORST,2052-06-06,137.831,0.0,137.831
6483,SUSC,2021-12-31,WORST,2052-06-10,43.675,0.0,43.675
6484,SUSC,2021-12-31,WORST,2052-06-17,80.949,0.0,80.949
6485,SUSC,2021-12-31,WORST,2052-06-19,88.761,0.0,88.761
6486,SUSC,2021-12-31,WORST,2052-07-01,237.617,0.0,237.617
6487,SUSC,2021-12-31,WORST,2052-07-02,272.846,0.0,272.846
6488,SUSC,2021-12-31,WORST,2052-07-09,117.922,0.0,117.922
6489,SUSC,2021-12-31,WORST,2052-07-15,235.433,0.0,235.433
6490,SUSC,2021-12-31,WORST,2052-07-22,55.572,6777.108,6832.681
6491,SUSC,2021-12-31,WORST,2052-07-23,374.729,0.0,374.729
6492,SUSC,2021-12-31,WORST,2052-07-31,91.611,0.0,91.611
6493,SUSC,2021-12-31,WORST,2052-08-01,457.417,0.0,457.417
6494,SUSC,2021-12-31,WORST,2052-08-05,142.387,0.0,142.387
6495,SUSC,2021-12-31,WORST,2052-08-06,23.892,0.0,23.892
6496,SUSC,2021-12-31,WORST,2052-08-08,250.324,0.0,250.324
6497,SUSC,2021-12-31,WORST,2052-08-09,122.364,0.0,122.364
6498,SUSC,2021-12-31,WORST,2052-08-12,24.096,0.0,24.096
6499,SUSC,2021-12-31,WORST,2052-08-15,443.102,2710.843,3153.945
6500,SUSC,2021-12-31,WORST,2052-08-16,51.269,0.0,51.269
6501,SUSC,2021-12-31,WORST,2052-08-19,232.53,0.0,232.53
6502,SUSC,2021-12-31,WORST,2052-08-22,174.736,0.0,174.736
6503,SUSC,2021-12-31,WORST,2052-08-26,77.316,0.0,77.316
6504,SUSC,2021-12-31,WORST,2052-09-03,132.922,0.0,132.922
6505,SUSC,2021-12-31,WORST,2052-09-16,2272.831,0.0,2272.831
6506,SUSC,2021-12-31,WORST,2052-09-17,18.319,0.0,18.319
6507,SUSC,2021-12-31,WORST,2052-09-20,49.144,0.0,49.144
6508,SUSC,2021-12-31,WORST,2052-09-23,378.916,0.0,378.916
6509,SUSC,2021-12-31,WORST,2052-09-25,476.883,0.0,476.883
6510,SUSC,2021-12-31,WORST,2052-10-01,743.238,0.0,743.238
6511,SUSC,2021-12-31,WORST,2052-10-07,11.443,0.0,11.443
6512,SUSC,2021-12-31,WORST,2052-10-15,498.422,4819.277,5317.7
6513,SUSC,2021-12-31,WORST,2052-10-23,57.636,0.0,57.636
6514,SUSC,2021-12-31,WORST,2052-10-30,403.965,0.0,403.965
6515,SUSC,2021-12-31,WORST,2052-11-01,701.274,0.0,701.274
6516,SUSC,2021-12-31,WORST,2052-11-12,47.477,0.0,47.477
6517,SUSC,2021-12-31,WORST,2052-11-13,107.018,0.0,107.018
6518,SUSC,2021-12-31,WORST,2052-11-15,959.517,0.0,959.517
6519,SUSC,2021-12-31,WORST,2052-11-20,146.837,0.0,146.837
6520,SUSC,2021-12-31,WORST,2052-12-02,1162.989,0.0,1162.989
6521,SUSC,2021-12-31,WORST,2052-12-03,132.154,0.0,132.154
6522,SUSC,2021-12-31,WORST,2052-12-06,137.831,0.0,137.831
6523,SUSC,2021-12-31,WORST,2052-12-10,43.675,0.0,43.675
6524,SUSC,2021-12-31,WORST,2052-12-16,80.949,0.0,80.949
6525,SUSC,2021-12-31,WORST,2052-12-19,88.761,0.0,88.761
6526,SUSC,2021-12-31,WORST,2052-12-30,237.617,0.0,237.617
6527,SUSC,2021-12-31,WORST,2053-01-02,272.846,0.0,272.846
6528,SUSC,2021-12-31,WORST,2053-01-09,117.922,0.0,117.922
6529,SUSC,2021-12-31,WORST,2053-01-15,235.433,0.0,235.433
6530,SUSC,2021-12-31,WORST,2053-01-23,374.729,0.0,374.729
6531,SUSC,2021-12-31,WORST,2053-01-31,91.611,0.0,91.611
6532,SUSC,2021-12-31,WORST,2053-02-03,457.417,0.0,457.417
6533,SUSC,2021-12-31,WORST,2053-02-05,142.387,0.0,142.387
6534,SUSC,2021-12-31,WORST,2053-02-06,23.892,0.0,23.892
6535,SUSC,2021-12-31,WORST,2053-02-10,372.688,0.0,372.688
6536,SUSC,2021-12-31,WORST,2053-02-12,24.096,0.0,24.096
6537,SUSC,2021-12-31,WORST,2053-02-18,693.693,1204.819,1898.512
6538,SUSC,2021-12-31,WORST,2053-02-24,174.736,0.0,174.736
6539,SUSC,2021-12-31,WORST,2053-02-26,77.316,0.0,77.316
6540,SUSC,2021-12-31,WORST,2053-03-03,132.922,0.0,132.922
6541,SUSC,2021-12-31,WORST,2053-03-17,2291.151,24246.988,26538.139
6542,SUSC,2021-12-31,WORST,2053-03-20,49.144,0.0,49.144
6543,SUSC,2021-12-31,WORST,2053-03-24,378.916,0.0,378.916
6544,SUSC,2021-12-31,WORST,2053-03-25,476.883,0.0,476.883
6545,SUSC,2021-12-31,WORST,2053-04-01,743.238,0.0,743.238
6546,SUSC,2021-12-31,WORST,2053-04-07,11.443,0.0,11.443
6547,SUSC,2021-12-31,WORST,2053-04-15,417.53,0.0,417.53
6548,SUSC,2021-12-31,WORST,2053-04-23,57.636,0.0,57.636
6549,SUSC,2021-12-31,WORST,2053-04-30,403.965,0.0,403.965
6550,SUSC,2021-12-31,WORST,2053-05-01,701.274,0.0,701.274
6551,SUSC,2021-12-31,WORST,2053-05-12,47.477,0.0,47.477
6552,SUSC,2021-12-31,WORST,2053-05-13,107.018,0.0,107.018
6553,SUSC,2021-12-31,WORST,2053-05-15,959.517,0.0,959.517
6554,SUSC,2021-12-31,WORST,2053-05-20,146.837,0.0,146.837
6555,SUSC,2021-12-31,WORST,2053-06-02,1162.989,0.0,1162.989
6556,SUSC,2021-12-31,WORST,2053-06-03,132.154,0.0,132.154
6557,SUSC,2021-12-31,WORST,2053-06-06,137.831,0.0,137.831
6558,SUSC,2021-12-31,WORST,2053-06-10,43.675,0.0,43.675
6559,SUSC,2021-12-31,WORST,2053-06-16,80.949,0.0,80.949
6560,SUSC,2021-12-31,WORST,2053-06-19,88.761,0.0,88.761
6561,SUSC,2021-12-31,WORST,2053-06-30,237.617,0.0,237.617
6562,SUSC,2021-12-31,WORST,2053-07-02,272.846,0.0,272.846
6563,SUSC,2021-12-31,WORST,2053-07-09,117.922,0.0,117.922
6564,SUSC,2021-12-31,WORST,2053-07-15,235.433,0.0,235.433
6565,SUSC,2021-12-31,WORST,2053-07-23,374.729,0.0,374.729
6566,SUSC,2021-12-31,WORST,2053-07-31,91.611,0.0,91.611
6567,SUSC,2021-12-31,WORST,2053-08-01,457.417,0.0,457.417
6568,SUSC,2021-12-31,WORST,2053-08-05,142.387,0.0,142.387
6569,SUSC,2021-12-31,WORST,2053-08-06,23.892,0.0,23.892
6570,SUSC,2021-12-31,WORST,2053-08-08,250.324,0.0,250.324
6571,SUSC,2021-12-31,WORST,2053-08-11,122.364,0.0,122.364
6572,SUSC,2021-12-31,WORST,2053-08-12,24.096,0.0,24.096
6573,SUSC,2021-12-31,WORST,2053-08-15,390.014,0.0,390.014
6574,SUSC,2021-12-31,WORST,2053-08-18,283.799,0.0,283.799
6575,SUSC,2021-12-31,WORST,2053-08-22,174.736,0.0,174.736
6576,SUSC,2021-12-31,WORST,2053-08-26,77.316,0.0,77.316
6577,SUSC,2021-12-31,WORST,2053-09-02,132.922,602.41,735.331
6578,SUSC,2021-12-31,WORST,2053-09-15,1848.509,0.0,1848.509
6579,SUSC,2021-12-31,WORST,2053-09-17,18.319,0.0,18.319
6580,SUSC,2021-12-31,WORST,2053-09-22,428.059,0.0,428.059
6581,SUSC,2021-12-31,WORST,2053-09-25,476.883,0.0,476.883
6582,SUSC,2021-12-31,WORST,2053-10-01,743.238,0.0,743.238
6583,SUSC,2021-12-31,WORST,2053-10-06,11.443,0.0,11.443
6584,SUSC,2021-12-31,WORST,2053-10-15,417.53,0.0,417.53
6585,SUSC,2021-12-31,WORST,2053-10-23,57.636,0.0,57.636
6586,SUSC,2021-12-31,WORST,2053-10-30,403.965,0.0,403.965
6587,SUSC,2021-12-31,WORST,2053-11-03,701.274,0.0,701.274
6588,SUSC,2021-12-31,WORST,2053-11-12,47.477,0.0,47.477
6589,SUSC,2021-12-31,WORST,2053-11-13,107.018,0.0,107.018
6590,SUSC,2021-12-31,WORST,2053-11-17,959.517,0.0,959.517
6591,SUSC,2021-12-31,WORST,2053-11-20,146.837,0.0,146.837
6592,SUSC,2021-12-31,WORST,2053-12-01,1162.989,0.0,1162.989
6593,SUSC,2021-12-31,WORST,2053-12-03,132.154,0.0,132.154
6594,SUSC,2021-12-31,WORST,2053-12-08,137.831,0.0,137.831
6595,SUSC,2021-12-31,WORST,2053-12-10,43.675,0.0,43.675
6596,SUSC,2021-12-31,WORST,2053-12-15,80.949,0.0,80.949
6597,SUSC,2021-12-31,WORST,2053-12-19,88.761,0.0,88.761
6598,SUSC,2021-12-31,WORST,2053-12-29,59.153,0.0,59.153
6599,SUSC,2021-12-31,WORST,2053-12-30,178.464,0.0,178.464
6600,SUSC,2021-12-31,WORST,2054-01-02,272.846,0.0,272.846
6601,SUSC,2021-12-31,WORST,2054-01-09,117.922,0.0,117.922
6602,SUSC,2021-12-31,WORST,2054-01-15,235.433,0.0,235.433
6603,SUSC,2021-12-31,WORST,2054-01-23,374.729,0.0,374.729
6604,SUSC,2021-12-31,WORST,2054-01-30,91.611,0.0,91.611
6605,SUSC,2021-12-31,WORST,2054-02-02,457.417,2409.639,2867.056
6606,SUSC,2021-12-31,WORST,2054-02-05,142.387,0.0,142.387
6607,SUSC,2021-12-31,WORST,2054-02-06,23.892,0.0,23.892
6608,SUSC,2021-12-31,WORST,2054-02-09,372.688,0.0,372.688
6609,SUSC,2021-12-31,WORST,2054-02-12,24.096,0.0,24.096
6610,SUSC,2021-12-31,WORST,2054-02-17,441.283,0.0,441.283
6611,SUSC,2021-12-31,WORST,2054-02-18,232.53,0.0,232.53
6612,SUSC,2021-12-31,WORST,2054-02-23,174.736,0.0,174.736
6613,SUSC,2021-12-31,WORST,2054-02-26,77.316,0.0,77.316
6614,SUSC,2021-12-31,WORST,2054-03-02,124.578,0.0,124.578
6615,SUSC,2021-12-31,WORST,2054-03-16,1848.509,6024.096,7872.605
6616,SUSC,2021-12-31,WORST,2054-03-17,18.319,0.0,18.319
6617,SUSC,2021-12-31,WORST,2054-03-20,49.144,0.0,49.144
6618,SUSC,2021-12-31,WORST,2054-03-23,378.916,0.0,378.916
6619,SUSC,2021-12-31,WORST,2054-03-25,476.883,0.0,476.883
6620,SUSC,2021-12-31,WORST,2054-04-01,743.238,692.771,1436.009
6621,SUSC,2021-12-31,WORST,2054-04-06,11.443,0.0,11.443
6622,SUSC,2021-12-31,WORST,2054-04-15,417.53,2108.434,2525.964
6623,SUSC,2021-12-31,WORST,2054-04-23,57.636,0.0,57.636
6624,SUSC,2021-12-31,WORST,2054-04-30,403.965,0.0,403.965
6625,SUSC,2021-12-31,WORST,2054-05-01,701.274,0.0,701.274
6626,SUSC,2021-12-31,WORST,2054-05-12,47.477,0.0,47.477
6627,SUSC,2021-12-31,WORST,2054-05-13,107.018,0.0,107.018
6628,SUSC,2021-12-31,WORST,2054-05-15,959.517,0.0,959.517
6629,SUSC,2021-12-31,WORST,2054-05-20,146.837,0.0,146.837
6630,SUSC,2021-12-31,WORST,2054-06-01,1162.989,2590.361,3753.351
6631,SUSC,2021-12-31,WORST,2054-06-03,132.154,0.0,132.154
6632,SUSC,2021-12-31,WORST,2054-06-08,137.831,0.0,137.831
6633,SUSC,2021-12-31,WORST,2054-06-10,43.675,0.0,43.675
6634,SUSC,2021-12-31,WORST,2054-06-15,80.949,0.0,80.949
6635,SUSC,2021-12-31,WORST,2054-06-19,88.761,0.0,88.761
6636,SUSC,2021-12-31,WORST,2054-06-29,59.153,0.0,59.153
6637,SUSC,2021-12-31,WORST,2054-06-30,178.464,0.0,178.464
6638,SUSC,2021-12-31,WORST,2054-07-02,272.846,0.0,272.846
6639,SUSC,2021-12-31,WORST,2054-07-09,117.922,0.0,117.922
6640,SUSC,2021-12-31,WORST,2054-07-15,235.433,5030.12,5265.553
6641,SUSC,2021-12-31,WORST,2054-07-23,374.729,0.0,374.729
6642,SUSC,2021-12-31,WORST,2054-07-31,91.611,0.0,91.611
6643,SUSC,2021-12-31,WORST,2054-08-03,403.2,4759.036,5162.236
6644,SUSC,2021-12-31,WORST,2054-08-05,142.387,0.0,142.387
6645,SUSC,2021-12-31,WORST,2054-08-06,23.892,0.0,23.892
6646,SUSC,2021-12-31,WORST,2054-08-10,372.688,0.0,372.688
6647,SUSC,2021-12-31,WORST,2054-08-12,24.096,0.0,24.096
6648,SUSC,2021-12-31,WORST,2054-08-17,441.283,0.0,441.283
6649,SUSC,2021-12-31,WORST,2054-08-18,232.53,0.0,232.53
6650,SUSC,2021-12-31,WORST,2054-08-24,174.736,0.0,174.736
6651,SUSC,2021-12-31,WORST,2054-08-26,77.316,3343.373,3420.689
6652,SUSC,2021-12-31,WORST,2054-09-01,124.578,0.0,124.578
6653,SUSC,2021-12-31,WORST,2054-09-15,1697.907,0.0,1697.907
6654,SUSC,2021-12-31,WORST,2054-09-17,18.319,0.0,18.319
6655,SUSC,2021-12-31,WORST,2054-09-21,49.144,0.0,49.144
6656,SUSC,2021-12-31,WORST,2054-09-22,378.916,0.0,378.916
6657,SUSC,2021-12-31,WORST,2054-09-25,476.883,0.0,476.883
6658,SUSC,2021-12-31,WORST,2054-10-01,725.053,0.0,725.053
6659,SUSC,2021-12-31,WORST,2054-10-06,11.443,0.0,11.443
6660,SUSC,2021-12-31,WORST,2054-10-15,365.346,0.0,365.346
6661,SUSC,2021-12-31,WORST,2054-10-23,57.636,0.0,57.636
6662,SUSC,2021-12-31,WORST,2054-10-30,403.965,0.0,403.965
6663,SUSC,2021-12-31,WORST,2054-11-02,701.274,0.0,701.274
6664,SUSC,2021-12-31,WORST,2054-11-12,47.477,0.0,47.477
6665,SUSC,2021-12-31,WORST,2054-11-13,107.018,0.0,107.018
6666,SUSC,2021-12-31,WORST,2054-11-16,959.517,5933.735,6893.252
6667,SUSC,2021-12-31,WORST,2054-11-20,146.837,0.0,146.837
6668,SUSC,2021-12-31,WORST,2054-12-01,1103.087,0.0,1103.087
6669,SUSC,2021-12-31,WORST,2054-12-03,132.154,0.0,132.154
6670,SUSC,2021-12-31,WORST,2054-12-07,137.831,0.0,137.831
6671,SUSC,2021-12-31,WORST,2054-12-10,43.675,0.0,43.675
6672,SUSC,2021-12-31,WORST,2054-12-15,80.949,0.0,80.949
6673,SUSC,2021-12-31,WORST,2054-12-21,88.761,0.0,88.761
6674,SUSC,2021-12-31,WORST,2054-12-29,59.153,0.0,59.153
6675,SUSC,2021-12-31,WORST,2054-12-30,178.464,0.0,178.464
6676,SUSC,2021-12-31,WORST,2055-01-04,272.846,0.0,272.846
6677,SUSC,2021-12-31,WORST,2055-01-12,117.922,0.0,117.922
6678,SUSC,2021-12-31,WORST,2055-01-15,125.399,0.0,125.399
6679,SUSC,2021-12-31,WORST,2055-01-25,374.729,0.0,374.729
6680,SUSC,2021-12-31,WORST,2055-01-29,91.611,0.0,91.611
6681,SUSC,2021-12-31,WORST,2055-02-01,310.994,0.0,310.994
6682,SUSC,2021-12-31,WORST,2055-02-05,142.387,0.0,142.387
6683,SUSC,2021-12-31,WORST,2055-02-08,274.216,0.0,274.216
6684,SUSC,2021-12-31,WORST,2055-02-09,122.364,0.0,122.364
6685,SUSC,2021-12-31,WORST,2055-02-12,24.096,0.0,24.096
6686,SUSC,2021-12-31,WORST,2055-02-16,441.283,0.0,441.283
6687,SUSC,2021-12-31,WORST,2055-02-18,232.53,0.0,232.53
6688,SUSC,2021-12-31,WORST,2055-02-22,174.736,0.0,174.736
6689,SUSC,2021-12-31,WORST,2055-03-01,124.578,0.0,124.578
6690,SUSC,2021-12-31,WORST,2055-03-15,1697.907,41506.024,43203.931
6691,SUSC,2021-12-31,WORST,2055-03-17,18.319,0.0,18.319
6692,SUSC,2021-12-31,WORST,2055-03-22,428.059,0.0,428.059
6693,SUSC,2021-12-31,WORST,2055-03-25,476.883,0.0,476.883
6694,SUSC,2021-12-31,WORST,2055-04-01,725.053,0.0,725.053
6695,SUSC,2021-12-31,WORST,2055-04-06,11.443,0.0,11.443
6696,SUSC,2021-12-31,WORST,2055-04-15,365.346,0.0,365.346
6697,SUSC,2021-12-31,WORST,2055-04-23,57.636,1686.747,1744.383
6698,SUSC,2021-12-31,WORST,2055-04-30,403.965,0.0,403.965
6699,SUSC,2021-12-31,WORST,2055-05-03,701.274,0.0,701.274
6700,SUSC,2021-12-31,WORST,2055-05-12,47.477,0.0,47.477
6701,SUSC,2021-12-31,WORST,2055-05-13,107.018,0.0,107.018
6702,SUSC,2021-12-31,WORST,2055-05-17,838.904,0.0,838.904
6703,SUSC,2021-12-31,WORST,2055-05-20,146.837,0.0,146.837
6704,SUSC,2021-12-31,WORST,2055-06-01,1103.087,0.0,1103.087
6705,SUSC,2021-12-31,WORST,2055-06-03,132.154,0.0,132.154
6706,SUSC,2021-12-31,WORST,2055-06-07,137.831,0.0,137.831
6707,SUSC,2021-12-31,WORST,2055-06-10,43.675,0.0,43.675
6708,SUSC,2021-12-31,WORST,2055-06-15,80.949,0.0,80.949
6709,SUSC,2021-12-31,WORST,2055-06-21,88.761,0.0,88.761
6710,SUSC,2021-12-31,WORST,2055-06-29,59.153,0.0,59.153
6711,SUSC,2021-12-31,WORST,2055-06-30,178.464,0.0,178.464
6712,SUSC,2021-12-31,WORST,2055-07-02,272.846,0.0,272.846
6713,SUSC,2021-12-31,WORST,2055-07-09,117.922,0.0,117.922
6714,SUSC,2021-12-31,WORST,2055-07-15,125.399,0.0,125.399
6715,SUSC,2021-12-31,WORST,2055-07-23,374.729,0.0,374.729
6716,SUSC,2021-12-31,WORST,2055-07-30,91.611,0.0,91.611
6717,SUSC,2021-12-31,WORST,2055-08-02,310.994,0.0,310.994
6718,SUSC,2021-12-31,WORST,2055-08-05,142.387,0.0,142.387
6719,SUSC,2021-12-31,WORST,2055-08-06,23.892,0.0,23.892
6720,SUSC,2021-12-31,WORST,2055-08-09,372.688,0.0,372.688
6721,SUSC,2021-12-31,WORST,2055-08-12,24.096,0.0,24.096
6722,SUSC,2021-12-31,WORST,2055-08-16,441.283,0.0,441.283
6723,SUSC,2021-12-31,WORST,2055-08-18,232.53,14397.59,14630.12
6724,SUSC,2021-12-31,WORST,2055-08-23,174.736,0.0,174.736
6725,SUSC,2021-12-31,WORST,2055-09-01,124.578,0.0,124.578
6726,SUSC,2021-12-31,WORST,2055-09-15,925.392,0.0,925.392
6727,SUSC,2021-12-31,WORST,2055-09-17,18.319,0.0,18.319
6728,SUSC,2021-12-31,WORST,2055-09-20,49.144,0.0,49.144
6729,SUSC,2021-12-31,WORST,2055-09-22,378.916,0.0,378.916
6730,SUSC,2021-12-31,WORST,2055-09-27,476.883,0.0,476.883
6731,SUSC,2021-12-31,WORST,2055-10-01,725.053,0.0,725.053
6732,SUSC,2021-12-31,WORST,2055-10-06,11.443,0.0,11.443
6733,SUSC,2021-12-31,WORST,2055-10-15,365.346,0.0,365.346
6734,SUSC,2021-12-31,WORST,2055-11-01,1105.239,0.0,1105.239
6735,SUSC,2021-12-31,WORST,2055-11-12,47.477,0.0,47.477
6736,SUSC,2021-12-31,WORST,2055-11-15,945.922,0.0,945.922
6737,SUSC,2021-12-31,WORST,2055-11-22,146.837,0.0,146.837
6738,SUSC,2021-12-31,WORST,2055-12-01,1103.087,0.0,1103.087
6739,SUSC,2021-12-31,WORST,2055-12-03,132.154,0.0,132.154
6740,SUSC,2021-12-31,WORST,2055-12-06,137.831,0.0,137.831
6741,SUSC,2021-12-31,WORST,2055-12-10,43.675,0.0,43.675
6742,SUSC,2021-12-31,WORST,2055-12-15,80.949,0.0,80.949
6743,SUSC,2021-12-31,WORST,2055-12-20,88.761,0.0,88.761
6744,SUSC,2021-12-31,WORST,2055-12-29,59.153,0.0,59.153
6745,SUSC,2021-12-31,WORST,2055-12-30,178.464,0.0,178.464
6746,SUSC,2021-12-31,WORST,2056-01-04,272.846,0.0,272.846
6747,SUSC,2021-12-31,WORST,2056-01-11,117.922,0.0,117.922
6748,SUSC,2021-12-31,WORST,2056-01-18,125.399,0.0,125.399
6749,SUSC,2021-12-31,WORST,2056-01-24,374.729,0.0,374.729
6750,SUSC,2021-12-31,WORST,2056-01-31,91.611,0.0,91.611
6751,SUSC,2021-12-31,WORST,2056-02-01,310.994,0.0,310.994
6752,SUSC,2021-12-31,WORST,2056-02-07,166.279,0.0,166.279
6753,SUSC,2021-12-31,WORST,2056-02-08,250.324,7530.12,7780.444
6754,SUSC,2021-12-31,WORST,2056-02-09,122.364,0.0,122.364
6755,SUSC,2021-12-31,WORST,2056-02-14,24.096,0.0,24.096
6756,SUSC,2021-12-31,WORST,2056-02-15,390.014,0.0,390.014
6757,SUSC,2021-12-31,WORST,2056-02-16,51.269,0.0,51.269
6758,SUSC,2021-12-31,WORST,2056-02-18,34.563,0.0,34.563
6759,SUSC,2021-12-31,WORST,2056-02-22,174.736,0.0,174.736
6760,SUSC,2021-12-31,WORST,2056-03-01,124.578,0.0,124.578
6761,SUSC,2021-12-31,WORST,2056-03-15,925.392,12018.072,12943.464
6762,SUSC,2021-12-31,WORST,2056-03-17,18.319,0.0,18.319
6763,SUSC,2021-12-31,WORST,2056-03-20,49.144,0.0,49.144
6764,SUSC,2021-12-31,WORST,2056-03-22,378.916,0.0,378.916
6765,SUSC,2021-12-31,WORST,2056-03-27,476.883,0.0,476.883
6766,SUSC,2021-12-31,WORST,2056-04-03,725.053,0.0,725.053
6767,SUSC,2021-12-31,WORST,2056-04-06,11.443,0.0,11.443
6768,SUSC,2021-12-31,WORST,2056-04-17,365.346,0.0,365.346
6769,SUSC,2021-12-31,WORST,2056-05-01,1105.239,0.0,1105.239
6770,SUSC,2021-12-31,WORST,2056-05-12,47.477,0.0,47.477
6771,SUSC,2021-12-31,WORST,2056-05-15,945.922,0.0,945.922
6772,SUSC,2021-12-31,WORST,2056-05-22,146.837,0.0,146.837
6773,SUSC,2021-12-31,WORST,2056-06-01,1103.087,4216.867,5319.955
6774,SUSC,2021-12-31,WORST,2056-06-05,132.154,0.0,132.154
6775,SUSC,2021-12-31,WORST,2056-06-06,137.831,0.0,137.831
6776,SUSC,2021-12-31,WORST,2056-06-12,43.675,0.0,43.675
6777,SUSC,2021-12-31,WORST,2056-06-15,80.949,0.0,80.949
6778,SUSC,2021-12-31,WORST,2056-06-19,88.761,0.0,88.761
6779,SUSC,2021-12-31,WORST,2056-06-29,59.153,0.0,59.153
6780,SUSC,2021-12-31,WORST,2056-06-30,178.464,0.0,178.464
6781,SUSC,2021-12-31,WORST,2056-07-03,272.846,0.0,272.846
6782,SUSC,2021-12-31,WORST,2056-07-10,117.922,0.0,117.922
6783,SUSC,2021-12-31,WORST,2056-07-17,125.399,0.0,125.399
6784,SUSC,2021-12-31,WORST,2056-07-24,374.729,0.0,374.729
6785,SUSC,2021-12-31,WORST,2056-07-31,91.611,0.0,91.611
6786,SUSC,2021-12-31,WORST,2056-08-01,310.994,0.0,310.994
6787,SUSC,2021-12-31,WORST,2056-08-07,166.279,0.0,166.279
6788,SUSC,2021-12-31,WORST,2056-08-08,101.604,0.0,101.604
6789,SUSC,2021-12-31,WORST,2056-08-09,122.364,0.0,122.364
6790,SUSC,2021-12-31,WORST,2056-08-14,24.096,0.0,24.096
6791,SUSC,2021-12-31,WORST,2056-08-15,390.014,0.0,390.014
6792,SUSC,2021-12-31,WORST,2056-08-16,51.269,0.0,51.269
6793,SUSC,2021-12-31,WORST,2056-08-18,34.563,0.0,34.563
6794,SUSC,2021-12-31,WORST,2056-08-22,174.736,0.0,174.736
6795,SUSC,2021-12-31,WORST,2056-09-01,124.578,2078.313,2202.892
6796,SUSC,2021-12-31,WORST,2056-09-15,715.075,0.0,715.075
6797,SUSC,2021-12-31,WORST,2056-09-18,18.319,0.0,18.319
6798,SUSC,2021-12-31,WORST,2056-09-20,49.144,0.0,49.144
6799,SUSC,2021-12-31,WORST,2056-09-22,378.916,0.0,378.916
6800,SUSC,2021-12-31,WORST,2056-09-25,476.883,0.0,476.883
6801,SUSC,2021-12-31,WORST,2056-10-02,725.053,0.0,725.053
6802,SUSC,2021-12-31,WORST,2056-10-06,11.443,0.0,11.443
6803,SUSC,2021-12-31,WORST,2056-10-16,365.346,0.0,365.346
6804,SUSC,2021-12-31,WORST,2056-10-30,403.965,27048.193,27452.158
6805,SUSC,2021-12-31,WORST,2056-11-01,701.274,28825.301,29526.575
6806,SUSC,2021-12-31,WORST,2056-11-13,154.495,0.0,154.495
6807,SUSC,2021-12-31,WORST,2056-11-15,838.904,0.0,838.904
6808,SUSC,2021-12-31,WORST,2056-11-20,146.837,0.0,146.837
6809,SUSC,2021-12-31,WORST,2056-12-01,1012.425,0.0,1012.425
6810,SUSC,2021-12-31,WORST,2056-12-04,132.154,0.0,132.154
6811,SUSC,2021-12-31,WORST,2056-12-06,137.831,0.0,137.831
6812,SUSC,2021-12-31,WORST,2056-12-11,43.675,0.0,43.675
6813,SUSC,2021-12-31,WORST,2056-12-15,80.949,0.0,80.949
6814,SUSC,2021-12-31,WORST,2056-12-19,88.761,0.0,88.761
6815,SUSC,2021-12-31,WORST,2056-12-29,59.153,0.0,59.153
6816,SUSC,2021-12-31,WORST,2057-01-02,451.31,0.0,451.31
6817,SUSC,2021-12-31,WORST,2057-01-09,117.922,0.0,117.922
6818,SUSC,2021-12-31,WORST,2057-01-16,125.399,0.0,125.399
6819,SUSC,2021-12-31,WORST,2057-01-23,374.729,0.0,374.729
6820,SUSC,2021-12-31,WORST,2057-01-31,91.611,0.0,91.611
6821,SUSC,2021-12-31,WORST,2057-02-01,310.994,0.0,310.994
6822,SUSC,2021-12-31,WORST,2057-02-05,142.387,0.0,142.387
6823,SUSC,2021-12-31,WORST,2057-02-06,23.892,0.0,23.892
6824,SUSC,2021-12-31,WORST,2057-02-08,101.604,0.0,101.604
6825,SUSC,2021-12-31,WORST,2057-02-09,122.364,0.0,122.364
6826,SUSC,2021-12-31,WORST,2057-02-12,24.096,0.0,24.096
6827,SUSC,2021-12-31,WORST,2057-02-15,390.014,0.0,390.014
6828,SUSC,2021-12-31,WORST,2057-02-16,51.269,0.0,51.269
6829,SUSC,2021-12-31,WORST,2057-02-20,34.563,0.0,34.563
6830,SUSC,2021-12-31,WORST,2057-02-22,174.736,8222.892,8397.628
6831,SUSC,2021-12-31,WORST,2057-03-01,65.346,0.0,65.346
6832,SUSC,2021-12-31,WORST,2057-03-15,715.075,0.0,715.075
6833,SUSC,2021-12-31,WORST,2057-03-19,18.319,0.0,18.319
6834,SUSC,2021-12-31,WORST,2057-03-20,49.144,0.0,49.144
6835,SUSC,2021-12-31,WORST,2057-03-22,378.916,0.0,378.916
6836,SUSC,2021-12-31,WORST,2057-03-26,476.883,0.0,476.883
6837,SUSC,2021-12-31,WORST,2057-04-02,725.053,0.0,725.053
6838,SUSC,2021-12-31,WORST,2057-04-06,11.443,0.0,11.443
6839,SUSC,2021-12-31,WORST,2057-04-16,365.346,0.0,365.346
6840,SUSC,2021-12-31,WORST,2057-05-01,277.975,0.0,277.975
6841,SUSC,2021-12-31,WORST,2057-05-14,154.495,0.0,154.495
6842,SUSC,2021-12-31,WORST,2057-05-15,838.904,6265.06,7103.964
6843,SUSC,2021-12-31,WORST,2057-05-21,146.837,0.0,146.837
6844,SUSC,2021-12-31,WORST,2057-06-01,1012.425,24487.952,25500.377
6845,SUSC,2021-12-31,WORST,2057-06-04,132.154,0.0,132.154
6846,SUSC,2021-12-31,WORST,2057-06-06,137.831,6265.06,6402.892
6847,SUSC,2021-12-31,WORST,2057-06-11,43.675,0.0,43.675
6848,SUSC,2021-12-31,WORST,2057-06-15,80.949,0.0,80.949
6849,SUSC,2021-12-31,WORST,2057-06-19,88.761,0.0,88.761
6850,SUSC,2021-12-31,WORST,2057-06-29,59.153,0.0,59.153
6851,SUSC,2021-12-31,WORST,2057-07-02,451.31,0.0,451.31
6852,SUSC,2021-12-31,WORST,2057-07-09,117.922,0.0,117.922
6853,SUSC,2021-12-31,WORST,2057-07-16,125.399,0.0,125.399
6854,SUSC,2021-12-31,WORST,2057-07-23,374.729,0.0,374.729
6855,SUSC,2021-12-31,WORST,2057-07-31,91.611,0.0,91.611
6856,SUSC,2021-12-31,WORST,2057-08-01,310.994,0.0,310.994
6857,SUSC,2021-12-31,WORST,2057-08-06,166.279,0.0,166.279
6858,SUSC,2021-12-31,WORST,2057-08-08,101.604,0.0,101.604
6859,SUSC,2021-12-31,WORST,2057-08-09,122.364,0.0,122.364
6860,SUSC,2021-12-31,WORST,2057-08-13,24.096,0.0,24.096
6861,SUSC,2021-12-31,WORST,2057-08-15,390.014,0.0,390.014
6862,SUSC,2021-12-31,WORST,2057-08-16,51.269,0.0,51.269
6863,SUSC,2021-12-31,WORST,2057-08-20,34.563,0.0,34.563
6864,SUSC,2021-12-31,WORST,2057-09-04,65.346,0.0,65.346
6865,SUSC,2021-12-31,WORST,2057-09-17,733.395,0.0,733.395
6866,SUSC,2021-12-31,WORST,2057-09-20,49.144,0.0,49.144
6867,SUSC,2021-12-31,WORST,2057-09-24,378.916,0.0,378.916
6868,SUSC,2021-12-31,WORST,2057-09-25,476.883,0.0,476.883
6869,SUSC,2021-12-31,WORST,2057-10-01,725.053,0.0,725.053
6870,SUSC,2021-12-31,WORST,2057-10-09,11.443,0.0,11.443
6871,SUSC,2021-12-31,WORST,2057-10-15,365.346,10512.048,10877.395
6872,SUSC,2021-12-31,WORST,2057-11-01,277.975,0.0,277.975
6873,SUSC,2021-12-31,WORST,2057-11-13,154.495,0.0,154.495
6874,SUSC,2021-12-31,WORST,2057-11-15,707.503,3283.133,3990.636
6875,SUSC,2021-12-31,WORST,2057-11-20,146.837,0.0,146.837
6876,SUSC,2021-12-31,WORST,2057-12-03,679.307,0.0,679.307
6877,SUSC,2021-12-31,WORST,2057-12-10,43.675,0.0,43.675
6878,SUSC,2021-12-31,WORST,2057-12-17,80.949,0.0,80.949
6879,SUSC,2021-12-31,WORST,2057-12-19,88.761,0.0,88.761
6880,SUSC,2021-12-31,WORST,2057-12-31,237.617,0.0,237.617
6881,SUSC,2021-12-31,WORST,2058-01-02,272.846,0.0,272.846
6882,SUSC,2021-12-31,WORST,2058-01-09,117.922,0.0,117.922
6883,SUSC,2021-12-31,WORST,2058-01-15,125.399,0.0,125.399
6884,SUSC,2021-12-31,WORST,2058-01-23,374.729,0.0,374.729
6885,SUSC,2021-12-31,WORST,2058-01-31,91.611,0.0,91.611
6886,SUSC,2021-12-31,WORST,2058-02-01,310.994,0.0,310.994
6887,SUSC,2021-12-31,WORST,2058-02-05,142.387,0.0,142.387
6888,SUSC,2021-12-31,WORST,2058-02-06,23.892,0.0,23.892
6889,SUSC,2021-12-31,WORST,2058-02-08,101.604,0.0,101.604
6890,SUSC,2021-12-31,WORST,2058-02-11,122.364,0.0,122.364
6891,SUSC,2021-12-31,WORST,2058-02-12,24.096,0.0,24.096
6892,SUSC,2021-12-31,WORST,2058-02-15,390.014,0.0,390.014
6893,SUSC,2021-12-31,WORST,2058-02-19,85.832,0.0,85.832
6894,SUSC,2021-12-31,WORST,2058-03-01,65.346,0.0,65.346
6895,SUSC,2021-12-31,WORST,2058-03-15,715.075,0.0,715.075
6896,SUSC,2021-12-31,WORST,2058-03-18,18.319,0.0,18.319
6897,SUSC,2021-12-31,WORST,2058-03-20,49.144,0.0,49.144
6898,SUSC,2021-12-31,WORST,2058-03-22,378.916,0.0,378.916
6899,SUSC,2021-12-31,WORST,2058-03-25,476.883,0.0,476.883
6900,SUSC,2021-12-31,WORST,2058-04-01,725.053,0.0,725.053
6901,SUSC,2021-12-31,WORST,2058-04-08,11.443,0.0,11.443
6902,SUSC,2021-12-31,WORST,2058-04-15,114.059,4608.434,4722.492
6903,SUSC,2021-12-31,WORST,2058-05-01,277.975,0.0,277.975
6904,SUSC,2021-12-31,WORST,2058-05-13,154.495,0.0,154.495
6905,SUSC,2021-12-31,WORST,2058-05-15,633.633,0.0,633.633
6906,SUSC,2021-12-31,WORST,2058-05-20,146.837,0.0,146.837
6907,SUSC,2021-12-31,WORST,2058-06-03,679.307,0.0,679.307
6908,SUSC,2021-12-31,WORST,2058-06-10,43.675,0.0,43.675
6909,SUSC,2021-12-31,WORST,2058-06-17,80.949,0.0,80.949
6910,SUSC,2021-12-31,WORST,2058-06-19,88.761,0.0,88.761
6911,SUSC,2021-12-31,WORST,2058-07-01,237.617,0.0,237.617
6912,SUSC,2021-12-31,WORST,2058-07-02,272.846,0.0,272.846
6913,SUSC,2021-12-31,WORST,2058-07-09,117.922,0.0,117.922
6914,SUSC,2021-12-31,WORST,2058-07-15,125.399,0.0,125.399
6915,SUSC,2021-12-31,WORST,2058-07-23,374.729,12921.687,13296.416
6916,SUSC,2021-12-31,WORST,2058-07-31,91.611,0.0,91.611
6917,SUSC,2021-12-31,WORST,2058-08-01,310.994,0.0,310.994
6918,SUSC,2021-12-31,WORST,2058-08-05,142.387,0.0,142.387
6919,SUSC,2021-12-31,WORST,2058-08-06,23.892,0.0,23.892
6920,SUSC,2021-12-31,WORST,2058-08-08,101.604,0.0,101.604
6921,SUSC,2021-12-31,WORST,2058-08-09,122.364,0.0,122.364
6922,SUSC,2021-12-31,WORST,2058-08-12,24.096,0.0,24.096
6923,SUSC,2021-12-31,WORST,2058-08-15,390.014,0.0,390.014
6924,SUSC,2021-12-31,WORST,2058-08-16,51.269,0.0,51.269
6925,SUSC,2021-12-31,WORST,2058-08-19,34.563,0.0,34.563
6926,SUSC,2021-12-31,WORST,2058-09-03,65.346,0.0,65.346
6927,SUSC,2021-12-31,WORST,2058-09-16,715.075,0.0,715.075
6928,SUSC,2021-12-31,WORST,2058-09-17,18.319,0.0,18.319
6929,SUSC,2021-12-31,WORST,2058-09-20,49.144,0.0,49.144
6930,SUSC,2021-12-31,WORST,2058-09-23,378.916,0.0,378.916
6931,SUSC,2021-12-31,WORST,2058-09-25,476.883,0.0,476.883
6932,SUSC,2021-12-31,WORST,2058-10-01,725.053,0.0,725.053
6933,SUSC,2021-12-31,WORST,2058-10-07,11.443,0.0,11.443
6934,SUSC,2021-12-31,WORST,2058-11-01,277.975,0.0,277.975
6935,SUSC,2021-12-31,WORST,2058-11-12,47.477,0.0,47.477
6936,SUSC,2021-12-31,WORST,2058-11-13,107.018,0.0,107.018
6937,SUSC,2021-12-31,WORST,2058-11-15,633.633,0.0,633.633
6938,SUSC,2021-12-31,WORST,2058-11-20,146.837,0.0,146.837
6939,SUSC,2021-12-31,WORST,2058-12-02,547.154,0.0,547.154
6940,SUSC,2021-12-31,WORST,2058-12-03,132.154,0.0,132.154
6941,SUSC,2021-12-31,WORST,2058-12-10,43.675,0.0,43.675
6942,SUSC,2021-12-31,WORST,2058-12-16,80.949,0.0,80.949
6943,SUSC,2021-12-31,WORST,2058-12-19,88.761,0.0,88.761
6944,SUSC,2021-12-31,WORST,2058-12-30,237.617,0.0,237.617
6945,SUSC,2021-12-31,WORST,2059-01-02,272.846,0.0,272.846
6946,SUSC,2021-12-31,WORST,2059-01-09,117.922,0.0,117.922
6947,SUSC,2021-12-31,WORST,2059-01-15,125.399,0.0,125.399
6948,SUSC,2021-12-31,WORST,2059-01-31,91.611,0.0,91.611
6949,SUSC,2021-12-31,WORST,2059-02-03,310.994,0.0,310.994
6950,SUSC,2021-12-31,WORST,2059-02-05,142.387,0.0,142.387
6951,SUSC,2021-12-31,WORST,2059-02-06,23.892,0.0,23.892
6952,SUSC,2021-12-31,WORST,2059-02-10,223.969,0.0,223.969
6953,SUSC,2021-12-31,WORST,2059-02-12,24.096,0.0,24.096
6954,SUSC,2021-12-31,WORST,2059-02-18,475.846,7951.807,8427.654
6955,SUSC,2021-12-31,WORST,2059-03-03,65.346,0.0,65.346
6956,SUSC,2021-12-31,WORST,2059-03-17,733.395,25903.614,26637.009
6957,SUSC,2021-12-31,WORST,2059-03-20,49.144,0.0,49.144
6958,SUSC,2021-12-31,WORST,2059-03-24,378.916,0.0,378.916
6959,SUSC,2021-12-31,WORST,2059-03-25,476.883,0.0,476.883
6960,SUSC,2021-12-31,WORST,2059-04-01,725.053,0.0,725.053
6961,SUSC,2021-12-31,WORST,2059-04-07,11.443,0.0,11.443
6962,SUSC,2021-12-31,WORST,2059-05-01,277.975,0.0,277.975
6963,SUSC,2021-12-31,WORST,2059-05-12,47.477,0.0,47.477
6964,SUSC,2021-12-31,WORST,2059-05-13,107.018,0.0,107.018
6965,SUSC,2021-12-31,WORST,2059-05-15,633.633,1325.301,1958.934
6966,SUSC,2021-12-31,WORST,2059-05-20,146.837,0.0,146.837
6967,SUSC,2021-12-31,WORST,2059-06-02,547.154,0.0,547.154
6968,SUSC,2021-12-31,WORST,2059-06-03,132.154,0.0,132.154
6969,SUSC,2021-12-31,WORST,2059-06-10,43.675,0.0,43.675
6970,SUSC,2021-12-31,WORST,2059-06-16,80.949,0.0,80.949
6971,SUSC,2021-12-31,WORST,2059-06-19,88.761,3463.855,3552.617
6972,SUSC,2021-12-31,WORST,2059-06-30,237.617,0.0,237.617
6973,SUSC,2021-12-31,WORST,2059-07-02,272.846,0.0,272.846
6974,SUSC,2021-12-31,WORST,2059-07-09,117.922,0.0,117.922
6975,SUSC,2021-12-31,WORST,2059-07-15,125.399,0.0,125.399
6976,SUSC,2021-12-31,WORST,2059-07-31,91.611,4638.554,4730.166
6977,SUSC,2021-12-31,WORST,2059-08-01,310.994,0.0,310.994
6978,SUSC,2021-12-31,WORST,2059-08-05,142.387,0.0,142.387
6979,SUSC,2021-12-31,WORST,2059-08-06,23.892,0.0,23.892
6980,SUSC,2021-12-31,WORST,2059-08-08,101.604,0.0,101.604
6981,SUSC,2021-12-31,WORST,2059-08-11,122.364,0.0,122.364
6982,SUSC,2021-12-31,WORST,2059-08-12,24.096,0.0,24.096
6983,SUSC,2021-12-31,WORST,2059-08-15,234.672,2108.434,2343.106
6984,SUSC,2021-12-31,WORST,2059-08-18,85.832,0.0,85.832
6985,SUSC,2021-12-31,WORST,2059-09-02,65.346,0.0,65.346
6986,SUSC,2021-12-31,WORST,2059-09-15,242.334,0.0,242.334
6987,SUSC,2021-12-31,WORST,2059-09-17,18.319,0.0,18.319
6988,SUSC,2021-12-31,WORST,2059-09-22,428.059,2560.241,2988.3
6989,SUSC,2021-12-31,WORST,2059-09-25,476.883,10361.446,10838.328
6990,SUSC,2021-12-31,WORST,2059-10-01,725.053,7831.325,8556.378
6991,SUSC,2021-12-31,WORST,2059-10-06,11.443,0.0,11.443
6992,SUSC,2021-12-31,WORST,2059-11-03,277.975,0.0,277.975
6993,SUSC,2021-12-31,WORST,2059-11-12,47.477,0.0,47.477
6994,SUSC,2021-12-31,WORST,2059-11-13,107.018,5632.53,5739.548
6995,SUSC,2021-12-31,WORST,2059-11-17,536.464,2861.446,3397.91
6996,SUSC,2021-12-31,WORST,2059-11-20,146.837,0.0,146.837
6997,SUSC,2021-12-31,WORST,2059-12-01,547.154,7680.723,8227.877
6998,SUSC,2021-12-31,WORST,2059-12-03,132.154,0.0,132.154
6999,SUSC,2021-12-31,WORST,2059-12-10,43.675,0.0,43.675
7000,SUSC,2021-12-31,WORST,2059-12-15,80.949,5180.723,5261.672
7001,SUSC,2021-12-31,WORST,2059-12-29,59.153,3493.976,3553.129
7002,SUSC,2021-12-31,WORST,2059-12-30,178.464,0.0,178.464
7003,SUSC,2021-12-31,WORST,2060-01-02,272.846,0.0,272.846
7004,SUSC,2021-12-31,WORST,2060-01-09,117.922,6987.952,7105.873
7005,SUSC,2021-12-31,WORST,2060-01-15,125.399,0.0,125.399
7006,SUSC,2021-12-31,WORST,2060-02-02,310.994,0.0,310.994
7007,SUSC,2021-12-31,WORST,2060-02-05,142.387,0.0,142.387
7008,SUSC,2021-12-31,WORST,2060-02-06,23.892,0.0,23.892
7009,SUSC,2021-12-31,WORST,2060-02-09,223.969,0.0,223.969
7010,SUSC,2021-12-31,WORST,2060-02-12,24.096,0.0,24.096
7011,SUSC,2021-12-31,WORST,2060-02-17,253.26,0.0,253.26
7012,SUSC,2021-12-31,WORST,2060-02-18,34.563,0.0,34.563
7013,SUSC,2021-12-31,WORST,2060-03-01,65.346,0.0,65.346
7014,SUSC,2021-12-31,WORST,2060-03-15,242.334,0.0,242.334
7015,SUSC,2021-12-31,WORST,2060-03-17,18.319,0.0,18.319
7016,SUSC,2021-12-31,WORST,2060-03-22,378.916,0.0,378.916
7017,SUSC,2021-12-31,WORST,2060-03-25,220.437,0.0,220.437
7018,SUSC,2021-12-31,WORST,2060-04-01,580.173,20783.133,21363.306
7019,SUSC,2021-12-31,WORST,2060-04-06,11.443,0.0,11.443
7020,SUSC,2021-12-31,WORST,2060-05-03,277.975,0.0,277.975
7021,SUSC,2021-12-31,WORST,2060-05-12,47.477,0.0,47.477
7022,SUSC,2021-12-31,WORST,2060-05-17,491.754,0.0,491.754
7023,SUSC,2021-12-31,WORST,2060-05-20,146.837,0.0,146.837
7024,SUSC,2021-12-31,WORST,2060-06-01,390.828,18132.53,18523.358
7025,SUSC,2021-12-31,WORST,2060-06-03,132.154,9789.157,9921.31
7026,SUSC,2021-12-31,WORST,2060-06-10,43.675,0.0,43.675
7027,SUSC,2021-12-31,WORST,2060-06-30,178.464,0.0,178.464
7028,SUSC,2021-12-31,WORST,2060-07-02,272.846,0.0,272.846
7029,SUSC,2021-12-31,WORST,2060-07-15,125.399,0.0,125.399
7030,SUSC,2021-12-31,WORST,2060-08-02,310.994,0.0,310.994
7031,SUSC,2021-12-31,WORST,2060-08-05,142.387,0.0,142.387
7032,SUSC,2021-12-31,WORST,2060-08-06,23.892,0.0,23.892
7033,SUSC,2021-12-31,WORST,2060-08-09,223.969,5090.361,5314.33
7034,SUSC,2021-12-31,WORST,2060-08-12,24.096,0.0,24.096
7035,SUSC,2021-12-31,WORST,2060-08-16,253.26,11475.904,11729.163
7036,SUSC,2021-12-31,WORST,2060-08-18,34.563,2710.843,2745.407
7037,SUSC,2021-12-31,WORST,2060-09-01,65.346,2590.361,2655.708
7038,SUSC,2021-12-31,WORST,2060-09-15,242.334,1506.024,1748.358
7039,SUSC,2021-12-31,WORST,2060-09-17,18.319,0.0,18.319
7040,SUSC,2021-12-31,WORST,2060-09-22,378.916,20481.928,20860.843
7041,SUSC,2021-12-31,WORST,2060-09-27,220.437,10753.012,10973.449
7042,SUSC,2021-12-31,WORST,2060-10-01,181.483,0.0,181.483
7043,SUSC,2021-12-31,WORST,2060-10-06,11.443,0.0,11.443
7044,SUSC,2021-12-31,WORST,2060-11-01,277.975,0.0,277.975
7045,SUSC,2021-12-31,WORST,2060-11-12,47.477,2921.687,2969.164
7046,SUSC,2021-12-31,WORST,2060-11-15,709.706,6445.783,7155.489
7047,SUSC,2021-12-31,WORST,2060-11-22,146.837,9789.157,9935.994
7048,SUSC,2021-12-31,WORST,2060-12-01,146.103,0.0,146.103
7049,SUSC,2021-12-31,WORST,2060-12-10,43.675,0.0,43.675
7050,SUSC,2021-12-31,WORST,2060-12-30,178.464,0.0,178.464
7051,SUSC,2021-12-31,WORST,2061-01-04,272.846,0.0,272.846
7052,SUSC,2021-12-31,WORST,2061-01-18,125.399,8222.892,8348.291
7053,SUSC,2021-12-31,WORST,2061-02-01,310.994,17771.084,18082.078
7054,SUSC,2021-12-31,WORST,2061-02-07,166.279,4126.506,4292.785
7055,SUSC,2021-12-31,WORST,2061-02-08,15.602,1114.458,1130.06
7056,SUSC,2021-12-31,WORST,2061-02-09,122.364,7530.12,7652.485
7057,SUSC,2021-12-31,WORST,2061-02-14,24.096,1506.024,1530.12
7058,SUSC,2021-12-31,WORST,2061-02-15,71.426,0.0,71.426
7059,SUSC,2021-12-31,WORST,2061-02-16,51.269,0.0,51.269
7060,SUSC,2021-12-31,WORST,2061-03-01,33.614,0.0,33.614
7061,SUSC,2021-12-31,WORST,2061-03-15,219.744,0.0,219.744
7062,SUSC,2021-12-31,WORST,2061-03-17,18.319,0.0,18.319
7063,SUSC,2021-12-31,WORST,2061-04-01,181.483,9427.711,9609.194
7064,SUSC,2021-12-31,WORST,2061-04-06,11.443,0.0,11.443
7065,SUSC,2021-12-31,WORST,2061-05-02,277.975,0.0,277.975
7066,SUSC,2021-12-31,WORST,2061-05-16,448.38,0.0,448.38
7067,SUSC,2021-12-31,WORST,2061-06-01,146.103,5421.687,5567.79
7068,SUSC,2021-12-31,WORST,2061-06-10,43.675,0.0,43.675
7069,SUSC,2021-12-31,WORST,2061-06-30,178.464,0.0,178.464
7070,SUSC,2021-12-31,WORST,2061-07-05,272.846,0.0,272.846
7071,SUSC,2021-12-31,WORST,2061-08-05,83.584,0.0,83.584
7072,SUSC,2021-12-31,WORST,2061-08-08,23.892,1204.819,1228.711
7073,SUSC,2021-12-31,WORST,2061-08-15,71.426,0.0,71.426
7074,SUSC,2021-12-31,WORST,2061-08-16,51.269,0.0,51.269
7075,SUSC,2021-12-31,WORST,2061-09-01,33.614,0.0,33.614
7076,SUSC,2021-12-31,WORST,2061-09-15,219.744,0.0,219.744
7077,SUSC,2021-12-31,WORST,2061-09-19,18.319,1204.819,1223.139
7078,SUSC,2021-12-31,WORST,2061-10-06,11.443,0.0,11.443
7079,SUSC,2021-12-31,WORST,2061-11-01,277.975,0.0,277.975
7080,SUSC,2021-12-31,WORST,2061-11-15,448.38,0.0,448.38
7081,SUSC,2021-12-31,WORST,2061-12-01,26.826,0.0,26.826
7082,SUSC,2021-12-31,WORST,2061-12-12,43.675,3012.048,3055.723
7083,SUSC,2021-12-31,WORST,2061-12-30,178.464,0.0,178.464
7084,SUSC,2021-12-31,WORST,2062-01-03,272.846,0.0,272.846
7085,SUSC,2021-12-31,WORST,2062-02-06,83.584,0.0,83.584
7086,SUSC,2021-12-31,WORST,2062-02-15,71.426,0.0,71.426
7087,SUSC,2021-12-31,WORST,2062-02-16,51.269,0.0,51.269
7088,SUSC,2021-12-31,WORST,2062-03-01,33.614,0.0,33.614
7089,SUSC,2021-12-31,WORST,2062-03-15,219.744,0.0,219.744
7090,SUSC,2021-12-31,WORST,2062-04-06,11.443,0.0,11.443
7091,SUSC,2021-12-31,WORST,2062-05-01,277.975,0.0,277.975
7092,SUSC,2021-12-31,WORST,2062-05-15,448.38,0.0,448.38
7093,SUSC,2021-12-31,WORST,2062-06-01,26.826,0.0,26.826
7094,SUSC,2021-12-31,WORST,2062-06-30,178.464,9036.145,9214.608
7095,SUSC,2021-12-31,WORST,2062-07-03,272.846,0.0,272.846
7096,SUSC,2021-12-31,WORST,2062-08-07,83.584,0.0,83.584
7097,SUSC,2021-12-31,WORST,2062-08-15,71.426,2168.675,2240.101
7098,SUSC,2021-12-31,WORST,2062-08-16,51.269,0.0,51.269
7099,SUSC,2021-12-31,WORST,2062-09-01,33.614,0.0,33.614
7100,SUSC,2021-12-31,WORST,2062-09-15,219.744,0.0,219.744
7101,SUSC,2021-12-31,WORST,2062-10-06,11.443,0.0,11.443
7102,SUSC,2021-12-31,WORST,2062-11-01,277.975,0.0,277.975
7103,SUSC,2021-12-31,WORST,2062-11-15,448.38,0.0,448.38
7104,SUSC,2021-12-31,WORST,2062-12-01,26.826,0.0,26.826
7105,SUSC,2021-12-31,WORST,2063-01-02,272.846,0.0,272.846
7106,SUSC,2021-12-31,WORST,2063-02-05,83.584,0.0,83.584
7107,SUSC,2021-12-31,WORST,2063-02-15,42.691,0.0,42.691
7108,SUSC,2021-12-31,WORST,2063-02-16,51.269,0.0,51.269
7109,SUSC,2021-12-31,WORST,2063-03-01,33.614,0.0,33.614
7110,SUSC,2021-12-31,WORST,2063-03-15,219.744,0.0,219.744
7111,SUSC,2021-12-31,WORST,2063-04-06,11.443,0.0,11.443
7112,SUSC,2021-12-31,WORST,2063-05-01,277.975,0.0,277.975
7113,SUSC,2021-12-31,WORST,2063-05-15,448.38,0.0,448.38
7114,SUSC,2021-12-31,WORST,2063-06-01,26.826,0.0,26.826
7115,SUSC,2021-12-31,WORST,2063-07-02,272.846,0.0,272.846
7116,SUSC,2021-12-31,WORST,2063-08-06,83.584,0.0,83.584
7117,SUSC,2021-12-31,WORST,2063-08-15,42.691,0.0,42.691
7118,SUSC,2021-12-31,WORST,2063-08-16,51.269,0.0,51.269
7119,SUSC,2021-12-31,WORST,2063-09-04,33.614,0.0,33.614
7120,SUSC,2021-12-31,WORST,2063-09-17,219.744,0.0,219.744
7121,SUSC,2021-12-31,WORST,2063-10-09,11.443,0.0,11.443
7122,SUSC,2021-12-31,WORST,2063-11-01,277.975,12740.964,13018.938
7123,SUSC,2021-12-31,WORST,2063-11-15,448.38,2620.482,3068.862
7124,SUSC,2021-12-31,WORST,2063-12-03,26.826,0.0,26.826
7125,SUSC,2021-12-31,WORST,2064-01-02,272.846,11024.096,11296.943
7126,SUSC,2021-12-31,WORST,2064-02-05,83.584,0.0,83.584
7127,SUSC,2021-12-31,WORST,2064-02-15,42.691,0.0,42.691
7128,SUSC,2021-12-31,WORST,2064-02-19,51.269,0.0,51.269
7129,SUSC,2021-12-31,WORST,2064-03-03,33.614,0.0,33.614
7130,SUSC,2021-12-31,WORST,2064-03-17,219.744,0.0,219.744
7131,SUSC,2021-12-31,WORST,2064-04-07,11.443,0.0,11.443
7132,SUSC,2021-12-31,WORST,2064-05-01,87.688,0.0,87.688
7133,SUSC,2021-12-31,WORST,2064-05-15,386.144,0.0,386.144
7134,SUSC,2021-12-31,WORST,2064-06-02,26.826,0.0,26.826
7135,SUSC,2021-12-31,WORST,2064-08-05,83.584,0.0,83.584
7136,SUSC,2021-12-31,WORST,2064-08-15,42.691,0.0,42.691
7137,SUSC,2021-12-31,WORST,2064-08-18,51.269,0.0,51.269
7138,SUSC,2021-12-31,WORST,2064-09-02,33.614,0.0,33.614
7139,SUSC,2021-12-31,WORST,2064-09-15,219.744,0.0,219.744
7140,SUSC,2021-12-31,WORST,2064-10-06,11.443,0.0,11.443
7141,SUSC,2021-12-31,WORST,2064-11-03,87.688,0.0,87.688
7142,SUSC,2021-12-31,WORST,2064-11-17,386.144,0.0,386.144
7143,SUSC,2021-12-31,WORST,2064-12-01,26.826,0.0,26.826
7144,SUSC,2021-12-31,WORST,2065-02-05,83.584,0.0,83.584
7145,SUSC,2021-12-31,WORST,2065-02-17,93.96,0.0,93.96
7146,SUSC,2021-12-31,WORST,2065-03-02,33.614,0.0,33.614
7147,SUSC,2021-12-31,WORST,2065-03-16,219.744,0.0,219.744
7148,SUSC,2021-12-31,WORST,2065-04-06,11.443,0.0,11.443
7149,SUSC,2021-12-31,WORST,2065-05-01,87.688,0.0,87.688
7150,SUSC,2021-12-31,WORST,2065-05-15,386.144,0.0,386.144
7151,SUSC,2021-12-31,WORST,2065-06-01,26.826,0.0,26.826
7152,SUSC,2021-12-31,WORST,2065-08-05,83.584,0.0,83.584
7153,SUSC,2021-12-31,WORST,2065-08-17,93.96,0.0,93.96
7154,SUSC,2021-12-31,WORST,2065-09-01,33.614,0.0,33.614
7155,SUSC,2021-12-31,WORST,2065-09-15,219.744,0.0,219.744
7156,SUSC,2021-12-31,WORST,2065-10-06,11.443,0.0,11.443
7157,SUSC,2021-12-31,WORST,2065-11-02,87.688,0.0,87.688
7158,SUSC,2021-12-31,WORST,2065-11-16,386.144,0.0,386.144
7159,SUSC,2021-12-31,WORST,2065-12-01,26.826,0.0,26.826
7160,SUSC,2021-12-31,WORST,2066-02-05,83.584,0.0,83.584
7161,SUSC,2021-12-31,WORST,2066-02-16,93.96,0.0,93.96
7162,SUSC,2021-12-31,WORST,2066-03-01,33.614,0.0,33.614
7163,SUSC,2021-12-31,WORST,2066-03-15,219.744,0.0,219.744
7164,SUSC,2021-12-31,WORST,2066-04-06,11.443,0.0,11.443
7165,SUSC,2021-12-31,WORST,2066-05-03,87.688,4126.506,4214.194
7166,SUSC,2021-12-31,WORST,2066-05-17,386.144,0.0,386.144
7167,SUSC,2021-12-31,WORST,2066-06-01,26.826,0.0,26.826
7168,SUSC,2021-12-31,WORST,2066-08-05,83.584,0.0,83.584
7169,SUSC,2021-12-31,WORST,2066-08-16,93.96,0.0,93.96
7170,SUSC,2021-12-31,WORST,2066-09-01,33.614,0.0,33.614
7171,SUSC,2021-12-31,WORST,2066-09-15,219.744,0.0,219.744
7172,SUSC,2021-12-31,WORST,2066-10-06,11.443,0.0,11.443
7173,SUSC,2021-12-31,WORST,2066-11-15,386.144,0.0,386.144
7174,SUSC,2021-12-31,WORST,2066-12-01,26.826,0.0,26.826
7175,SUSC,2021-12-31,WORST,2067-02-07,83.584,0.0,83.584
7176,SUSC,2021-12-31,WORST,2067-02-15,42.691,0.0,42.691
7177,SUSC,2021-12-31,WORST,2067-02-16,51.269,0.0,51.269
7178,SUSC,2021-12-31,WORST,2067-03-01,33.614,0.0,33.614
7179,SUSC,2021-12-31,WORST,2067-03-15,219.744,2439.759,2659.503
7180,SUSC,2021-12-31,WORST,2067-04-06,11.443,0.0,11.443
7181,SUSC,2021-12-31,WORST,2067-05-16,386.144,843.373,1229.517
7182,SUSC,2021-12-31,WORST,2067-06-01,26.826,0.0,26.826
7183,SUSC,2021-12-31,WORST,2067-08-05,83.584,0.0,83.584
7184,SUSC,2021-12-31,WORST,2067-08-15,42.691,0.0,42.691
7185,SUSC,2021-12-31,WORST,2067-08-16,51.269,0.0,51.269
7186,SUSC,2021-12-31,WORST,2067-09-01,33.614,1445.783,1479.398
7187,SUSC,2021-12-31,WORST,2067-09-15,169.729,0.0,169.729
7188,SUSC,2021-12-31,WORST,2067-10-06,11.443,0.0,11.443
7189,SUSC,2021-12-31,WORST,2067-11-15,375.437,0.0,375.437
7190,SUSC,2021-12-31,WORST,2067-12-01,26.826,0.0,26.826
7191,SUSC,2021-12-31,WORST,2068-02-06,83.584,0.0,83.584
7192,SUSC,2021-12-31,WORST,2068-02-15,42.691,0.0,42.691
7193,SUSC,2021-12-31,WORST,2068-02-16,51.269,0.0,51.269
7194,SUSC,2021-12-31,WORST,2068-03-15,169.729,0.0,169.729
7195,SUSC,2021-12-31,WORST,2068-04-06,11.443,0.0,11.443
7196,SUSC,2021-12-31,WORST,2068-05-15,375.437,2981.928,3357.364
7197,SUSC,2021-12-31,WORST,2068-06-01,26.826,0.0,26.826
7198,SUSC,2021-12-31,WORST,2068-08-06,83.584,0.0,83.584
7199,SUSC,2021-12-31,WORST,2068-08-15,42.691,0.0,42.691
7200,SUSC,2021-12-31,WORST,2068-08-16,51.269,0.0,51.269
7201,SUSC,2021-12-31,WORST,2068-09-17,169.729,0.0,169.729
7202,SUSC,2021-12-31,WORST,2068-10-09,11.443,0.0,11.443
7203,SUSC,2021-12-31,WORST,2068-11-15,288.215,0.0,288.215
7204,SUSC,2021-12-31,WORST,2068-12-03,26.826,0.0,26.826
7205,SUSC,2021-12-31,WORST,2069-02-05,83.584,0.0,83.584
7206,SUSC,2021-12-31,WORST,2069-02-15,42.691,0.0,42.691
7207,SUSC,2021-12-31,WORST,2069-02-19,51.269,0.0,51.269
7208,SUSC,2021-12-31,WORST,2069-03-15,169.729,0.0,169.729
7209,SUSC,2021-12-31,WORST,2069-04-08,11.443,0.0,11.443
7210,SUSC,2021-12-31,WORST,2069-05-15,288.215,3162.651,3450.866
7211,SUSC,2021-12-31,WORST,2069-06-03,26.826,0.0,26.826
7212,SUSC,2021-12-31,WORST,2069-08-05,83.584,4457.831,4541.416
7213,SUSC,2021-12-31,WORST,2069-08-15,42.691,0.0,42.691
7214,SUSC,2021-12-31,WORST,2069-08-16,51.269,0.0,51.269
7215,SUSC,2021-12-31,WORST,2069-09-16,169.729,0.0,169.729
7216,SUSC,2021-12-31,WORST,2069-10-07,11.443,0.0,11.443
7217,SUSC,2021-12-31,WORST,2069-11-15,221.8,0.0,221.8
7218,SUSC,2021-12-31,WORST,2069-12-02,26.826,0.0,26.826
7219,SUSC,2021-12-31,WORST,2070-02-18,93.96,0.0,93.96
7220,SUSC,2021-12-31,WORST,2070-03-17,169.729,0.0,169.729
7221,SUSC,2021-12-31,WORST,2070-04-07,11.443,0.0,11.443
7222,SUSC,2021-12-31,WORST,2070-05-15,221.8,0.0,221.8
7223,SUSC,2021-12-31,WORST,2070-06-02,26.826,0.0,26.826
7224,SUSC,2021-12-31,WORST,2070-08-15,42.691,0.0,42.691
7225,SUSC,2021-12-31,WORST,2070-08-18,51.269,0.0,51.269
7226,SUSC,2021-12-31,WORST,2070-09-15,169.729,0.0,169.729
7227,SUSC,2021-12-31,WORST,2070-10-06,11.443,602.41,613.852
7228,SUSC,2021-12-31,WORST,2070-11-17,221.8,0.0,221.8
7229,SUSC,2021-12-31,WORST,2070-12-01,26.826,0.0,26.826
7230,SUSC,2021-12-31,WORST,2071-02-17,93.96,0.0,93.96
7231,SUSC,2021-12-31,WORST,2071-03-16,169.729,0.0,169.729
7232,SUSC,2021-12-31,WORST,2071-05-15,221.8,0.0,221.8
7233,SUSC,2021-12-31,WORST,2071-06-01,26.826,0.0,26.826
7234,SUSC,2021-12-31,WORST,2071-08-17,93.96,0.0,93.96
7235,SUSC,2021-12-31,WORST,2071-09-15,169.729,0.0,169.729
7236,SUSC,2021-12-31,WORST,2071-11-16,221.8,0.0,221.8
7237,SUSC,2021-12-31,WORST,2071-12-01,26.826,0.0,26.826
7238,SUSC,2021-12-31,WORST,2072-02-16,93.96,0.0,93.96
7239,SUSC,2021-12-31,WORST,2072-03-15,169.729,0.0,169.729
7240,SUSC,2021-12-31,WORST,2072-05-16,221.8,0.0,221.8
7241,SUSC,2021-12-31,WORST,2072-06-01,26.826,0.0,26.826
7242,SUSC,2021-12-31,WORST,2072-08-15,42.691,0.0,42.691
7243,SUSC,2021-12-31,WORST,2072-08-16,51.269,0.0,51.269
7244,SUSC,2021-12-31,WORST,2072-09-15,169.729,0.0,169.729
7245,SUSC,2021-12-31,WORST,2072-11-15,221.8,0.0,221.8
7246,SUSC,2021-12-31,WORST,2072-12-01,26.826,0.0,26.826
7247,SUSC,2021-12-31,WORST,2073-02-15,42.691,0.0,42.691
7248,SUSC,2021-12-31,WORST,2073-02-16,51.269,0.0,51.269
7249,SUSC,2021-12-31,WORST,2073-03-15,169.729,0.0,169.729
7250,SUSC,2021-12-31,WORST,2073-05-15,221.8,0.0,221.8
7251,SUSC,2021-12-31,WORST,2073-06-01,26.826,0.0,26.826
7252,SUSC,2021-12-31,WORST,2073-08-15,42.691,0.0,42.691
7253,SUSC,2021-12-31,WORST,2073-08-16,51.269,0.0,51.269
7254,SUSC,2021-12-31,WORST,2073-09-15,169.729,0.0,169.729
7255,SUSC,2021-12-31,WORST,2073-11-15,221.8,0.0,221.8
7256,SUSC,2021-12-31,WORST,2073-12-01,26.826,0.0,26.826
7257,SUSC,2021-12-31,WORST,2074-02-15,42.691,0.0,42.691
7258,SUSC,2021-12-31,WORST,2074-02-16,51.269,0.0,51.269
7259,SUSC,2021-12-31,WORST,2074-03-15,169.729,0.0,169.729
7260,SUSC,2021-12-31,WORST,2074-05-15,221.8,0.0,221.8
7261,SUSC,2021-12-31,WORST,2074-06-01,26.826,0.0,26.826
7262,SUSC,2021-12-31,WORST,2074-08-15,42.691,0.0,42.691
7263,SUSC,2021-12-31,WORST,2074-08-16,51.269,0.0,51.269
7264,SUSC,2021-12-31,WORST,2074-09-17,169.729,0.0,169.729
7265,SUSC,2021-12-31,WORST,2074-11-15,221.8,0.0,221.8
7266,SUSC,2021-12-31,WORST,2074-12-03,26.826,0.0,26.826
7267,SUSC,2021-12-31,WORST,2075-02-15,42.691,0.0,42.691
7268,SUSC,2021-12-31,WORST,2075-02-19,51.269,0.0,51.269
7269,SUSC,2021-12-31,WORST,2075-03-15,169.729,0.0,169.729
7270,SUSC,2021-12-31,WORST,2075-05-15,221.8,0.0,221.8
7271,SUSC,2021-12-31,WORST,2075-06-03,26.826,0.0,26.826
7272,SUSC,2021-12-31,WORST,2075-08-15,42.691,0.0,42.691
7273,SUSC,2021-12-31,WORST,2075-08-16,51.269,0.0,51.269
7274,SUSC,2021-12-31,WORST,2075-09-16,169.729,0.0,169.729
7275,SUSC,2021-12-31,WORST,2075-11-15,221.8,0.0,221.8
7276,SUSC,2021-12-31,WORST,2075-12-02,26.826,0.0,26.826
7277,SUSC,2021-12-31,WORST,2076-02-18,93.96,0.0,93.96
7278,SUSC,2021-12-31,WORST,2076-03-16,169.729,0.0,169.729
7279,SUSC,2021-12-31,WORST,2076-05-15,221.8,0.0,221.8
7280,SUSC,2021-12-31,WORST,2076-06-01,26.826,0.0,26.826
7281,SUSC,2021-12-31,WORST,2076-08-17,93.96,0.0,93.96
7282,SUSC,2021-12-31,WORST,2076-09-15,169.729,0.0,169.729
7283,SUSC,2021-12-31,WORST,2076-11-16,221.8,0.0,221.8
7284,SUSC,2021-12-31,WORST,2076-12-01,26.826,0.0,26.826
7285,SUSC,2021-12-31,WORST,2077-02-16,93.96,0.0,93.96
7286,SUSC,2021-12-31,WORST,2077-03-15,169.729,0.0,169.729
7287,SUSC,2021-12-31,WORST,2077-05-17,221.8,0.0,221.8
7288,SUSC,2021-12-31,WORST,2077-06-01,26.826,0.0,26.826
7289,SUSC,2021-12-31,WORST,2077-08-16,93.96,3162.651,3256.611
7290,SUSC,2021-12-31,WORST,2077-09-15,169.729,0.0,169.729
7291,SUSC,2021-12-31,WORST,2077-11-15,221.8,0.0,221.8
7292,SUSC,2021-12-31,WORST,2077-12-01,26.826,0.0,26.826
7293,SUSC,2021-12-31,WORST,2078-02-15,42.691,3072.289,3114.981
7294,SUSC,2021-12-31,WORST,2078-03-15,169.729,0.0,169.729
7295,SUSC,2021-12-31,WORST,2078-05-16,221.8,0.0,221.8
7296,SUSC,2021-12-31,WORST,2078-06-01,26.826,0.0,26.826
7297,SUSC,2021-12-31,WORST,2078-09-15,169.729,0.0,169.729
7298,SUSC,2021-12-31,WORST,2078-11-15,221.8,0.0,221.8
7299,SUSC,2021-12-31,WORST,2078-12-01,26.826,0.0,26.826
7300,SUSC,2021-12-31,WORST,2079-03-15,169.729,0.0,169.729
7301,SUSC,2021-12-31,WORST,2079-05-15,221.8,5873.494,6095.294
7302,SUSC,2021-12-31,WORST,2079-06-01,26.826,0.0,26.826
7303,SUSC,2021-12-31,WORST,2079-09-15,169.729,0.0,169.729
7304,SUSC,2021-12-31,WORST,2079-11-15,61.747,0.0,61.747
7305,SUSC,2021-12-31,WORST,2079-12-01,26.826,0.0,26.826
7306,SUSC,2021-12-31,WORST,2080-03-15,169.729,0.0,169.729
7307,SUSC,2021-12-31,WORST,2080-05-15,61.747,0.0,61.747
7308,SUSC,2021-12-31,WORST,2080-06-03,26.826,0.0,26.826
7309,SUSC,2021-12-31,WORST,2080-09-16,169.729,0.0,169.729
7310,SUSC,2021-12-31,WORST,2080-11-15,61.747,0.0,61.747
7311,SUSC,2021-12-31,WORST,2080-12-02,26.826,0.0,26.826
7312,SUSC,2021-12-31,WORST,2081-03-17,169.729,0.0,169.729
7313,SUSC,2021-12-31,WORST,2081-05-15,61.747,0.0,61.747
7314,SUSC,2021-12-31,WORST,2081-06-02,26.826,0.0,26.826
7315,SUSC,2021-12-31,WORST,2081-09-15,169.729,0.0,169.729
7316,SUSC,2021-12-31,WORST,2081-11-17,61.747,0.0,61.747
7317,SUSC,2021-12-31,WORST,2081-12-01,26.826,0.0,26.826
7318,SUSC,2021-12-31,WORST,2082-03-16,169.729,0.0,169.729
7319,SUSC,2021-12-31,WORST,2082-05-15,61.747,0.0,61.747
7320,SUSC,2021-12-31,WORST,2082-06-01,26.826,0.0,26.826
7321,SUSC,2021-12-31,WORST,2082-09-15,169.729,0.0,169.729
7322,SUSC,2021-12-31,WORST,2082-11-16,61.747,0.0,61.747
7323,SUSC,2021-12-31,WORST,2082-12-01,26.826,0.0,26.826
7324,SUSC,2021-12-31,WORST,2083-03-15,169.729,0.0,169.729
7325,SUSC,2021-12-31,WORST,2083-05-17,61.747,0.0,61.747
7326,SUSC,2021-12-31,WORST,2083-06-01,26.826,0.0,26.826
7327,SUSC,2021-12-31,WORST,2083-09-15,169.729,0.0,169.729
7328,SUSC,2021-12-31,WORST,2083-11-15,61.747,0.0,61.747
7329,SUSC,2021-12-31,WORST,2083-12-01,26.826,0.0,26.826
7330,SUSC,2021-12-31,WORST,2084-03-15,169.729,0.0,169.729
7331,SUSC,2021-12-31,WORST,2084-05-15,61.747,0.0,61.747
7332,SUSC,2021-12-31,WORST,2084-06-01,26.826,0.0,26.826
7333,SUSC,2021-12-31,WORST,2084-09-15,169.729,0.0,169.729
7334,SUSC,2021-12-31,WORST,2084-11-15,61.747,0.0,61.747
7335,SUSC,2021-12-31,WORST,2084-12-01,26.826,0.0,26.826
7336,SUSC,2021-12-31,WORST,2085-03-15,169.729,0.0,169.729
7337,SUSC,2021-12-31,WORST,2085-05-15,61.747,0.0,61.747
7338,SUSC,2021-12-31,WORST,2085-06-01,26.826,0.0,26.826
7339,SUSC,2021-12-31,WORST,2085-09-17,169.729,0.0,169.729
7340,SUSC,2021-12-31,WORST,2085-11-15,61.747,0.0,61.747
7341,SUSC,2021-12-31,WORST,2085-12-03,26.826,0.0,26.826
7342,SUSC,2021-12-31,WORST,2086-03-15,169.729,0.0,169.729
7343,SUSC,2021-12-31,WORST,2086-05-15,61.747,0.0,61.747
7344,SUSC,2021-12-31,WORST,2086-06-03,26.826,0.0,26.826
7345,SUSC,2021-12-31,WORST,2086-09-16,169.729,0.0,169.729
7346,SUSC,2021-12-31,WORST,2086-11-15,61.747,0.0,61.747
7347,SUSC,2021-12-31,WORST,2086-12-02,26.826,0.0,26.826
7348,SUSC,2021-12-31,WORST,2087-03-17,169.729,0.0,169.729
7349,SUSC,2021-12-31,WORST,2087-05-15,61.747,0.0,61.747
7350,SUSC,2021-12-31,WORST,2087-06-02,26.826,0.0,26.826
7351,SUSC,2021-12-31,WORST,2087-09-15,169.729,0.0,169.729
7352,SUSC,2021-12-31,WORST,2087-11-17,61.747,0.0,61.747
7353,SUSC,2021-12-31,WORST,2087-12-01,26.826,0.0,26.826
7354,SUSC,2021-12-31,WORST,2088-03-15,169.729,0.0,169.729
7355,SUSC,2021-12-31,WORST,2088-05-17,61.747,0.0,61.747
7356,SUSC,2021-12-31,WORST,2088-06-01,26.826,0.0,26.826
7357,SUSC,2021-12-31,WORST,2088-09-15,169.729,0.0,169.729
7358,SUSC,2021-12-31,WORST,2088-11-15,61.747,0.0,61.747
7359,SUSC,2021-12-31,WORST,2088-12-01,26.826,0.0,26.826
7360,SUSC,2021-12-31,WORST,2089-03-15,169.729,0.0,169.729
7361,SUSC,2021-12-31,WORST,2089-05-16,61.747,0.0,61.747
7362,SUSC,2021-12-31,WORST,2089-06-01,26.826,0.0,26.826
7363,SUSC,2021-12-31,WORST,2089-09-15,169.729,0.0,169.729
7364,SUSC,2021-12-31,WORST,2089-11-15,61.747,0.0,61.747
7365,SUSC,2021-12-31,WORST,2089-12-01,26.826,0.0,26.826
7366,SUSC,2021-12-31,WORST,2090-03-15,169.729,0.0,169.729
7367,SUSC,2021-12-31,WORST,2090-05-15,61.747,0.0,61.747
7368,SUSC,2021-12-31,WORST,2090-06-01,26.826,0.0,26.826
7369,SUSC,2021-12-31,WORST,2090-09-15,169.729,0.0,169.729
7370,SUSC,2021-12-31,WORST,2090-11-15,61.747,0.0,61.747
7371,SUSC,2021-12-31,WORST,2090-12-01,26.826,0.0,26.826
7372,SUSC,2021-12-31,WORST,2091-03-15,169.729,0.0,169.729
7373,SUSC,2021-12-31,WORST,2091-05-15,61.747,0.0,61.747
7374,SUSC,2021-12-31,WORST,2091-06-01,26.826,0.0,26.826
7375,SUSC,2021-12-31,WORST,2091-09-17,169.729,0.0,169.729
7376,SUSC,2021-12-31,WORST,2091-11-15,61.747,0.0,61.747
7377,SUSC,2021-12-31,WORST,2091-12-03,26.826,0.0,26.826
7378,SUSC,2021-12-31,WORST,2092-03-17,169.729,0.0,169.729
7379,SUSC,2021-12-31,WORST,2092-05-15,61.747,0.0,61.747
7380,SUSC,2021-12-31,WORST,2092-06-02,26.826,0.0,26.826
7381,SUSC,2021-12-31,WORST,2092-09-15,169.729,0.0,169.729
7382,SUSC,2021-12-31,WORST,2092-11-17,61.747,0.0,61.747
7383,SUSC,2021-12-31,WORST,2092-12-01,26.826,0.0,26.826
7384,SUSC,2021-12-31,WORST,2093-03-16,169.729,0.0,169.729
7385,SUSC,2021-12-31,WORST,2093-05-15,61.747,0.0,61.747
7386,SUSC,2021-12-31,WORST,2093-06-01,26.826,0.0,26.826
7387,SUSC,2021-12-31,WORST,2093-09-15,169.729,0.0,169.729
7388,SUSC,2021-12-31,WORST,2093-11-16,61.747,0.0,61.747
7389,SUSC,2021-12-31,WORST,2093-12-01,26.826,0.0,26.826
7390,SUSC,2021-12-31,WORST,2094-03-15,169.729,0.0,169.729
7391,SUSC,2021-12-31,WORST,2094-05-17,61.747,0.0,61.747
7392,SUSC,2021-12-31,WORST,2094-06-01,26.826,0.0,26.826
7393,SUSC,2021-12-31,WORST,2094-09-15,169.729,0.0,169.729
7394,SUSC,2021-12-31,WORST,2094-11-15,61.747,0.0,61.747
7395,SUSC,2021-12-31,WORST,2094-12-01,26.826,0.0,26.826
7396,SUSC,2021-12-31,WORST,2095-03-15,169.729,0.0,169.729
7397,SUSC,2021-12-31,WORST,2095-05-16,61.747,0.0,61.747
7398,SUSC,2021-12-31,WORST,2095-06-01,26.826,0.0,26.826
7399,SUSC,2021-12-31,WORST,2095-09-15,169.729,0.0,169.729
7400,SUSC,2021-12-31,WORST,2095-11-15,61.747,0.0,61.747
7401,SUSC,2021-12-31,WORST,2095-12-01,26.826,0.0,26.826
7402,SUSC,2021-12-31,WORST,2096-03-15,169.729,0.0,169.729
7403,SUSC,2021-12-31,WORST,2096-05-15,61.747,0.0,61.747
7404,SUSC,2021-12-31,WORST,2096-06-01,26.826,0.0,26.826
7405,SUSC,2021-12-31,WORST,2096-09-17,169.729,0.0,169.729
7406,SUSC,2021-12-31,WORST,2096-11-15,61.747,0.0,61.747
7407,SUSC,2021-12-31,WORST,2096-12-03,26.826,753.012,779.838
7408,SUSC,2021-12-31,WORST,2097-03-15,169.729,0.0,169.729
7409,SUSC,2021-12-31,WORST,2097-05-15,61.747,0.0,61.747
7410,SUSC,2021-12-31,WORST,2097-09-16,169.729,0.0,169.729
7411,SUSC,2021-12-31,WORST,2097-11-15,61.747,0.0,61.747
7412,SUSC,2021-12-31,WORST,2098-03-17,169.729,0.0,169.729
7413,SUSC,2021-12-31,WORST,2098-05-15,61.747,0.0,61.747
7414,SUSC,2021-12-31,WORST,2098-09-15,169.729,0.0,169.729
7415,SUSC,2021-12-31,WORST,2098-11-17,61.747,0.0,61.747
7416,SUSC,2021-12-31,WORST,2099-03-16,169.729,0.0,169.729
7417,SUSC,2021-12-31,WORST,2099-05-15,61.747,0.0,61.747
7418,SUSC,2021-12-31,WORST,2099-09-15,169.729,0.0,169.729
7419,SUSC,2021-12-31,WORST,2099-11-16,61.747,0.0,61.747
7420,SUSC,2021-12-31,WORST,2100-03-15,169.729,0.0,169.729
7421,SUSC,2021-12-31,WORST,2100-05-17,61.747,0.0,61.747
7422,SUSC,2021-12-31,WORST,2100-09-15,169.729,0.0,169.729
7423,SUSC,2021-12-31,WORST,2100-11-15,61.747,0.0,61.747
7424,SUSC,2021-12-31,WORST,2101-03-15,169.729,0.0,169.729
7425,SUSC,2021-12-31,WORST,2101-05-16,61.747,0.0,61.747
7426,SUSC,2021-12-31,WORST,2101-09-15,169.729,0.0,169.729
7427,SUSC,2021-12-31,WORST,2101-11-15,61.747,0.0,61.747
7428,SUSC,2021-12-31,WORST,2102-03-15,169.729,0.0,169.729
7429,SUSC,2021-12-31,WORST,2102-05-15,61.747,0.0,61.747
7430,SUSC,2021-12-31,WORST,2102-09-15,169.729,0.0,169.729
7431,SUSC,2021-12-31,WORST,2102-11-15,61.747,0.0,61.747
7432,SUSC,2021-12-31,WORST,2103-03-15,169.729,0.0,169.729
7433,SUSC,2021-12-31,WORST,2103-05-15,61.747,0.0,61.747
7434,SUSC,2021-12-31,WORST,2103-09-17,169.729,0.0,169.729
7435,SUSC,2021-12-31,WORST,2103-11-15,61.747,0.0,61.747
7436,SUSC,2021-12-31,WORST,2104-03-17,169.729,0.0,169.729
7437,SUSC,2021-12-31,WORST,2104-05-15,61.747,0.0,61.747
7438,SUSC,2021-12-31,WORST,2104-09-15,169.729,0.0,169.729
7439,SUSC,2021-12-31,WORST,2104-11-17,61.747,0.0,61.747
7440,SUSC,2021-12-31,WORST,2105-03-16,169.729,0.0,169.729
7441,SUSC,2021-12-31,WORST,2105-05-15,61.747,0.0,61.747
7442,SUSC,2021-12-31,WORST,2105-09-15,169.729,0.0,169.729
7443,SUSC,2021-12-31,WORST,2105-11-16,61.747,0.0,61.747
7444,SUSC,2021-12-31,WORST,2106-03-15,169.729,0.0,169.729
7445,SUSC,2021-12-31,WORST,2106-05-17,61.747,0.0,61.747
7446,SUSC,2021-12-31,WORST,2106-09-15,169.729,0.0,169.729
7447,SUSC,2021-12-31,WORST,2106-11-15,61.747,0.0,61.747
7448,SUSC,2021-12-31,WORST,2107-03-15,169.729,0.0,169.729
7449,SUSC,2021-12-31,WORST,2107-05-16,61.747,0.0,61.747
7450,SUSC,2021-12-31,WORST,2107-09-15,169.729,0.0,169.729
7451,SUSC,2021-12-31,WORST,2107-11-15,61.747,0.0,61.747
7452,SUSC,2021-12-31,WORST,2108-03-15,169.729,0.0,169.729
7453,SUSC,2021-12-31,WORST,2108-05-15,61.747,0.0,61.747
7454,SUSC,2021-12-31,WORST,2108-09-17,169.729,0.0,169.729
7455,SUSC,2021-12-31,WORST,2108-11-15,61.747,0.0,61.747
7456,SUSC,2021-12-31,WORST,2109-03-15,169.729,0.0,169.729
7457,SUSC,2021-12-31,WORST,2109-05-15,61.747,0.0,61.747
7458,SUSC,2021-12-31,WORST,2109-09-16,169.729,0.0,169.729
7459,SUSC,2021-12-31,WORST,2109-11-15,61.747,0.0,61.747
7460,SUSC,2021-12-31,WORST,2110-03-17,169.729,0.0,169.729
7461,SUSC,2021-12-31,WORST,2110-05-15,61.747,0.0,61.747
7462,SUSC,2021-12-31,WORST,2110-09-15,169.729,0.0,169.729
7463,SUSC,2021-12-31,WORST,2110-11-17,61.747,0.0,61.747
7464,SUSC,2021-12-31,WORST,2111-03-16,169.729,0.0,169.729
7465,SUSC,2021-12-31,WORST,2111-05-15,61.747,0.0,61.747
7466,SUSC,2021-12-31,WORST,2111-09-15,169.729,0.0,169.729
7467,SUSC,2021-12-31,WORST,2111-11-16,61.747,0.0,61.747
7468,SUSC,2021-12-31,WORST,2112-03-15,169.729,0.0,169.729
7469,SUSC,2021-12-31,WORST,2112-05-16,61.747,0.0,61.747
7470,SUSC,2021-12-31,WORST,2112-09-15,169.729,0.0,169.729
7471,SUSC,2021-12-31,WORST,2112-11-15,61.747,0.0,61.747
7472,SUSC,2021-12-31,WORST,2113-03-15,169.729,0.0,169.729
7473,SUSC,2021-12-31,WORST,2113-05-15,61.747,0.0,61.747
7474,SUSC,2021-12-31,WORST,2113-09-15,169.729,0.0,169.729
7475,SUSC,2021-12-31,WORST,2113-11-15,61.747,0.0,61.747
7476,SUSC,2021-12-31,WORST,2114-03-15,169.729,0.0,169.729
7477,SUSC,2021-12-31,WORST,2114-05-15,61.747,0.0,61.747
7478,SUSC,2021-12-31,WORST,2114-09-17,169.729,0.0,169.729
7479,SUSC,2021-12-31,WORST,2114-11-15,61.747,0.0,61.747
7480,SUSC,2021-12-31,WORST,2115-03-15,169.729,5542.169,5711.898
7481,SUSC,2021-12-31,WORST,2115-05-15,61.747,0.0,61.747
7482,SUSC,2021-12-31,WORST,2115-11-15,61.747,0.0,61.747
7483,SUSC,2021-12-31,WORST,2116-05-15,61.747,0.0,61.747
7484,SUSC,2021-12-31,WORST,2116-11-16,61.747,0.0,61.747
7485,SUSC,2021-12-31,WORST,2117-05-17,61.747,0.0,61.747
7486,SUSC,2021-12-31,WORST,2117-11-15,61.747,0.0,61.747
7487,SUSC,2021-12-31,WORST,2118-05-16,61.747,0.0,61.747
7488,SUSC,2021-12-31,WORST,2118-11-15,61.747,0.0,61.747
7489,SUSC,2021-12-31,WORST,2119-05-15,61.747,0.0,61.747
7490,SUSC,2021-12-31,WORST,2119-11-15,61.747,0.0,61.747
7491,SUSC,2021-12-31,WORST,2120-05-15,61.747,0.0,61.747
7492,SUSC,2021-12-31,WORST,2120-11-15,61.747,3012.048,3073.795
7493,SUSC,2021-12-31,MATURITY,2022-01-06,3478.758,91983.096,95461.854
7494,SUSC,2021-12-31,MATURITY,2022-01-10,2601.57,0.0,2601.57
7495,SUSC,2021-12-31,MATURITY,2022-01-11,378.066,0.0,378.066
7496,SUSC,2021-12-31,MATURITY,2022-01-12,6276.555,0.0,6276.555
7497,SUSC,2021-12-31,MATURITY,2022-01-13,1288.517,0.0,1288.517
7498,SUSC,2021-12-31,MATURITY,2022-01-14,464.416,0.0,464.416
7499,SUSC,2021-12-31,MATURITY,2022-01-18,25010.222,0.0,25010.222
7500,SUSC,2021-12-31,MATURITY,2022-01-19,650.172,0.0,650.172
7501,SUSC,2021-12-31,MATURITY,2022-01-20,1497.413,0.0,1497.413
7502,SUSC,2021-12-31,MATURITY,2022-01-21,1117.563,0.0,1117.563
7503,SUSC,2021-12-31,MATURITY,2022-01-24,6812.126,0.0,6812.126
7504,SUSC,2021-12-31,MATURITY,2022-01-25,1350.779,0.0,1350.779
7505,SUSC,2021-12-31,MATURITY,2022-01-26,349.357,0.0,349.357
7506,SUSC,2021-12-31,MATURITY,2022-01-27,2133.522,0.0,2133.522
7507,SUSC,2021-12-31,MATURITY,2022-01-28,378.407,0.0,378.407
7508,SUSC,2021-12-31,MATURITY,2022-01-31,4722.855,0.0,4722.855
7509,SUSC,2021-12-31,MATURITY,2022-02-01,15478.214,0.0,15478.214
7510,SUSC,2021-12-31,MATURITY,2022-02-02,206.768,0.0,206.768
7511,SUSC,2021-12-31,MATURITY,2022-02-03,1797.929,0.0,1797.929
7512,SUSC,2021-12-31,MATURITY,2022-02-04,1076.059,0.0,1076.059
7513,SUSC,2021-12-31,MATURITY,2022-02-07,4493.758,0.0,4493.758
7514,SUSC,2021-12-31,MATURITY,2022-02-08,7463.2,0.0,7463.2
7515,SUSC,2021-12-31,MATURITY,2022-02-09,671.807,0.0,671.807
7516,SUSC,2021-12-31,MATURITY,2022-02-10,1343.117,0.0,1343.117
7517,SUSC,2021-12-31,MATURITY,2022-02-11,2295.151,0.0,2295.151
7518,SUSC,2021-12-31,MATURITY,2022-02-14,4008.14,0.0,4008.14
7519,SUSC,2021-12-31,MATURITY,2022-02-15,19952.884,0.0,19952.884
7520,SUSC,2021-12-31,MATURITY,2022-02-16,1247.462,0.0,1247.462
7521,SUSC,2021-12-31,MATURITY,2022-02-17,1259.134,0.0,1259.134
7522,SUSC,2021-12-31,MATURITY,2022-02-18,1307.452,0.0,1307.452
7523,SUSC,2021-12-31,MATURITY,2022-02-22,4640.082,0.0,4640.082
7524,SUSC,2021-12-31,MATURITY,2022-02-23,937.47,0.0,937.47
7525,SUSC,2021-12-31,MATURITY,2022-02-24,618.506,0.0,618.506
7526,SUSC,2021-12-31,MATURITY,2022-02-25,603.005,0.0,603.005
7527,SUSC,2021-12-31,MATURITY,2022-02-28,3317.402,0.0,3317.402
7528,SUSC,2021-12-31,MATURITY,2022-03-01,19726.231,0.0,19726.231
7529,SUSC,2021-12-31,MATURITY,2022-03-02,293.703,0.0,293.703
7530,SUSC,2021-12-31,MATURITY,2022-03-03,738.784,0.0,738.784
7531,SUSC,2021-12-31,MATURITY,2022-03-04,949.721,0.0,949.721
7532,SUSC,2021-12-31,MATURITY,2022-03-07,1531.686,0.0,1531.686
7533,SUSC,2021-12-31,MATURITY,2022-03-08,1007.89,0.0,1007.89
7534,SUSC,2021-12-31,MATURITY,2022-03-09,682.996,0.0,682.996
7535,SUSC,2021-12-31,MATURITY,2022-03-10,700.237,0.0,700.237
7536,SUSC,2021-12-31,MATURITY,2022-03-11,976.951,0.0,976.951
7537,SUSC,2021-12-31,MATURITY,2022-03-14,4329.29,0.0,4329.29
7538,SUSC,2021-12-31,MATURITY,2022-03-15,35346.947,0.0,35346.947
7539,SUSC,2021-12-31,MATURITY,2022-03-16,4457.34,0.0,4457.34
7540,SUSC,2021-12-31,MATURITY,2022-03-17,1435.468,0.0,1435.468
7541,SUSC,2021-12-31,MATURITY,2022-03-18,3796.63,0.0,3796.63
7542,SUSC,2021-12-31,MATURITY,2022-03-21,4889.598,0.0,4889.598
7543,SUSC,2021-12-31,MATURITY,2022-03-22,1902.818,0.0,1902.818
7544,SUSC,2021-12-31,MATURITY,2022-03-23,893.538,0.0,893.538
7545,SUSC,2021-12-31,MATURITY,2022-03-24,959.052,0.0,959.052
7546,SUSC,2021-12-31,MATURITY,2022-03-25,3779.771,0.0,3779.771
7547,SUSC,2021-12-31,MATURITY,2022-03-28,1785.862,0.0,1785.862
7548,SUSC,2021-12-31,MATURITY,2022-03-29,965.947,0.0,965.947
7549,SUSC,2021-12-31,MATURITY,2022-03-30,1585.772,0.0,1585.772
7550,SUSC,2021-12-31,MATURITY,2022-03-31,1119.928,0.0,1119.928
7551,SUSC,2021-12-31,MATURITY,2022-04-01,29169.46,0.0,29169.46
7552,SUSC,2021-12-31,MATURITY,2022-04-04,2045.147,0.0,2045.147
7553,SUSC,2021-12-31,MATURITY,2022-04-05,1409.161,0.0,1409.161
7554,SUSC,2021-12-31,MATURITY,2022-04-06,1134.415,0.0,1134.415
7555,SUSC,2021-12-31,MATURITY,2022-04-07,21.837,0.0,21.837
7556,SUSC,2021-12-31,MATURITY,2022-04-08,99.663,0.0,99.663
7557,SUSC,2021-12-31,MATURITY,2022-04-11,7030.785,0.0,7030.785
7558,SUSC,2021-12-31,MATURITY,2022-04-12,48.475,0.0,48.475
7559,SUSC,2021-12-31,MATURITY,2022-04-13,528.953,0.0,528.953
7560,SUSC,2021-12-31,MATURITY,2022-04-14,567.633,0.0,567.633
7561,SUSC,2021-12-31,MATURITY,2022-04-15,20904.075,0.0,20904.075
7562,SUSC,2021-12-31,MATURITY,2022-04-18,2006.455,0.0,2006.455
7563,SUSC,2021-12-31,MATURITY,2022-04-19,1899.796,0.0,1899.796
7564,SUSC,2021-12-31,MATURITY,2022-04-20,489.432,0.0,489.432
7565,SUSC,2021-12-31,MATURITY,2022-04-21,1029.538,0.0,1029.538
7566,SUSC,2021-12-31,MATURITY,2022-04-22,1428.789,0.0,1428.789
7567,SUSC,2021-12-31,MATURITY,2022-04-25,6659.879,0.0,6659.879
7568,SUSC,2021-12-31,MATURITY,2022-04-26,305.444,0.0,305.444
7569,SUSC,2021-12-31,MATURITY,2022-04-27,1301.05,0.0,1301.05
7570,SUSC,2021-12-31,MATURITY,2022-04-28,819.171,0.0,819.171
7571,SUSC,2021-12-31,MATURITY,2022-04-29,2689.493,0.0,2689.493
7572,SUSC,2021-12-31,MATURITY,2022-05-02,22210.668,0.0,22210.668
7573,SUSC,2021-12-31,MATURITY,2022-05-03,3310.8,0.0,3310.8
7574,SUSC,2021-12-31,MATURITY,2022-05-04,1089.701,0.0,1089.701
7575,SUSC,2021-12-31,MATURITY,2022-05-05,108.196,0.0,108.196
7576,SUSC,2021-12-31,MATURITY,2022-05-06,1326.526,0.0,1326.526
7577,SUSC,2021-12-31,MATURITY,2022-05-09,2817.062,0.0,2817.062
7578,SUSC,2021-12-31,MATURITY,2022-05-10,164.334,0.0,164.334
7579,SUSC,2021-12-31,MATURITY,2022-05-11,973.418,0.0,973.418
7580,SUSC,2021-12-31,MATURITY,2022-05-12,399.473,0.0,399.473
7581,SUSC,2021-12-31,MATURITY,2022-05-13,1047.752,0.0,1047.752
7582,SUSC,2021-12-31,MATURITY,2022-05-16,33184.362,0.0,33184.362
7583,SUSC,2021-12-31,MATURITY,2022-05-17,813.526,0.0,813.526
7584,SUSC,2021-12-31,MATURITY,2022-05-18,2379.656,0.0,2379.656
7585,SUSC,2021-12-31,MATURITY,2022-05-19,1533.434,0.0,1533.434
7586,SUSC,2021-12-31,MATURITY,2022-05-20,1960.938,0.0,1960.938
7587,SUSC,2021-12-31,MATURITY,2022-05-23,3461.423,0.0,3461.423
7588,SUSC,2021-12-31,MATURITY,2022-05-24,1761.497,0.0,1761.497
7589,SUSC,2021-12-31,MATURITY,2022-05-25,1004.404,0.0,1004.404
7590,SUSC,2021-12-31,MATURITY,2022-05-26,492.843,0.0,492.843
7591,SUSC,2021-12-31,MATURITY,2022-05-27,146.099,0.0,146.099
7592,SUSC,2021-12-31,MATURITY,2022-05-31,4412.431,0.0,4412.431
7593,SUSC,2021-12-31,MATURITY,2022-06-01,23560.579,0.0,23560.579
7594,SUSC,2021-12-31,MATURITY,2022-06-02,906.434,0.0,906.434
7595,SUSC,2021-12-31,MATURITY,2022-06-03,1021.898,0.0,1021.898
7596,SUSC,2021-12-31,MATURITY,2022-06-06,3922.581,0.0,3922.581
7597,SUSC,2021-12-31,MATURITY,2022-06-07,641.709,0.0,641.709
7598,SUSC,2021-12-31,MATURITY,2022-06-08,136.651,0.0,136.651
7599,SUSC,2021-12-31,MATURITY,2022-06-09,610.776,0.0,610.776
7600,SUSC,2021-12-31,MATURITY,2022-06-10,1199.755,0.0,1199.755
7601,SUSC,2021-12-31,MATURITY,2022-06-13,978.66,0.0,978.66
7602,SUSC,2021-12-31,MATURITY,2022-06-14,710.181,0.0,710.181
7603,SUSC,2021-12-31,MATURITY,2022-06-15,30846.813,0.0,30846.813
7604,SUSC,2021-12-31,MATURITY,2022-06-16,1809.533,0.0,1809.533
7605,SUSC,2021-12-31,MATURITY,2022-06-17,361.22,0.0,361.22
7606,SUSC,2021-12-31,MATURITY,2022-06-21,2394.603,0.0,2394.603
7607,SUSC,2021-12-31,MATURITY,2022-06-22,161.737,0.0,161.737
7608,SUSC,2021-12-31,MATURITY,2022-06-23,270.971,0.0,270.971
7609,SUSC,2021-12-31,MATURITY,2022-06-24,116.378,0.0,116.378
7610,SUSC,2021-12-31,MATURITY,2022-06-27,278.01,0.0,278.01
7611,SUSC,2021-12-31,MATURITY,2022-06-28,94.88,0.0,94.88
7612,SUSC,2021-12-31,MATURITY,2022-06-29,120.762,0.0,120.762
7613,SUSC,2021-12-31,MATURITY,2022-06-30,1902.032,0.0,1902.032
7614,SUSC,2021-12-31,MATURITY,2022-07-01,2324.778,0.0,2324.778
7615,SUSC,2021-12-31,MATURITY,2022-07-05,854.748,0.0,854.748
7616,SUSC,2021-12-31,MATURITY,2022-07-06,299.232,0.0,299.232
7617,SUSC,2021-12-31,MATURITY,2022-07-08,836.92,0.0,836.92
7618,SUSC,2021-12-31,MATURITY,2022-07-11,2142.716,0.0,2142.716
7619,SUSC,2021-12-31,MATURITY,2022-07-12,6276.555,0.0,6276.555
7620,SUSC,2021-12-31,MATURITY,2022-07-13,1288.517,0.0,1288.517
7621,SUSC,2021-12-31,MATURITY,2022-07-14,464.416,0.0,464.416
7622,SUSC,2021-12-31,MATURITY,2022-07-15,22037.141,0.0,22037.141
7623,SUSC,2021-12-31,MATURITY,2022-07-18,2278.105,0.0,2278.105
7624,SUSC,2021-12-31,MATURITY,2022-07-19,1702.578,0.0,1702.578
7625,SUSC,2021-12-31,MATURITY,2022-07-20,1497.413,0.0,1497.413
7626,SUSC,2021-12-31,MATURITY,2022-07-21,1117.563,0.0,1117.563
7627,SUSC,2021-12-31,MATURITY,2022-07-22,1477.751,0.0,1477.751
7628,SUSC,2021-12-31,MATURITY,2022-07-25,6756.691,0.0,6756.691
7629,SUSC,2021-12-31,MATURITY,2022-07-26,349.357,0.0,349.357
7630,SUSC,2021-12-31,MATURITY,2022-07-27,2133.522,0.0,2133.522
7631,SUSC,2021-12-31,MATURITY,2022-07-28,378.407,0.0,378.407
7632,SUSC,2021-12-31,MATURITY,2022-07-29,1775.857,0.0,1775.857
7633,SUSC,2021-12-31,MATURITY,2022-08-01,18452.94,0.0,18452.94
7634,SUSC,2021-12-31,MATURITY,2022-08-02,206.768,0.0,206.768
7635,SUSC,2021-12-31,MATURITY,2022-08-03,1797.929,0.0,1797.929
7636,SUSC,2021-12-31,MATURITY,2022-08-04,1076.059,0.0,1076.059
7637,SUSC,2021-12-31,MATURITY,2022-08-05,921.354,0.0,921.354
7638,SUSC,2021-12-31,MATURITY,2022-08-08,11035.604,0.0,11035.604
7639,SUSC,2021-12-31,MATURITY,2022-08-09,671.807,0.0,671.807
7640,SUSC,2021-12-31,MATURITY,2022-08-10,1343.117,0.0,1343.117
7641,SUSC,2021-12-31,MATURITY,2022-08-11,2295.151,0.0,2295.151
7642,SUSC,2021-12-31,MATURITY,2022-08-12,2169.8,0.0,2169.8
7643,SUSC,2021-12-31,MATURITY,2022-08-15,21853.089,0.0,21853.089
7644,SUSC,2021-12-31,MATURITY,2022-08-16,1247.462,0.0,1247.462
7645,SUSC,2021-12-31,MATURITY,2022-08-17,1259.134,0.0,1259.134
7646,SUSC,2021-12-31,MATURITY,2022-08-18,1307.452,0.0,1307.452
7647,SUSC,2021-12-31,MATURITY,2022-08-19,983.925,0.0,983.925
7648,SUSC,2021-12-31,MATURITY,2022-08-22,3656.157,0.0,3656.157
7649,SUSC,2021-12-31,MATURITY,2022-08-23,937.47,0.0,937.47
7650,SUSC,2021-12-31,MATURITY,2022-08-24,618.506,0.0,618.506
7651,SUSC,2021-12-31,MATURITY,2022-08-25,603.005,0.0,603.005
7652,SUSC,2021-12-31,MATURITY,2022-08-26,758.426,0.0,758.426
7653,SUSC,2021-12-31,MATURITY,2022-08-29,2558.976,0.0,2558.976
7654,SUSC,2021-12-31,MATURITY,2022-09-01,19700.672,0.0,19700.672
7655,SUSC,2021-12-31,MATURITY,2022-09-02,286.136,0.0,286.136
7656,SUSC,2021-12-31,MATURITY,2022-09-06,2454.551,0.0,2454.551
7657,SUSC,2021-12-31,MATURITY,2022-09-07,765.641,0.0,765.641
7658,SUSC,2021-12-31,MATURITY,2022-09-08,1007.89,0.0,1007.89
7659,SUSC,2021-12-31,MATURITY,2022-09-09,696.667,0.0,696.667
7660,SUSC,2021-12-31,MATURITY,2022-09-12,2546.424,0.0,2546.424
7661,SUSC,2021-12-31,MATURITY,2022-09-13,1939.697,0.0,1939.697
7662,SUSC,2021-12-31,MATURITY,2022-09-14,1519.507,0.0,1519.507
7663,SUSC,2021-12-31,MATURITY,2022-09-15,35514.493,0.0,35514.493
7664,SUSC,2021-12-31,MATURITY,2022-09-16,4457.34,0.0,4457.34
7665,SUSC,2021-12-31,MATURITY,2022-09-19,7187.405,0.0,7187.405
7666,SUSC,2021-12-31,MATURITY,2022-09-20,1479.83,0.0,1479.83
7667,SUSC,2021-12-31,MATURITY,2022-09-21,1454.461,0.0,1454.461
7668,SUSC,2021-12-31,MATURITY,2022-09-22,1902.818,0.0,1902.818
7669,SUSC,2021-12-31,MATURITY,2022-09-23,893.538,0.0,893.538
7670,SUSC,2021-12-31,MATURITY,2022-09-26,5622.462,0.0,5622.462
7671,SUSC,2021-12-31,MATURITY,2022-09-27,792.388,0.0,792.388
7672,SUSC,2021-12-31,MATURITY,2022-09-28,109.834,0.0,109.834
7673,SUSC,2021-12-31,MATURITY,2022-09-29,965.947,0.0,965.947
7674,SUSC,2021-12-31,MATURITY,2022-09-30,2705.7,0.0,2705.7
7675,SUSC,2021-12-31,MATURITY,2022-10-03,31264.386,0.0,31264.386
7676,SUSC,2021-12-31,MATURITY,2022-10-04,26.205,0.0,26.205
7677,SUSC,2021-12-31,MATURITY,2022-10-05,1409.161,0.0,1409.161
7678,SUSC,2021-12-31,MATURITY,2022-10-06,1134.415,0.0,1134.415
7679,SUSC,2021-12-31,MATURITY,2022-10-07,21.837,0.0,21.837
7680,SUSC,2021-12-31,MATURITY,2022-10-11,7130.448,0.0,7130.448
7681,SUSC,2021-12-31,MATURITY,2022-10-12,48.475,0.0,48.475
7682,SUSC,2021-12-31,MATURITY,2022-10-13,528.953,0.0,528.953
7683,SUSC,2021-12-31,MATURITY,2022-10-14,567.633,0.0,567.633
7684,SUSC,2021-12-31,MATURITY,2022-10-17,24586.964,0.0,24586.964
7685,SUSC,2021-12-31,MATURITY,2022-10-18,112.929,0.0,112.929
7686,SUSC,2021-12-31,MATURITY,2022-10-19,90.02,0.0,90.02
7687,SUSC,2021-12-31,MATURITY,2022-10-20,489.075,0.0,489.075
7688,SUSC,2021-12-31,MATURITY,2022-10-21,1029.538,0.0,1029.538
7689,SUSC,2021-12-31,MATURITY,2022-10-24,6974.665,0.0,6974.665
7690,SUSC,2021-12-31,MATURITY,2022-10-25,1114.002,0.0,1114.002
7691,SUSC,2021-12-31,MATURITY,2022-10-26,305.444,0.0,305.444
7692,SUSC,2021-12-31,MATURITY,2022-10-27,1301.05,0.0,1301.05
7693,SUSC,2021-12-31,MATURITY,2022-10-28,819.171,0.0,819.171
7694,SUSC,2021-12-31,MATURITY,2022-10-31,6172.03,0.0,6172.03
7695,SUSC,2021-12-31,MATURITY,2022-11-01,18142.969,0.0,18142.969
7696,SUSC,2021-12-31,MATURITY,2022-11-02,1068.381,0.0,1068.381
7697,SUSC,2021-12-31,MATURITY,2022-11-03,2821.136,0.0,2821.136
7698,SUSC,2021-12-31,MATURITY,2022-11-04,1089.701,0.0,1089.701
7699,SUSC,2021-12-31,MATURITY,2022-11-07,3037.27,0.0,3037.27
7700,SUSC,2021-12-31,MATURITY,2022-11-08,955.957,0.0,955.957
7701,SUSC,2021-12-31,MATURITY,2022-11-09,258.557,0.0,258.557
7702,SUSC,2021-12-31,MATURITY,2022-11-10,164.334,0.0,164.334
7703,SUSC,2021-12-31,MATURITY,2022-11-14,4733.407,0.0,4733.407
7704,SUSC,2021-12-31,MATURITY,2022-11-15,28226.782,0.0,28226.782
7705,SUSC,2021-12-31,MATURITY,2022-11-16,2642.29,0.0,2642.29
7706,SUSC,2021-12-31,MATURITY,2022-11-17,813.526,0.0,813.526
7707,SUSC,2021-12-31,MATURITY,2022-11-18,2379.656,0.0,2379.656
7708,SUSC,2021-12-31,MATURITY,2022-11-21,4626.725,0.0,4626.725
7709,SUSC,2021-12-31,MATURITY,2022-11-22,1602.0,0.0,1602.0
7710,SUSC,2021-12-31,MATURITY,2022-11-23,727.07,0.0,727.07
7711,SUSC,2021-12-31,MATURITY,2022-11-25,2765.901,0.0,2765.901
7712,SUSC,2021-12-31,MATURITY,2022-11-28,1426.137,0.0,1426.137
7713,SUSC,2021-12-31,MATURITY,2022-11-29,329.197,0.0,329.197
7714,SUSC,2021-12-31,MATURITY,2022-11-30,3296.039,0.0,3296.039
7715,SUSC,2021-12-31,MATURITY,2022-12-01,23551.918,0.0,23551.918
7716,SUSC,2021-12-31,MATURITY,2022-12-02,906.434,0.0,906.434
7717,SUSC,2021-12-31,MATURITY,2022-12-05,3638.282,0.0,3638.282
7718,SUSC,2021-12-31,MATURITY,2022-12-06,1298.5,0.0,1298.5
7719,SUSC,2021-12-31,MATURITY,2022-12-07,641.709,0.0,641.709
7720,SUSC,2021-12-31,MATURITY,2022-12-08,136.651,0.0,136.651
7721,SUSC,2021-12-31,MATURITY,2022-12-09,610.776,0.0,610.776
7722,SUSC,2021-12-31,MATURITY,2022-12-12,2159.589,0.0,2159.589
7723,SUSC,2021-12-31,MATURITY,2022-12-13,18.825,0.0,18.825
7724,SUSC,2021-12-31,MATURITY,2022-12-14,710.181,0.0,710.181
7725,SUSC,2021-12-31,MATURITY,2022-12-15,30830.047,0.0,30830.047
7726,SUSC,2021-12-31,MATURITY,2022-12-16,1809.533,0.0,1809.533
7727,SUSC,2021-12-31,MATURITY,2022-12-19,1480.736,0.0,1480.736
7728,SUSC,2021-12-31,MATURITY,2022-12-20,1056.698,0.0,1056.698
7729,SUSC,2021-12-31,MATURITY,2022-12-21,218.389,0.0,218.389
7730,SUSC,2021-12-31,MATURITY,2022-12-22,159.804,0.0,159.804
7731,SUSC,2021-12-31,MATURITY,2022-12-23,270.971,0.0,270.971
7732,SUSC,2021-12-31,MATURITY,2022-12-27,296.017,0.0,296.017
7733,SUSC,2021-12-31,MATURITY,2022-12-28,193.251,0.0,193.251
7734,SUSC,2021-12-31,MATURITY,2022-12-29,120.762,0.0,120.762
7735,SUSC,2021-12-31,MATURITY,2022-12-30,965.044,0.0,965.044
7736,SUSC,2021-12-31,MATURITY,2023-01-03,4039.179,0.0,4039.179
7737,SUSC,2021-12-31,MATURITY,2023-01-06,299.232,0.0,299.232
7738,SUSC,2021-12-31,MATURITY,2023-01-09,1145.192,0.0,1145.192
7739,SUSC,2021-12-31,MATURITY,2023-01-10,1705.795,0.0,1705.795
7740,SUSC,2021-12-31,MATURITY,2023-01-11,128.65,0.0,128.65
7741,SUSC,2021-12-31,MATURITY,2023-01-12,6276.555,0.0,6276.555
7742,SUSC,2021-12-31,MATURITY,2023-01-13,1288.517,0.0,1288.517
7743,SUSC,2021-12-31,MATURITY,2023-01-17,24840.337,0.0,24840.337
7744,SUSC,2021-12-31,MATURITY,2023-01-18,934.174,0.0,934.174
7745,SUSC,2021-12-31,MATURITY,2023-01-19,650.172,0.0,650.172
7746,SUSC,2021-12-31,MATURITY,2023-01-20,1497.413,0.0,1497.413
7747,SUSC,2021-12-31,MATURITY,2023-01-23,6272.041,0.0,6272.041
7748,SUSC,2021-12-31,MATURITY,2023-01-24,1657.648,0.0,1657.648
7749,SUSC,2021-12-31,MATURITY,2023-01-25,1422.315,20873.494,22295.809
7750,SUSC,2021-12-31,MATURITY,2023-01-26,349.357,0.0,349.357
7751,SUSC,2021-12-31,MATURITY,2023-01-27,2133.522,0.0,2133.522
7752,SUSC,2021-12-31,MATURITY,2023-01-30,4419.43,10602.41,15021.84
7753,SUSC,2021-12-31,MATURITY,2023-01-31,730.979,7379.518,8110.497
7754,SUSC,2021-12-31,MATURITY,2023-02-01,15435.158,59216.867,74652.026
7755,SUSC,2021-12-31,MATURITY,2023-02-02,206.768,0.0,206.768
7756,SUSC,2021-12-31,MATURITY,2023-02-03,1797.929,0.0,1797.929
7757,SUSC,2021-12-31,MATURITY,2023-02-06,3876.022,0.0,3876.022
7758,SUSC,2021-12-31,MATURITY,2023-02-07,1693.795,0.0,1693.795
7759,SUSC,2021-12-31,MATURITY,2023-02-08,7463.2,0.0,7463.2
7760,SUSC,2021-12-31,MATURITY,2023-02-09,671.807,0.0,671.807
7761,SUSC,2021-12-31,MATURITY,2023-02-10,1343.117,0.0,1343.117
7762,SUSC,2021-12-31,MATURITY,2023-02-13,4915.58,0.0,4915.58
7763,SUSC,2021-12-31,MATURITY,2023-02-14,1387.711,31837.349,33225.06
7764,SUSC,2021-12-31,MATURITY,2023-02-15,20000.629,6927.711,26928.34
7765,SUSC,2021-12-31,MATURITY,2023-02-16,1247.462,0.0,1247.462
7766,SUSC,2021-12-31,MATURITY,2023-02-17,1259.134,0.0,1259.134
7767,SUSC,2021-12-31,MATURITY,2023-02-21,4564.906,60.241,4625.147
7768,SUSC,2021-12-31,MATURITY,2023-02-22,1382.627,0.0,1382.627
7769,SUSC,2021-12-31,MATURITY,2023-02-23,937.47,0.0,937.47
7770,SUSC,2021-12-31,MATURITY,2023-02-24,618.506,0.0,618.506
7771,SUSC,2021-12-31,MATURITY,2023-02-27,3530.618,31415.663,34946.28
7772,SUSC,2021-12-31,MATURITY,2023-02-28,389.789,0.0,389.789
7773,SUSC,2021-12-31,MATURITY,2023-03-01,19700.672,10150.602,29851.275
7774,SUSC,2021-12-31,MATURITY,2023-03-02,286.136,0.0,286.136
7775,SUSC,2021-12-31,MATURITY,2023-03-03,738.784,8945.783,9684.567
7776,SUSC,2021-12-31,MATURITY,2023-03-06,1715.767,0.0,1715.767
7777,SUSC,2021-12-31,MATURITY,2023-03-07,765.641,0.0,765.641
7778,SUSC,2021-12-31,MATURITY,2023-03-08,1007.89,0.0,1007.89
7779,SUSC,2021-12-31,MATURITY,2023-03-09,693.714,0.0,693.714
7780,SUSC,2021-12-31,MATURITY,2023-03-10,701.405,0.0,701.405
7781,SUSC,2021-12-31,MATURITY,2023-03-13,3784.098,0.0,3784.098
7782,SUSC,2021-12-31,MATURITY,2023-03-14,1519.507,5271.084,6790.591
7783,SUSC,2021-12-31,MATURITY,2023-03-15,35472.0,16355.422,51827.422
7784,SUSC,2021-12-31,MATURITY,2023-03-16,4457.34,147228.916,151686.256
7785,SUSC,2021-12-31,MATURITY,2023-03-17,1435.468,0.0,1435.468
7786,SUSC,2021-12-31,MATURITY,2023-03-20,7231.767,0.0,7231.767
7787,SUSC,2021-12-31,MATURITY,2023-03-21,1454.461,0.0,1454.461
7788,SUSC,2021-12-31,MATURITY,2023-03-22,1902.818,3012.048,4914.866
7789,SUSC,2021-12-31,MATURITY,2023-03-23,893.538,0.0,893.538
7790,SUSC,2021-12-31,MATURITY,2023-03-24,959.052,0.0,959.052
7791,SUSC,2021-12-31,MATURITY,2023-03-27,5455.799,0.0,5455.799
7792,SUSC,2021-12-31,MATURITY,2023-03-28,109.834,0.0,109.834
7793,SUSC,2021-12-31,MATURITY,2023-03-29,965.947,0.0,965.947
7794,SUSC,2021-12-31,MATURITY,2023-03-30,1585.772,0.0,1585.772
7795,SUSC,2021-12-31,MATURITY,2023-03-31,1119.928,0.0,1119.928
7796,SUSC,2021-12-31,MATURITY,2023-04-03,31264.386,16234.94,47499.325
7797,SUSC,2021-12-31,MATURITY,2023-04-04,26.205,0.0,26.205
7798,SUSC,2021-12-31,MATURITY,2023-04-05,1409.161,0.0,1409.161
7799,SUSC,2021-12-31,MATURITY,2023-04-06,1134.415,0.0,1134.415
7800,SUSC,2021-12-31,MATURITY,2023-04-07,21.837,0.0,21.837
7801,SUSC,2021-12-31,MATURITY,2023-04-10,5058.82,0.0,5058.82
7802,SUSC,2021-12-31,MATURITY,2023-04-11,2071.629,54246.988,56318.617
7803,SUSC,2021-12-31,MATURITY,2023-04-12,48.475,753.012,801.487
7804,SUSC,2021-12-31,MATURITY,2023-04-13,528.953,0.0,528.953
7805,SUSC,2021-12-31,MATURITY,2023-04-14,567.633,0.0,567.633
7806,SUSC,2021-12-31,MATURITY,2023-04-17,24586.964,5903.614,30490.579
7807,SUSC,2021-12-31,MATURITY,2023-04-18,112.929,0.0,112.929
7808,SUSC,2021-12-31,MATURITY,2023-04-19,90.02,0.0,90.02
7809,SUSC,2021-12-31,MATURITY,2023-04-20,489.075,0.0,489.075
7810,SUSC,2021-12-31,MATURITY,2023-04-21,1029.538,0.0,1029.538
7811,SUSC,2021-12-31,MATURITY,2023-04-24,6974.665,0.0,6974.665
7812,SUSC,2021-12-31,MATURITY,2023-04-25,1114.002,0.0,1114.002
7813,SUSC,2021-12-31,MATURITY,2023-04-26,305.444,0.0,305.444
7814,SUSC,2021-12-31,MATURITY,2023-04-27,1301.05,0.0,1301.05
7815,SUSC,2021-12-31,MATURITY,2023-04-28,819.171,6987.952,7807.123
7816,SUSC,2021-12-31,MATURITY,2023-05-01,22651.152,25753.012,48404.164
7817,SUSC,2021-12-31,MATURITY,2023-05-02,2732.228,95903.614,98635.843
7818,SUSC,2021-12-31,MATURITY,2023-05-03,2821.136,0.0,2821.136
7819,SUSC,2021-12-31,MATURITY,2023-05-04,1089.701,0.0,1089.701
7820,SUSC,2021-12-31,MATURITY,2023-05-05,108.196,0.0,108.196
7821,SUSC,2021-12-31,MATURITY,2023-05-08,3885.031,0.0,3885.031
7822,SUSC,2021-12-31,MATURITY,2023-05-09,258.557,0.0,258.557
7823,SUSC,2021-12-31,MATURITY,2023-05-10,164.334,0.0,164.334
7824,SUSC,2021-12-31,MATURITY,2023-05-11,973.418,0.0,973.418
7825,SUSC,2021-12-31,MATURITY,2023-05-12,399.473,0.0,399.473
7826,SUSC,2021-12-31,MATURITY,2023-05-15,31587.298,5030.12,36617.418
7827,SUSC,2021-12-31,MATURITY,2023-05-16,2642.29,0.0,2642.29
7828,SUSC,2021-12-31,MATURITY,2023-05-17,813.526,0.0,813.526
7829,SUSC,2021-12-31,MATURITY,2023-05-18,2379.656,0.0,2379.656
7830,SUSC,2021-12-31,MATURITY,2023-05-19,1533.434,0.0,1533.434
7831,SUSC,2021-12-31,MATURITY,2023-05-22,4695.291,3162.651,7857.942
7832,SUSC,2021-12-31,MATURITY,2023-05-23,727.07,0.0,727.07
7833,SUSC,2021-12-31,MATURITY,2023-05-24,1761.497,0.0,1761.497
7834,SUSC,2021-12-31,MATURITY,2023-05-25,1004.404,4487.952,5492.356
7835,SUSC,2021-12-31,MATURITY,2023-05-26,492.843,0.0,492.843
7836,SUSC,2021-12-31,MATURITY,2023-05-30,4063.041,0.0,4063.041
7837,SUSC,2021-12-31,MATURITY,2023-05-31,495.489,0.0,495.489
7838,SUSC,2021-12-31,MATURITY,2023-06-01,23551.918,7861.446,31413.364
7839,SUSC,2021-12-31,MATURITY,2023-06-02,906.434,0.0,906.434
7840,SUSC,2021-12-31,MATURITY,2023-06-05,3638.282,0.0,3638.282
7841,SUSC,2021-12-31,MATURITY,2023-06-06,1298.5,0.0,1298.5
7842,SUSC,2021-12-31,MATURITY,2023-06-07,641.709,0.0,641.709
7843,SUSC,2021-12-31,MATURITY,2023-06-08,136.651,0.0,136.651
7844,SUSC,2021-12-31,MATURITY,2023-06-09,670.532,8734.94,9405.472
7845,SUSC,2021-12-31,MATURITY,2023-06-12,2099.498,1536.145,3635.643
7846,SUSC,2021-12-31,MATURITY,2023-06-13,18.825,0.0,18.825
7847,SUSC,2021-12-31,MATURITY,2023-06-14,710.181,0.0,710.181
7848,SUSC,2021-12-31,MATURITY,2023-06-15,30830.047,227168.675,257998.721
7849,SUSC,2021-12-31,MATURITY,2023-06-16,1809.533,0.0,1809.533
7850,SUSC,2021-12-31,MATURITY,2023-06-19,1480.736,0.0,1480.736
7851,SUSC,2021-12-31,MATURITY,2023-06-20,1056.698,0.0,1056.698
7852,SUSC,2021-12-31,MATURITY,2023-06-21,218.389,0.0,218.389
7853,SUSC,2021-12-31,MATURITY,2023-06-22,159.804,0.0,159.804
7854,SUSC,2021-12-31,MATURITY,2023-06-23,270.971,0.0,270.971
7855,SUSC,2021-12-31,MATURITY,2023-06-26,321.198,0.0,321.198
7856,SUSC,2021-12-31,MATURITY,2023-06-27,73.19,0.0,73.19
7857,SUSC,2021-12-31,MATURITY,2023-06-28,94.88,0.0,94.88
7858,SUSC,2021-12-31,MATURITY,2023-06-29,120.762,0.0,120.762
7859,SUSC,2021-12-31,MATURITY,2023-06-30,1824.698,0.0,1824.698
7860,SUSC,2021-12-31,MATURITY,2023-07-03,3179.526,3012.048,6191.574
7861,SUSC,2021-12-31,MATURITY,2023-07-06,299.232,0.0,299.232
7862,SUSC,2021-12-31,MATURITY,2023-07-10,2850.986,0.0,2850.986
7863,SUSC,2021-12-31,MATURITY,2023-07-11,128.65,0.0,128.65
7864,SUSC,2021-12-31,MATURITY,2023-07-12,6276.555,0.0,6276.555
7865,SUSC,2021-12-31,MATURITY,2023-07-13,1288.517,0.0,1288.517
7866,SUSC,2021-12-31,MATURITY,2023-07-14,464.416,0.0,464.416
7867,SUSC,2021-12-31,MATURITY,2023-07-17,23415.628,35271.084,58686.712
7868,SUSC,2021-12-31,MATURITY,2023-07-18,1894.467,0.0,1894.467
7869,SUSC,2021-12-31,MATURITY,2023-07-19,650.172,35421.687,36071.859
7870,SUSC,2021-12-31,MATURITY,2023-07-20,1497.413,0.0,1497.413
7871,SUSC,2021-12-31,MATURITY,2023-07-21,1117.563,0.0,1117.563
7872,SUSC,2021-12-31,MATURITY,2023-07-24,6812.126,0.0,6812.126
7873,SUSC,2021-12-31,MATURITY,2023-07-25,1140.523,0.0,1140.523
7874,SUSC,2021-12-31,MATURITY,2023-07-26,349.357,0.0,349.357
7875,SUSC,2021-12-31,MATURITY,2023-07-27,2133.522,0.0,2133.522
7876,SUSC,2021-12-31,MATURITY,2023-07-28,378.407,0.0,378.407
7877,SUSC,2021-12-31,MATURITY,2023-07-31,4486.475,15632.53,20119.005
7878,SUSC,2021-12-31,MATURITY,2023-08-01,14637.718,10000.0,24637.718
7879,SUSC,2021-12-31,MATURITY,2023-08-02,206.768,0.0,206.768
7880,SUSC,2021-12-31,MATURITY,2023-08-03,1797.929,19006.024,20803.953
7881,SUSC,2021-12-31,MATURITY,2023-08-04,1076.059,0.0,1076.059
7882,SUSC,2021-12-31,MATURITY,2023-08-07,4493.758,0.0,4493.758
7883,SUSC,2021-12-31,MATURITY,2023-08-08,7463.2,42740.964,50204.164
7884,SUSC,2021-12-31,MATURITY,2023-08-09,671.807,0.0,671.807
7885,SUSC,2021-12-31,MATURITY,2023-08-10,1343.117,0.0,1343.117
7886,SUSC,2021-12-31,MATURITY,2023-08-11,2295.151,17138.554,19433.705
7887,SUSC,2021-12-31,MATURITY,2023-08-14,3729.564,0.0,3729.564
7888,SUSC,2021-12-31,MATURITY,2023-08-15,19827.318,41144.578,60971.897
7889,SUSC,2021-12-31,MATURITY,2023-08-16,1247.462,17680.723,18928.184
7890,SUSC,2021-12-31,MATURITY,2023-08-17,1259.134,17168.675,18427.809
7891,SUSC,2021-12-31,MATURITY,2023-08-18,1307.452,0.0,1307.452
7892,SUSC,2021-12-31,MATURITY,2023-08-21,3256.566,5271.084,8527.65
7893,SUSC,2021-12-31,MATURITY,2023-08-22,1382.627,0.0,1382.627
7894,SUSC,2021-12-31,MATURITY,2023-08-23,937.47,0.0,937.47
7895,SUSC,2021-12-31,MATURITY,2023-08-24,618.506,0.0,618.506
7896,SUSC,2021-12-31,MATURITY,2023-08-25,542.575,0.0,542.575
7897,SUSC,2021-12-31,MATURITY,2023-08-28,2660.286,0.0,2660.286
7898,SUSC,2021-12-31,MATURITY,2023-08-29,147.605,0.0,147.605
7899,SUSC,2021-12-31,MATURITY,2023-09-01,19557.653,11957.831,31515.484
7900,SUSC,2021-12-31,MATURITY,2023-09-05,2084.627,0.0,2084.627
7901,SUSC,2021-12-31,MATURITY,2023-09-06,510.69,0.0,510.69
7902,SUSC,2021-12-31,MATURITY,2023-09-07,765.641,0.0,765.641
7903,SUSC,2021-12-31,MATURITY,2023-09-08,1007.89,0.0,1007.89
7904,SUSC,2021-12-31,MATURITY,2023-09-11,2371.794,0.0,2371.794
7905,SUSC,2021-12-31,MATURITY,2023-09-12,870.404,8493.976,9364.38
7906,SUSC,2021-12-31,MATURITY,2023-09-13,1939.697,40150.602,42090.299
7907,SUSC,2021-12-31,MATURITY,2023-09-14,1432.534,0.0,1432.534
7908,SUSC,2021-12-31,MATURITY,2023-09-15,35276.27,15512.048,50788.318
7909,SUSC,2021-12-31,MATURITY,2023-09-18,7009.253,280512.048,287521.301
7910,SUSC,2021-12-31,MATURITY,2023-09-19,2162.665,0.0,2162.665
7911,SUSC,2021-12-31,MATURITY,2023-09-20,1376.151,13132.53,14508.681
7912,SUSC,2021-12-31,MATURITY,2023-09-21,1454.461,12831.325,14285.786
7913,SUSC,2021-12-31,MATURITY,2023-09-22,1855.755,0.0,1855.755
7914,SUSC,2021-12-31,MATURITY,2023-09-25,5632.361,12168.675,17801.036
7915,SUSC,2021-12-31,MATURITY,2023-09-26,883.639,0.0,883.639
7916,SUSC,2021-12-31,MATURITY,2023-09-27,792.388,0.0,792.388
7917,SUSC,2021-12-31,MATURITY,2023-09-28,109.834,0.0,109.834
7918,SUSC,2021-12-31,MATURITY,2023-09-29,965.947,0.0,965.947
7919,SUSC,2021-12-31,MATURITY,2023-10-02,33322.883,24698.795,58021.678
7920,SUSC,2021-12-31,MATURITY,2023-10-03,461.578,0.0,461.578
7921,SUSC,2021-12-31,MATURITY,2023-10-04,26.205,1204.819,1231.024
7922,SUSC,2021-12-31,MATURITY,2023-10-05,1409.161,25331.325,26740.486
7923,SUSC,2021-12-31,MATURITY,2023-10-06,1134.415,0.0,1134.415
7924,SUSC,2021-12-31,MATURITY,2023-10-10,5080.657,0.0,5080.657
7925,SUSC,2021-12-31,MATURITY,2023-10-11,1190.115,0.0,1190.115
7926,SUSC,2021-12-31,MATURITY,2023-10-12,37.651,0.0,37.651
7927,SUSC,2021-12-31,MATURITY,2023-10-13,528.953,0.0,528.953
7928,SUSC,2021-12-31,MATURITY,2023-10-16,23637.211,0.0,23637.211
7929,SUSC,2021-12-31,MATURITY,2023-10-17,1384.556,36927.711,38312.267
7930,SUSC,2021-12-31,MATURITY,2023-10-18,112.929,0.0,112.929
7931,SUSC,2021-12-31,MATURITY,2023-10-19,90.02,0.0,90.02
7932,SUSC,2021-12-31,MATURITY,2023-10-20,489.075,0.0,489.075
7933,SUSC,2021-12-31,MATURITY,2023-10-23,5282.056,0.0,5282.056
7934,SUSC,2021-12-31,MATURITY,2023-10-24,2636.553,0.0,2636.553
7935,SUSC,2021-12-31,MATURITY,2023-10-25,1114.002,451.807,1565.809
7936,SUSC,2021-12-31,MATURITY,2023-10-26,305.444,0.0,305.444
7937,SUSC,2021-12-31,MATURITY,2023-10-27,1301.05,0.0,1301.05
7938,SUSC,2021-12-31,MATURITY,2023-10-30,5212.133,4518.072,9730.205
7939,SUSC,2021-12-31,MATURITY,2023-10-31,398.044,0.0,398.044
7940,SUSC,2021-12-31,MATURITY,2023-11-01,17780.062,7198.795,24978.857
7941,SUSC,2021-12-31,MATURITY,2023-11-02,1068.381,0.0,1068.381
7942,SUSC,2021-12-31,MATURITY,2023-11-03,2821.136,0.0,2821.136
7943,SUSC,2021-12-31,MATURITY,2023-11-06,2524.423,0.0,2524.423
7944,SUSC,2021-12-31,MATURITY,2023-11-07,1602.547,0.0,1602.547
7945,SUSC,2021-12-31,MATURITY,2023-11-08,955.957,0.0,955.957
7946,SUSC,2021-12-31,MATURITY,2023-11-09,258.557,0.0,258.557
7947,SUSC,2021-12-31,MATURITY,2023-11-10,164.334,0.0,164.334
7948,SUSC,2021-12-31,MATURITY,2023-11-13,2420.644,0.0,2420.644
7949,SUSC,2021-12-31,MATURITY,2023-11-14,2312.764,0.0,2312.764
7950,SUSC,2021-12-31,MATURITY,2023-11-15,28131.729,18403.614,46535.344
7951,SUSC,2021-12-31,MATURITY,2023-11-16,2504.481,0.0,2504.481
7952,SUSC,2021-12-31,MATURITY,2023-11-17,813.526,0.0,813.526
7953,SUSC,2021-12-31,MATURITY,2023-11-20,5874.027,50662.651,56536.678
7954,SUSC,2021-12-31,MATURITY,2023-11-21,1132.353,0.0,1132.353
7955,SUSC,2021-12-31,MATURITY,2023-11-22,1537.166,0.0,1537.166
7956,SUSC,2021-12-31,MATURITY,2023-11-24,2488.567,6054.217,8542.783
7957,SUSC,2021-12-31,MATURITY,2023-11-27,1552.309,1716.867,3269.176
7958,SUSC,2021-12-31,MATURITY,2023-11-28,787.194,0.0,787.194
7959,SUSC,2021-12-31,MATURITY,2023-11-29,329.197,0.0,329.197
7960,SUSC,2021-12-31,MATURITY,2023-11-30,3296.039,0.0,3296.039
7961,SUSC,2021-12-31,MATURITY,2023-12-01,23455.463,94397.59,117853.054
7962,SUSC,2021-12-31,MATURITY,2023-12-04,3279.34,9548.193,12827.532
7963,SUSC,2021-12-31,MATURITY,2023-12-05,1265.377,0.0,1265.377
7964,SUSC,2021-12-31,MATURITY,2023-12-06,1298.5,3403.614,4702.115
7965,SUSC,2021-12-31,MATURITY,2023-12-07,641.709,6566.265,7207.974
7966,SUSC,2021-12-31,MATURITY,2023-12-08,136.651,0.0,136.651
7967,SUSC,2021-12-31,MATURITY,2023-12-11,2168.572,0.0,2168.572
7968,SUSC,2021-12-31,MATURITY,2023-12-12,379.3,0.0,379.3
7969,SUSC,2021-12-31,MATURITY,2023-12-13,18.825,0.0,18.825
7970,SUSC,2021-12-31,MATURITY,2023-12-14,710.181,0.0,710.181
7971,SUSC,2021-12-31,MATURITY,2023-12-15,26011.413,30903.614,56915.028
7972,SUSC,2021-12-31,MATURITY,2023-12-18,2423.547,0.0,2423.547
7973,SUSC,2021-12-31,MATURITY,2023-12-19,866.722,11174.699,12041.421
7974,SUSC,2021-12-31,MATURITY,2023-12-20,1056.698,0.0,1056.698
7975,SUSC,2021-12-31,MATURITY,2023-12-21,218.389,0.0,218.389
7976,SUSC,2021-12-31,MATURITY,2023-12-22,159.804,0.0,159.804
7977,SUSC,2021-12-31,MATURITY,2023-12-26,566.988,0.0,566.988
7978,SUSC,2021-12-31,MATURITY,2023-12-27,82.992,0.0,82.992
7979,SUSC,2021-12-31,MATURITY,2023-12-28,94.88,0.0,94.88
7980,SUSC,2021-12-31,MATURITY,2023-12-29,120.762,0.0,120.762
7981,SUSC,2021-12-31,MATURITY,2024-01-02,4948.52,0.0,4948.52
7982,SUSC,2021-12-31,MATURITY,2024-01-08,1136.152,0.0,1136.152
7983,SUSC,2021-12-31,MATURITY,2024-01-09,557.688,0.0,557.688
7984,SUSC,2021-12-31,MATURITY,2024-01-10,1456.378,3584.337,5040.716
7985,SUSC,2021-12-31,MATURITY,2024-01-11,128.65,0.0,128.65
7986,SUSC,2021-12-31,MATURITY,2024-01-12,6276.555,218674.699,224951.254
7987,SUSC,2021-12-31,MATURITY,2024-01-16,24166.128,32228.916,56395.044
7988,SUSC,2021-12-31,MATURITY,2024-01-17,1056.55,0.0,1056.55
7989,SUSC,2021-12-31,MATURITY,2024-01-18,934.174,0.0,934.174
7990,SUSC,2021-12-31,MATURITY,2024-01-19,30.293,0.0,30.293
7991,SUSC,2021-12-31,MATURITY,2024-01-22,4092.727,0.0,4092.727
7992,SUSC,2021-12-31,MATURITY,2024-01-23,3676.727,0.0,3676.727
7993,SUSC,2021-12-31,MATURITY,2024-01-24,1657.648,0.0,1657.648
7994,SUSC,2021-12-31,MATURITY,2024-01-25,1140.523,0.0,1140.523
7995,SUSC,2021-12-31,MATURITY,2024-01-26,349.357,0.0,349.357
7996,SUSC,2021-12-31,MATURITY,2024-01-29,4039.789,0.0,4039.789
7997,SUSC,2021-12-31,MATURITY,2024-01-30,2356.777,2710.843,5067.62
7998,SUSC,2021-12-31,MATURITY,2024-01-31,312.636,0.0,312.636
7999,SUSC,2021-12-31,MATURITY,2024-02-01,14463.675,13524.096,27987.771
8000,SUSC,2021-12-31,MATURITY,2024-02-02,174.524,0.0,174.524
8001,SUSC,2021-12-31,MATURITY,2024-02-05,3425.056,29397.59,32822.646
8002,SUSC,2021-12-31,MATURITY,2024-02-06,1878.609,35240.964,37119.573
8003,SUSC,2021-12-31,MATURITY,2024-02-07,1693.795,0.0,1693.795
8004,SUSC,2021-12-31,MATURITY,2024-02-08,7035.791,0.0,7035.791
8005,SUSC,2021-12-31,MATURITY,2024-02-09,671.807,0.0,671.807
8006,SUSC,2021-12-31,MATURITY,2024-02-12,5512.428,128734.94,134247.368
8007,SUSC,2021-12-31,MATURITY,2024-02-13,450.63,0.0,450.63
8008,SUSC,2021-12-31,MATURITY,2024-02-14,1109.134,16927.711,18036.845
8009,SUSC,2021-12-31,MATURITY,2024-02-15,18865.458,17078.313,35943.772
8010,SUSC,2021-12-31,MATURITY,2024-02-16,1030.406,0.0,1030.406
8011,SUSC,2021-12-31,MATURITY,2024-02-20,3700.88,0.0,3700.88
8012,SUSC,2021-12-31,MATURITY,2024-02-21,1762.521,0.0,1762.521
8013,SUSC,2021-12-31,MATURITY,2024-02-22,1382.627,17018.072,18400.7
8014,SUSC,2021-12-31,MATURITY,2024-02-23,937.47,0.0,937.47
8015,SUSC,2021-12-31,MATURITY,2024-02-26,1919.507,8945.783,10865.291
8016,SUSC,2021-12-31,MATURITY,2024-02-27,1659.676,0.0,1659.676
8017,SUSC,2021-12-31,MATURITY,2024-02-28,389.789,0.0,389.789
8018,SUSC,2021-12-31,MATURITY,2024-03-01,19265.16,36024.096,55289.256
8019,SUSC,2021-12-31,MATURITY,2024-03-04,1829.272,8373.494,10202.766
8020,SUSC,2021-12-31,MATURITY,2024-03-05,255.355,0.0,255.355
8021,SUSC,2021-12-31,MATURITY,2024-03-06,510.69,0.0,510.69
8022,SUSC,2021-12-31,MATURITY,2024-03-07,765.641,5271.084,6036.725
8023,SUSC,2021-12-31,MATURITY,2024-03-08,1007.89,0.0,1007.89
8024,SUSC,2021-12-31,MATURITY,2024-03-11,2368.859,20120.482,22489.341
8025,SUSC,2021-12-31,MATURITY,2024-03-12,705.834,0.0,705.834
8026,SUSC,2021-12-31,MATURITY,2024-03-13,1237.061,0.0,1237.061
8027,SUSC,2021-12-31,MATURITY,2024-03-14,1432.534,12861.446,14293.98
8028,SUSC,2021-12-31,MATURITY,2024-03-15,34970.98,146987.952,181958.932
8029,SUSC,2021-12-31,MATURITY,2024-03-18,5499.058,2861.446,8360.504
8030,SUSC,2021-12-31,MATURITY,2024-03-19,2058.986,0.0,2058.986
8031,SUSC,2021-12-31,MATURITY,2024-03-20,1231.693,0.0,1231.693
8032,SUSC,2021-12-31,MATURITY,2024-03-21,1197.834,0.0,1197.834
8033,SUSC,2021-12-31,MATURITY,2024-03-22,1855.755,0.0,1855.755
8034,SUSC,2021-12-31,MATURITY,2024-03-25,5457.436,0.0,5457.436
8035,SUSC,2021-12-31,MATURITY,2024-03-26,883.639,0.0,883.639
8036,SUSC,2021-12-31,MATURITY,2024-03-27,792.388,0.0,792.388
8037,SUSC,2021-12-31,MATURITY,2024-03-28,109.834,0.0,109.834
8038,SUSC,2021-12-31,MATURITY,2024-03-29,762.916,0.0,762.916
8039,SUSC,2021-12-31,MATURITY,2024-04-01,31136.154,36957.831,68093.986
8040,SUSC,2021-12-31,MATURITY,2024-04-02,1908.724,30753.012,32661.736
8041,SUSC,2021-12-31,MATURITY,2024-04-03,461.578,0.0,461.578
8042,SUSC,2021-12-31,MATURITY,2024-04-04,22.892,0.0,22.892
8043,SUSC,2021-12-31,MATURITY,2024-04-05,884.707,0.0,884.707
8044,SUSC,2021-12-31,MATURITY,2024-04-08,1255.915,0.0,1255.915
8045,SUSC,2021-12-31,MATURITY,2024-04-09,818.87,13012.048,13830.919
8046,SUSC,2021-12-31,MATURITY,2024-04-10,4140.286,15331.325,19471.611
8047,SUSC,2021-12-31,MATURITY,2024-04-11,1190.115,0.0,1190.115
8048,SUSC,2021-12-31,MATURITY,2024-04-12,37.651,0.0,37.651
8049,SUSC,2021-12-31,MATURITY,2024-04-15,23643.922,39698.795,63342.717
8050,SUSC,2021-12-31,MATURITY,2024-04-16,522.242,0.0,522.242
8051,SUSC,2021-12-31,MATURITY,2024-04-17,701.393,0.0,701.393
8052,SUSC,2021-12-31,MATURITY,2024-04-18,112.929,0.0,112.929
8053,SUSC,2021-12-31,MATURITY,2024-04-19,90.02,0.0,90.02
8054,SUSC,2021-12-31,MATURITY,2024-04-22,2942.137,0.0,2942.137
8055,SUSC,2021-12-31,MATURITY,2024-04-23,2823.729,0.0,2823.729
8056,SUSC,2021-12-31,MATURITY,2024-04-24,2636.553,6385.542,9022.096
8057,SUSC,2021-12-31,MATURITY,2024-04-25,1105.248,0.0,1105.248
8058,SUSC,2021-12-31,MATURITY,2024-04-26,305.444,0.0,305.444
8059,SUSC,2021-12-31,MATURITY,2024-04-29,3402.71,8253.012,11655.722
8060,SUSC,2021-12-31,MATURITY,2024-04-30,3482.538,0.0,3482.538
8061,SUSC,2021-12-31,MATURITY,2024-05-01,17654.083,6897.59,24551.673
8062,SUSC,2021-12-31,MATURITY,2024-05-02,1068.381,0.0,1068.381
8063,SUSC,2021-12-31,MATURITY,2024-05-03,2821.136,0.0,2821.136
8064,SUSC,2021-12-31,MATURITY,2024-05-06,2273.68,3162.651,5436.33
8065,SUSC,2021-12-31,MATURITY,2024-05-07,1853.291,0.0,1853.291
8066,SUSC,2021-12-31,MATURITY,2024-05-08,955.957,0.0,955.957
8067,SUSC,2021-12-31,MATURITY,2024-05-09,258.557,0.0,258.557
8068,SUSC,2021-12-31,MATURITY,2024-05-10,164.334,0.0,164.334
8069,SUSC,2021-12-31,MATURITY,2024-05-13,2420.644,19216.867,21637.511
8070,SUSC,2021-12-31,MATURITY,2024-05-14,2312.764,0.0,2312.764
8071,SUSC,2021-12-31,MATURITY,2024-05-15,27685.146,43403.614,71088.761
8072,SUSC,2021-12-31,MATURITY,2024-05-16,2504.481,9939.759,12444.24
8073,SUSC,2021-12-31,MATURITY,2024-05-17,813.526,3765.06,4578.586
8074,SUSC,2021-12-31,MATURITY,2024-05-20,4935.232,0.0,4935.232
8075,SUSC,2021-12-31,MATURITY,2024-05-21,1132.353,6415.663,7548.016
8076,SUSC,2021-12-31,MATURITY,2024-05-22,1537.166,16234.94,17772.105
8077,SUSC,2021-12-31,MATURITY,2024-05-23,727.07,0.0,727.07
8078,SUSC,2021-12-31,MATURITY,2024-05-24,1647.98,0.0,1647.98
8079,SUSC,2021-12-31,MATURITY,2024-05-28,2301.732,12500.0,14801.732
8080,SUSC,2021-12-31,MATURITY,2024-05-29,329.197,0.0,329.197
8081,SUSC,2021-12-31,MATURITY,2024-05-30,2800.55,20361.446,23161.995
8082,SUSC,2021-12-31,MATURITY,2024-05-31,495.489,0.0,495.489
8083,SUSC,2021-12-31,MATURITY,2024-06-03,24152.408,23283.133,47435.541
8084,SUSC,2021-12-31,MATURITY,2024-06-04,542.476,0.0,542.476
8085,SUSC,2021-12-31,MATURITY,2024-06-05,1265.377,0.0,1265.377
8086,SUSC,2021-12-31,MATURITY,2024-06-06,1234.683,0.0,1234.683
8087,SUSC,2021-12-31,MATURITY,2024-06-07,521.875,13614.458,14136.333
8088,SUSC,2021-12-31,MATURITY,2024-06-10,1724.689,5903.614,7628.303
8089,SUSC,2021-12-31,MATURITY,2024-06-11,580.535,0.0,580.535
8090,SUSC,2021-12-31,MATURITY,2024-06-12,379.3,18825.301,19204.601
8091,SUSC,2021-12-31,MATURITY,2024-06-13,18.825,0.0,18.825
8092,SUSC,2021-12-31,MATURITY,2024-06-14,710.181,0.0,710.181
8093,SUSC,2021-12-31,MATURITY,2024-06-17,27623.828,25150.602,52774.43
8094,SUSC,2021-12-31,MATURITY,2024-06-18,252.794,0.0,252.794
8095,SUSC,2021-12-31,MATURITY,2024-06-19,531.481,0.0,531.481
8096,SUSC,2021-12-31,MATURITY,2024-06-20,1056.698,0.0,1056.698
8097,SUSC,2021-12-31,MATURITY,2024-06-21,218.389,0.0,218.389
8098,SUSC,2021-12-31,MATURITY,2024-06-24,547.154,2710.843,3257.997
8099,SUSC,2021-12-31,MATURITY,2024-06-25,27.272,1114.458,1141.73
8100,SUSC,2021-12-31,MATURITY,2024-06-26,162.169,0.0,162.169
8101,SUSC,2021-12-31,MATURITY,2024-06-27,73.19,0.0,73.19
8102,SUSC,2021-12-31,MATURITY,2024-06-28,94.88,7590.361,7685.241
8103,SUSC,2021-12-31,MATURITY,2024-07-01,4242.489,13042.169,17284.658
8104,SUSC,2021-12-31,MATURITY,2024-07-02,826.792,20271.084,21097.877
8105,SUSC,2021-12-31,MATURITY,2024-07-08,1136.152,0.0,1136.152
8106,SUSC,2021-12-31,MATURITY,2024-07-09,557.688,0.0,557.688
8107,SUSC,2021-12-31,MATURITY,2024-07-10,1394.548,0.0,1394.548
8108,SUSC,2021-12-31,MATURITY,2024-07-11,128.65,0.0,128.65
8109,SUSC,2021-12-31,MATURITY,2024-07-12,536.344,0.0,536.344
8110,SUSC,2021-12-31,MATURITY,2024-07-15,22165.546,10331.325,32496.871
8111,SUSC,2021-12-31,MATURITY,2024-07-16,1358.18,5120.482,6478.662
8112,SUSC,2021-12-31,MATURITY,2024-07-17,1056.55,0.0,1056.55
8113,SUSC,2021-12-31,MATURITY,2024-07-18,934.174,150.602,1084.776
8114,SUSC,2021-12-31,MATURITY,2024-07-19,30.293,0.0,30.293
8115,SUSC,2021-12-31,MATURITY,2024-07-22,4092.727,0.0,4092.727
8116,SUSC,2021-12-31,MATURITY,2024-07-23,3676.727,0.0,3676.727
8117,SUSC,2021-12-31,MATURITY,2024-07-24,1657.648,0.0,1657.648
8118,SUSC,2021-12-31,MATURITY,2024-07-25,1140.523,0.0,1140.523
8119,SUSC,2021-12-31,MATURITY,2024-07-26,349.357,0.0,349.357
8120,SUSC,2021-12-31,MATURITY,2024-07-29,4039.789,0.0,4039.789
8121,SUSC,2021-12-31,MATURITY,2024-07-30,2302.56,25421.687,27724.247
8122,SUSC,2021-12-31,MATURITY,2024-07-31,312.636,0.0,312.636
8123,SUSC,2021-12-31,MATURITY,2024-08-01,14210.843,5783.133,19993.976
8124,SUSC,2021-12-31,MATURITY,2024-08-02,174.524,2349.398,2523.922
8125,SUSC,2021-12-31,MATURITY,2024-08-05,2821.681,933.735,3755.416
8126,SUSC,2021-12-31,MATURITY,2024-08-06,1516.667,9638.554,11155.221
8127,SUSC,2021-12-31,MATURITY,2024-08-07,1693.795,0.0,1693.795
8128,SUSC,2021-12-31,MATURITY,2024-08-08,7035.791,3644.578,10680.369
8129,SUSC,2021-12-31,MATURITY,2024-08-09,671.807,0.0,671.807
8130,SUSC,2021-12-31,MATURITY,2024-08-12,3279.137,0.0,3279.137
8131,SUSC,2021-12-31,MATURITY,2024-08-13,450.63,0.0,450.63
8132,SUSC,2021-12-31,MATURITY,2024-08-14,834.059,2650.602,3484.661
8133,SUSC,2021-12-31,MATURITY,2024-08-15,18504.035,22319.277,40823.312
8134,SUSC,2021-12-31,MATURITY,2024-08-16,1030.406,0.0,1030.406
8135,SUSC,2021-12-31,MATURITY,2024-08-19,3189.87,0.0,3189.87
8136,SUSC,2021-12-31,MATURITY,2024-08-20,511.009,0.0,511.009
8137,SUSC,2021-12-31,MATURITY,2024-08-21,1762.521,0.0,1762.521
8138,SUSC,2021-12-31,MATURITY,2024-08-22,1093.32,0.0,1093.32
8139,SUSC,2021-12-31,MATURITY,2024-08-23,937.47,0.0,937.47
8140,SUSC,2021-12-31,MATURITY,2024-08-26,1619.643,0.0,1619.643
8141,SUSC,2021-12-31,MATURITY,2024-08-27,1811.935,99367.47,101179.405
8142,SUSC,2021-12-31,MATURITY,2024-08-28,389.789,0.0,389.789
8143,SUSC,2021-12-31,MATURITY,2024-09-03,19498.25,23524.096,43022.346
8144,SUSC,2021-12-31,MATURITY,2024-09-04,797.952,0.0,797.952
8145,SUSC,2021-12-31,MATURITY,2024-09-05,255.355,0.0,255.355
8146,SUSC,2021-12-31,MATURITY,2024-09-06,510.69,8674.699,9185.389
8147,SUSC,2021-12-31,MATURITY,2024-09-09,2388.05,753.012,3141.062
8148,SUSC,2021-12-31,MATURITY,2024-09-10,699.345,7078.313,7777.658
8149,SUSC,2021-12-31,MATURITY,2024-09-11,633.595,9337.349,9970.945
8150,SUSC,2021-12-31,MATURITY,2024-09-12,705.834,0.0,705.834
8151,SUSC,2021-12-31,MATURITY,2024-09-13,1237.061,3012.048,4249.109
8152,SUSC,2021-12-31,MATURITY,2024-09-16,34758.749,17981.928,52740.677
8153,SUSC,2021-12-31,MATURITY,2024-09-17,1435.468,0.0,1435.468
8154,SUSC,2021-12-31,MATURITY,2024-09-18,2130.534,0.0,2130.534
8155,SUSC,2021-12-31,MATURITY,2024-09-19,2058.986,17289.157,19348.143
8156,SUSC,2021-12-31,MATURITY,2024-09-20,1231.693,0.0,1231.693
8157,SUSC,2021-12-31,MATURITY,2024-09-23,3602.63,0.0,3602.63
8158,SUSC,2021-12-31,MATURITY,2024-09-24,959.052,0.0,959.052
8159,SUSC,2021-12-31,MATURITY,2024-09-25,3779.771,0.0,3779.771
8160,SUSC,2021-12-31,MATURITY,2024-09-26,883.639,0.0,883.639
8161,SUSC,2021-12-31,MATURITY,2024-09-27,792.388,1385.542,2177.93
8162,SUSC,2021-12-31,MATURITY,2024-09-30,3781.481,12319.277,16100.758
8163,SUSC,2021-12-31,MATURITY,2024-10-01,28237.582,41114.458,69352.04
8164,SUSC,2021-12-31,MATURITY,2024-10-02,733.283,0.0,733.283
8165,SUSC,2021-12-31,MATURITY,2024-10-03,461.578,0.0,461.578
8166,SUSC,2021-12-31,MATURITY,2024-10-04,22.892,0.0,22.892
8167,SUSC,2021-12-31,MATURITY,2024-10-07,2040.959,4066.265,6107.224
8168,SUSC,2021-12-31,MATURITY,2024-10-08,99.663,0.0,99.663
8169,SUSC,2021-12-31,MATURITY,2024-10-09,372.214,0.0,372.214
8170,SUSC,2021-12-31,MATURITY,2024-10-10,3852.824,0.0,3852.824
8171,SUSC,2021-12-31,MATURITY,2024-10-11,1190.115,0.0,1190.115
8172,SUSC,2021-12-31,MATURITY,2024-10-15,23000.925,21716.867,44717.792
8173,SUSC,2021-12-31,MATURITY,2024-10-16,522.242,0.0,522.242
8174,SUSC,2021-12-31,MATURITY,2024-10-17,701.393,0.0,701.393
8175,SUSC,2021-12-31,MATURITY,2024-10-18,112.929,5572.289,5685.218
8176,SUSC,2021-12-31,MATURITY,2024-10-21,1603.227,3012.048,4615.275
8177,SUSC,2021-12-31,MATURITY,2024-10-22,1428.789,0.0,1428.789
8178,SUSC,2021-12-31,MATURITY,2024-10-23,2823.729,4216.867,7040.597
8179,SUSC,2021-12-31,MATURITY,2024-10-24,2502.36,107801.205,110303.565
8180,SUSC,2021-12-31,MATURITY,2024-10-25,1105.248,3012.048,4117.297
8181,SUSC,2021-12-31,MATURITY,2024-10-28,2303.376,3674.699,5978.075
8182,SUSC,2021-12-31,MATURITY,2024-10-29,1244.278,5722.892,6967.17
8183,SUSC,2021-12-31,MATURITY,2024-10-30,3277.731,30421.687,33699.418
8184,SUSC,2021-12-31,MATURITY,2024-10-31,204.806,0.0,204.806
8185,SUSC,2021-12-31,MATURITY,2024-11-01,17507.856,53403.614,70911.47
8186,SUSC,2021-12-31,MATURITY,2024-11-04,4979.218,4246.988,9226.206
8187,SUSC,2021-12-31,MATURITY,2024-11-05,67.082,0.0,67.082
8188,SUSC,2021-12-31,MATURITY,2024-11-06,1326.526,0.0,1326.526
8189,SUSC,2021-12-31,MATURITY,2024-11-07,1045.692,0.0,1045.692
8190,SUSC,2021-12-31,MATURITY,2024-11-08,955.957,5150.602,6106.559
8191,SUSC,2021-12-31,MATURITY,2024-11-12,1519.54,0.0,1519.54
8192,SUSC,2021-12-31,MATURITY,2024-11-13,1047.752,0.0,1047.752
8193,SUSC,2021-12-31,MATURITY,2024-11-14,2312.764,0.0,2312.764
8194,SUSC,2021-12-31,MATURITY,2024-11-15,26993.286,16807.229,43800.515
8195,SUSC,2021-12-31,MATURITY,2024-11-18,5566.226,8493.976,14060.202
8196,SUSC,2021-12-31,MATURITY,2024-11-19,1533.434,3042.169,4575.602
8197,SUSC,2021-12-31,MATURITY,2024-11-20,1022.142,0.0,1022.142
8198,SUSC,2021-12-31,MATURITY,2024-11-21,1008.05,0.0,1008.05
8199,SUSC,2021-12-31,MATURITY,2024-11-22,1242.907,0.0,1242.907
8200,SUSC,2021-12-31,MATURITY,2024-11-25,3288.416,0.0,3288.416
8201,SUSC,2021-12-31,MATURITY,2024-11-26,455.072,0.0,455.072
8202,SUSC,2021-12-31,MATURITY,2024-11-27,146.099,0.0,146.099
8203,SUSC,2021-12-31,MATURITY,2024-11-29,796.079,0.0,796.079
8204,SUSC,2021-12-31,MATURITY,2024-12-02,25614.415,72831.325,98445.74
8205,SUSC,2021-12-31,MATURITY,2024-12-03,1098.361,31445.783,32544.144
8206,SUSC,2021-12-31,MATURITY,2024-12-04,542.476,60.241,602.717
8207,SUSC,2021-12-31,MATURITY,2024-12-05,1265.377,7680.723,8946.1
8208,SUSC,2021-12-31,MATURITY,2024-12-06,1234.683,8222.892,9457.574
8209,SUSC,2021-12-31,MATURITY,2024-12-09,868.782,0.0,868.782
8210,SUSC,2021-12-31,MATURITY,2024-12-10,1039.047,0.0,1039.047
8211,SUSC,2021-12-31,MATURITY,2024-12-11,580.535,0.0,580.535
8212,SUSC,2021-12-31,MATURITY,2024-12-12,120.482,0.0,120.482
8213,SUSC,2021-12-31,MATURITY,2024-12-13,18.825,3012.048,3030.873
8214,SUSC,2021-12-31,MATURITY,2024-12-16,27560.064,57349.398,84909.461
8215,SUSC,2021-12-31,MATURITY,2024-12-17,357.154,0.0,357.154
8216,SUSC,2021-12-31,MATURITY,2024-12-18,252.794,0.0,252.794
8217,SUSC,2021-12-31,MATURITY,2024-12-19,531.481,0.0,531.481
8218,SUSC,2021-12-31,MATURITY,2024-12-20,1056.698,0.0,1056.698
8219,SUSC,2021-12-31,MATURITY,2024-12-23,649.164,0.0,649.164
8220,SUSC,2021-12-31,MATURITY,2024-12-24,80.459,0.0,80.459
8221,SUSC,2021-12-31,MATURITY,2024-12-26,179.639,0.0,179.639
8222,SUSC,2021-12-31,MATURITY,2024-12-27,73.19,0.0,73.19
8223,SUSC,2021-12-31,MATURITY,2024-12-30,1085.806,0.0,1085.806
8224,SUSC,2021-12-31,MATURITY,2024-12-31,696.25,0.0,696.25
8225,SUSC,2021-12-31,MATURITY,2025-01-02,2609.872,0.0,2609.872
8226,SUSC,2021-12-31,MATURITY,2025-01-06,299.232,0.0,299.232
8227,SUSC,2021-12-31,MATURITY,2025-01-08,836.92,0.0,836.92
8228,SUSC,2021-12-31,MATURITY,2025-01-09,557.838,512.048,1069.887
8229,SUSC,2021-12-31,MATURITY,2025-01-10,1394.548,22439.759,23834.307
8230,SUSC,2021-12-31,MATURITY,2025-01-13,1872.599,0.0,1872.599
8231,SUSC,2021-12-31,MATURITY,2025-01-14,545.328,0.0,545.328
8232,SUSC,2021-12-31,MATURITY,2025-01-15,21479.102,48192.771,69671.873
8233,SUSC,2021-12-31,MATURITY,2025-01-16,1060.606,2409.639,3470.244
8234,SUSC,2021-12-31,MATURITY,2025-01-17,1056.55,0.0,1056.55
8235,SUSC,2021-12-31,MATURITY,2025-01-21,3577.333,0.0,3577.333
8236,SUSC,2021-12-31,MATURITY,2025-01-22,1381.41,3975.904,5357.313
8237,SUSC,2021-12-31,MATURITY,2025-01-23,3676.727,2469.88,6146.606
8238,SUSC,2021-12-31,MATURITY,2025-01-24,1657.648,0.0,1657.648
8239,SUSC,2021-12-31,MATURITY,2025-01-27,3431.384,0.0,3431.384
8240,SUSC,2021-12-31,MATURITY,2025-01-28,570.425,10000.0,10570.425
8241,SUSC,2021-12-31,MATURITY,2025-01-29,1527.86,7078.313,8606.173
8242,SUSC,2021-12-31,MATURITY,2025-01-30,1984.789,0.0,1984.789
8243,SUSC,2021-12-31,MATURITY,2025-01-31,312.636,0.0,312.636
8244,SUSC,2021-12-31,MATURITY,2025-02-03,15737.432,142018.072,157755.505
8245,SUSC,2021-12-31,MATURITY,2025-02-04,961.172,5753.012,6714.184
8246,SUSC,2021-12-31,MATURITY,2025-02-05,521.489,4186.747,4708.236
8247,SUSC,2021-12-31,MATURITY,2025-02-06,1245.514,0.0,1245.514
8248,SUSC,2021-12-31,MATURITY,2025-02-07,1693.795,0.0,1693.795
8249,SUSC,2021-12-31,MATURITY,2025-02-10,8992.402,0.0,8992.402
8250,SUSC,2021-12-31,MATURITY,2025-02-11,487.944,0.0,487.944
8251,SUSC,2021-12-31,MATURITY,2025-02-12,1448.075,45150.602,46598.678
8252,SUSC,2021-12-31,MATURITY,2025-02-13,450.63,2289.157,2739.786
8253,SUSC,2021-12-31,MATURITY,2025-02-14,795.956,43584.337,44380.294
8254,SUSC,2021-12-31,MATURITY,2025-02-18,21521.117,32650.602,54171.72
8255,SUSC,2021-12-31,MATURITY,2025-02-19,923.736,4518.072,5441.809
8256,SUSC,2021-12-31,MATURITY,2025-02-20,511.009,0.0,511.009
8257,SUSC,2021-12-31,MATURITY,2025-02-21,1762.521,6445.783,8208.304
8258,SUSC,2021-12-31,MATURITY,2025-02-24,2649.296,3373.494,6022.79
8259,SUSC,2021-12-31,MATURITY,2025-02-25,542.575,0.0,542.575
8260,SUSC,2021-12-31,MATURITY,2025-02-26,610.821,0.0,610.821
8261,SUSC,2021-12-31,MATURITY,2025-02-27,417.583,0.0,417.583
8262,SUSC,2021-12-31,MATURITY,2025-02-28,389.789,0.0,389.789
8263,SUSC,2021-12-31,MATURITY,2025-03-03,19100.885,24548.193,43649.078
8264,SUSC,2021-12-31,MATURITY,2025-03-04,797.952,0.0,797.952
8265,SUSC,2021-12-31,MATURITY,2025-03-05,255.355,0.0,255.355
8266,SUSC,2021-12-31,MATURITY,2025-03-06,434.786,0.0,434.786
8267,SUSC,2021-12-31,MATURITY,2025-03-07,686.446,0.0,686.446
8268,SUSC,2021-12-31,MATURITY,2025-03-10,2363.814,9789.157,12152.971
8269,SUSC,2021-12-31,MATURITY,2025-03-11,480.012,8313.253,8793.265
8270,SUSC,2021-12-31,MATURITY,2025-03-12,705.834,10722.892,11428.725
8271,SUSC,2021-12-31,MATURITY,2025-03-13,1227.648,2590.361,3818.01
8272,SUSC,2021-12-31,MATURITY,2025-03-14,1159.228,0.0,1159.228
8273,SUSC,2021-12-31,MATURITY,2025-03-17,34753.979,50783.133,85537.111
8274,SUSC,2021-12-31,MATURITY,2025-03-18,2130.534,0.0,2130.534
8275,SUSC,2021-12-31,MATURITY,2025-03-19,1734.814,20451.807,22186.622
8276,SUSC,2021-12-31,MATURITY,2025-03-20,1231.693,0.0,1231.693
8277,SUSC,2021-12-31,MATURITY,2025-03-21,1197.834,0.0,1197.834
8278,SUSC,2021-12-31,MATURITY,2025-03-24,3363.848,19126.506,22490.354
8279,SUSC,2021-12-31,MATURITY,2025-03-25,3779.771,12680.723,16460.494
8280,SUSC,2021-12-31,MATURITY,2025-03-26,883.639,1506.024,2389.663
8281,SUSC,2021-12-31,MATURITY,2025-03-27,775.429,5662.651,6438.08
8282,SUSC,2021-12-31,MATURITY,2025-03-28,109.834,0.0,109.834
8283,SUSC,2021-12-31,MATURITY,2025-03-31,3394.004,38795.181,42189.185
8284,SUSC,2021-12-31,MATURITY,2025-04-01,27591.724,32590.361,60182.085
8285,SUSC,2021-12-31,MATURITY,2025-04-02,733.283,3704.819,4438.102
8286,SUSC,2021-12-31,MATURITY,2025-04-03,461.578,0.0,461.578
8287,SUSC,2021-12-31,MATURITY,2025-04-04,22.892,0.0,22.892
8288,SUSC,2021-12-31,MATURITY,2025-04-07,2019.121,4879.518,6898.639
8289,SUSC,2021-12-31,MATURITY,2025-04-08,99.663,0.0,99.663
8290,SUSC,2021-12-31,MATURITY,2025-04-09,803.599,11204.819,12008.419
8291,SUSC,2021-12-31,MATURITY,2025-04-10,3852.824,198855.422,202708.245
8292,SUSC,2021-12-31,MATURITY,2025-04-11,1190.115,0.0,1190.115
8293,SUSC,2021-12-31,MATURITY,2025-04-14,1134.237,1234.94,2369.177
8294,SUSC,2021-12-31,MATURITY,2025-04-15,21445.773,97891.566,119337.339
8295,SUSC,2021-12-31,MATURITY,2025-04-16,522.242,0.0,522.242
8296,SUSC,2021-12-31,MATURITY,2025-04-17,701.393,12831.325,13532.718
8297,SUSC,2021-12-31,MATURITY,2025-04-18,35.09,0.0,35.09
8298,SUSC,2021-12-31,MATURITY,2025-04-21,1561.611,7349.398,8911.008
8299,SUSC,2021-12-31,MATURITY,2025-04-22,1511.858,0.0,1511.858
8300,SUSC,2021-12-31,MATURITY,2025-04-23,2745.717,5060.241,7805.958
8301,SUSC,2021-12-31,MATURITY,2025-04-24,1357.985,57831.325,59189.311
8302,SUSC,2021-12-31,MATURITY,2025-04-25,1092.447,0.0,1092.447
8303,SUSC,2021-12-31,MATURITY,2025-04-28,2251.011,31084.337,33335.349
8304,SUSC,2021-12-31,MATURITY,2025-04-29,1197.064,0.0,1197.064
8305,SUSC,2021-12-31,MATURITY,2025-04-30,2960.384,21234.94,24195.324
8306,SUSC,2021-12-31,MATURITY,2025-05-01,16538.563,45662.651,62201.214
8307,SUSC,2021-12-31,MATURITY,2025-05-02,1068.381,0.0,1068.381
8308,SUSC,2021-12-31,MATURITY,2025-05-05,3814.187,0.0,3814.187
8309,SUSC,2021-12-31,MATURITY,2025-05-06,1409.38,0.0,1409.38
8310,SUSC,2021-12-31,MATURITY,2025-05-07,1040.858,52710.843,53751.701
8311,SUSC,2021-12-31,MATURITY,2025-05-08,900.588,6024.096,6924.684
8312,SUSC,2021-12-31,MATURITY,2025-05-09,258.557,0.0,258.557
8313,SUSC,2021-12-31,MATURITY,2025-05-12,1260.983,0.0,1260.983
8314,SUSC,2021-12-31,MATURITY,2025-05-13,1047.752,0.0,1047.752
8315,SUSC,2021-12-31,MATURITY,2025-05-14,2312.764,0.0,2312.764
8316,SUSC,2021-12-31,MATURITY,2025-05-15,26727.606,37771.084,64498.691
8317,SUSC,2021-12-31,MATURITY,2025-05-16,2426.696,0.0,2426.696
8318,SUSC,2021-12-31,MATURITY,2025-05-19,4515.847,0.0,4515.847
8319,SUSC,2021-12-31,MATURITY,2025-05-20,1018.876,0.0,1018.876
8320,SUSC,2021-12-31,MATURITY,2025-05-21,1008.05,903.614,1911.664
8321,SUSC,2021-12-31,MATURITY,2025-05-22,1242.907,150.602,1393.51
8322,SUSC,2021-12-31,MATURITY,2025-05-23,727.07,0.0,727.07
8323,SUSC,2021-12-31,MATURITY,2025-05-27,3070.896,5331.325,8402.221
8324,SUSC,2021-12-31,MATURITY,2025-05-28,466.882,0.0,466.882
8325,SUSC,2021-12-31,MATURITY,2025-05-29,329.197,0.0,329.197
8326,SUSC,2021-12-31,MATURITY,2025-05-30,2423.863,7530.12,9953.983
8327,SUSC,2021-12-31,MATURITY,2025-06-02,21882.48,37048.193,58930.673
8328,SUSC,2021-12-31,MATURITY,2025-06-03,944.413,0.0,944.413
8329,SUSC,2021-12-31,MATURITY,2025-06-04,541.497,0.0,541.497
8330,SUSC,2021-12-31,MATURITY,2025-06-05,1126.164,4668.675,5794.838
8331,SUSC,2021-12-31,MATURITY,2025-06-06,1110.325,0.0,1110.325
8332,SUSC,2021-12-31,MATURITY,2025-06-09,868.782,0.0,868.782
8333,SUSC,2021-12-31,MATURITY,2025-06-10,1012.675,3493.976,4506.65
8334,SUSC,2021-12-31,MATURITY,2025-06-11,580.535,69126.506,69707.041
8335,SUSC,2021-12-31,MATURITY,2025-06-12,120.482,0.0,120.482
8336,SUSC,2021-12-31,MATURITY,2025-06-16,26575.312,69608.434,96183.746
8337,SUSC,2021-12-31,MATURITY,2025-06-17,357.154,0.0,357.154
8338,SUSC,2021-12-31,MATURITY,2025-06-18,252.794,0.0,252.794
8339,SUSC,2021-12-31,MATURITY,2025-06-19,531.481,0.0,531.481
8340,SUSC,2021-12-31,MATURITY,2025-06-20,1056.698,0.0,1056.698
8341,SUSC,2021-12-31,MATURITY,2025-06-23,649.164,5602.41,6251.574
8342,SUSC,2021-12-31,MATURITY,2025-06-24,80.459,0.0,80.459
8343,SUSC,2021-12-31,MATURITY,2025-06-25,17.47,1204.819,1222.289
8344,SUSC,2021-12-31,MATURITY,2025-06-26,162.169,0.0,162.169
8345,SUSC,2021-12-31,MATURITY,2025-06-27,73.19,0.0,73.19
8346,SUSC,2021-12-31,MATURITY,2025-06-30,1689.153,0.0,1689.153
8347,SUSC,2021-12-31,MATURITY,2025-07-01,2150.493,0.0,2150.493
8348,SUSC,2021-12-31,MATURITY,2025-07-02,459.379,0.0,459.379
8349,SUSC,2021-12-31,MATURITY,2025-07-07,299.232,0.0,299.232
8350,SUSC,2021-12-31,MATURITY,2025-07-08,836.92,0.0,836.92
8351,SUSC,2021-12-31,MATURITY,2025-07-09,552.59,1506.024,2058.614
8352,SUSC,2021-12-31,MATURITY,2025-07-10,1093.64,8734.94,9828.579
8353,SUSC,2021-12-31,MATURITY,2025-07-11,128.65,0.0,128.65
8354,SUSC,2021-12-31,MATURITY,2025-07-14,1997.861,0.0,1997.861
8355,SUSC,2021-12-31,MATURITY,2025-07-15,20294.552,8945.783,29240.335
8356,SUSC,2021-12-31,MATURITY,2025-07-16,1028.702,6174.699,7203.401
8357,SUSC,2021-12-31,MATURITY,2025-07-17,1056.55,19879.518,20936.068
8358,SUSC,2021-12-31,MATURITY,2025-07-18,932.065,0.0,932.065
8359,SUSC,2021-12-31,MATURITY,2025-07-21,2601.161,4487.952,7089.113
8360,SUSC,2021-12-31,MATURITY,2025-07-22,1346.445,12981.928,14328.373
8361,SUSC,2021-12-31,MATURITY,2025-07-23,3596.746,14156.627,17753.372
8362,SUSC,2021-12-31,MATURITY,2025-07-24,1657.648,0.0,1657.648
8363,SUSC,2021-12-31,MATURITY,2025-07-25,1140.523,0.0,1140.523
8364,SUSC,2021-12-31,MATURITY,2025-07-28,2748.786,2771.084,5519.87
8365,SUSC,2021-12-31,MATURITY,2025-07-29,1403.99,12981.928,14385.917
8366,SUSC,2021-12-31,MATURITY,2025-07-30,1984.789,6024.096,8008.886
8367,SUSC,2021-12-31,MATURITY,2025-07-31,312.636,0.0,312.636
8368,SUSC,2021-12-31,MATURITY,2025-08-01,13176.295,24759.036,37935.331
8369,SUSC,2021-12-31,MATURITY,2025-08-04,1505.855,9186.747,10692.602
8370,SUSC,2021-12-31,MATURITY,2025-08-05,525.941,0.0,525.941
8371,SUSC,2021-12-31,MATURITY,2025-08-06,1245.514,0.0,1245.514
8372,SUSC,2021-12-31,MATURITY,2025-08-07,1693.795,38885.542,40579.337
8373,SUSC,2021-12-31,MATURITY,2025-08-08,6977.478,7228.916,14206.393
8374,SUSC,2021-12-31,MATURITY,2025-08-11,2502.869,0.0,2502.869
8375,SUSC,2021-12-31,MATURITY,2025-08-12,838.542,0.0,838.542
8376,SUSC,2021-12-31,MATURITY,2025-08-13,414.225,0.0,414.225
8377,SUSC,2021-12-31,MATURITY,2025-08-14,360.113,0.0,360.113
8378,SUSC,2021-12-31,MATURITY,2025-08-15,17349.063,10993.976,28343.039
8379,SUSC,2021-12-31,MATURITY,2025-08-18,3296.54,65481.928,68778.468
8380,SUSC,2021-12-31,MATURITY,2025-08-19,870.649,0.0,870.649
8381,SUSC,2021-12-31,MATURITY,2025-08-20,511.009,0.0,511.009
8382,SUSC,2021-12-31,MATURITY,2025-08-21,1701.286,0.0,1701.286
8383,SUSC,2021-12-31,MATURITY,2025-08-22,1093.32,0.0,1093.32
8384,SUSC,2021-12-31,MATURITY,2025-08-25,1838.461,0.0,1838.461
8385,SUSC,2021-12-31,MATURITY,2025-08-26,820.309,0.0,820.309
8386,SUSC,2021-12-31,MATURITY,2025-08-27,417.583,0.0,417.583
8387,SUSC,2021-12-31,MATURITY,2025-08-28,389.789,0.0,389.789
8388,SUSC,2021-12-31,MATURITY,2025-09-02,17961.024,0.0,17961.024
8389,SUSC,2021-12-31,MATURITY,2025-09-03,593.415,0.0,593.415
8390,SUSC,2021-12-31,MATURITY,2025-09-04,797.952,0.0,797.952
8391,SUSC,2021-12-31,MATURITY,2025-09-05,255.355,0.0,255.355
8392,SUSC,2021-12-31,MATURITY,2025-09-08,2129.123,0.0,2129.123
8393,SUSC,2021-12-31,MATURITY,2025-09-09,665.939,0.0,665.939
8394,SUSC,2021-12-31,MATURITY,2025-09-10,519.307,0.0,519.307
8395,SUSC,2021-12-31,MATURITY,2025-09-11,403.927,0.0,403.927
8396,SUSC,2021-12-31,MATURITY,2025-09-12,632.114,0.0,632.114
8397,SUSC,2021-12-31,MATURITY,2025-09-15,32785.996,48825.301,81611.298
8398,SUSC,2021-12-31,MATURITY,2025-09-16,1930.944,1777.108,3708.052
8399,SUSC,2021-12-31,MATURITY,2025-09-17,1412.951,843.373,2256.325
8400,SUSC,2021-12-31,MATURITY,2025-09-18,2130.534,113253.012,115383.546
8401,SUSC,2021-12-31,MATURITY,2025-09-19,1487.337,0.0,1487.337
8402,SUSC,2021-12-31,MATURITY,2025-09-22,3916.881,5813.253,9730.134
8403,SUSC,2021-12-31,MATURITY,2025-09-23,718.613,0.0,718.613
8404,SUSC,2021-12-31,MATURITY,2025-09-24,938.871,0.0,938.871
8405,SUSC,2021-12-31,MATURITY,2025-09-25,3564.199,0.0,3564.199
8406,SUSC,2021-12-31,MATURITY,2025-09-26,854.554,0.0,854.554
8407,SUSC,2021-12-31,MATURITY,2025-09-29,1774.846,29066.265,30841.111
8408,SUSC,2021-12-31,MATURITY,2025-09-30,1680.583,0.0,1680.583
8409,SUSC,2021-12-31,MATURITY,2025-10-01,27050.12,23012.048,50062.168
8410,SUSC,2021-12-31,MATURITY,2025-10-02,677.711,0.0,677.711
8411,SUSC,2021-12-31,MATURITY,2025-10-03,461.578,0.0,461.578
8412,SUSC,2021-12-31,MATURITY,2025-10-06,1964.087,0.0,1964.087
8413,SUSC,2021-12-31,MATURITY,2025-10-08,94.759,0.0,94.759
8414,SUSC,2021-12-31,MATURITY,2025-10-09,372.214,0.0,372.214
8415,SUSC,2021-12-31,MATURITY,2025-10-14,2303.358,0.0,2303.358
8416,SUSC,2021-12-31,MATURITY,2025-10-15,19781.398,30000.0,49781.398
8417,SUSC,2021-12-31,MATURITY,2025-10-16,522.242,0.0,522.242
8418,SUSC,2021-12-31,MATURITY,2025-10-17,444.767,0.0,444.767
8419,SUSC,2021-12-31,MATURITY,2025-10-20,664.162,0.0,664.162
8420,SUSC,2021-12-31,MATURITY,2025-10-21,870.457,8885.542,9755.999
8421,SUSC,2021-12-31,MATURITY,2025-10-22,1426.6,0.0,1426.6
8422,SUSC,2021-12-31,MATURITY,2025-10-23,2684.994,0.0,2684.994
8423,SUSC,2021-12-31,MATURITY,2025-10-24,917.443,0.0,917.443
8424,SUSC,2021-12-31,MATURITY,2025-10-27,2055.808,0.0,2055.808
8425,SUSC,2021-12-31,MATURITY,2025-10-28,693.808,0.0,693.808
8426,SUSC,2021-12-31,MATURITY,2025-10-29,1197.064,9246.988,10444.052
8427,SUSC,2021-12-31,MATURITY,2025-10-30,2463.597,34036.145,36499.742
8428,SUSC,2021-12-31,MATURITY,2025-10-31,204.806,0.0,204.806
8429,SUSC,2021-12-31,MATURITY,2025-11-03,19584.384,73012.048,92596.432
8430,SUSC,2021-12-31,MATURITY,2025-11-04,1008.822,0.0,1008.822
8431,SUSC,2021-12-31,MATURITY,2025-11-05,67.082,0.0,67.082
8432,SUSC,2021-12-31,MATURITY,2025-11-06,1326.526,20692.771,22019.297
8433,SUSC,2021-12-31,MATURITY,2025-11-07,561.418,753.012,1314.43
8434,SUSC,2021-12-31,MATURITY,2025-11-10,1189.443,0.0,1189.443
8435,SUSC,2021-12-31,MATURITY,2025-11-12,1096.649,0.0,1096.649
8436,SUSC,2021-12-31,MATURITY,2025-11-13,1047.752,8524.096,9571.849
8437,SUSC,2021-12-31,MATURITY,2025-11-14,2312.764,0.0,2312.764
8438,SUSC,2021-12-31,MATURITY,2025-11-17,29094.056,77861.446,106955.502
8439,SUSC,2021-12-31,MATURITY,2025-11-18,2295.846,4216.867,6512.713
8440,SUSC,2021-12-31,MATURITY,2025-11-19,1487.801,1506.024,2993.825
8441,SUSC,2021-12-31,MATURITY,2025-11-20,1018.876,0.0,1018.876
8442,SUSC,2021-12-31,MATURITY,2025-11-21,992.802,0.0,992.802
8443,SUSC,2021-12-31,MATURITY,2025-11-24,3615.134,10000.0,13615.134
8444,SUSC,2021-12-31,MATURITY,2025-11-25,795.624,0.0,795.624
8445,SUSC,2021-12-31,MATURITY,2025-11-26,362.368,14457.831,14820.199
8446,SUSC,2021-12-31,MATURITY,2025-11-28,612.981,0.0,612.981
8447,SUSC,2021-12-31,MATURITY,2025-12-01,22849.723,24819.277,47669.0
8448,SUSC,2021-12-31,MATURITY,2025-12-02,906.434,0.0,906.434
8449,SUSC,2021-12-31,MATURITY,2025-12-03,944.413,4879.518,5823.931
8450,SUSC,2021-12-31,MATURITY,2025-12-04,541.497,0.0,541.497
8451,SUSC,2021-12-31,MATURITY,2025-12-05,1039.793,0.0,1039.793
8452,SUSC,2021-12-31,MATURITY,2025-12-08,1530.415,9036.145,10566.559
8453,SUSC,2021-12-31,MATURITY,2025-12-09,448.509,0.0,448.509
8454,SUSC,2021-12-31,MATURITY,2025-12-10,935.794,15361.446,16297.239
8455,SUSC,2021-12-31,MATURITY,2025-12-11,131.212,0.0,131.212
8456,SUSC,2021-12-31,MATURITY,2025-12-12,120.482,0.0,120.482
8457,SUSC,2021-12-31,MATURITY,2025-12-15,23886.031,5451.807,29337.838
8458,SUSC,2021-12-31,MATURITY,2025-12-16,1334.413,43734.94,45069.352
8459,SUSC,2021-12-31,MATURITY,2025-12-17,357.154,0.0,357.154
8460,SUSC,2021-12-31,MATURITY,2025-12-18,252.794,0.0,252.794
8461,SUSC,2021-12-31,MATURITY,2025-12-19,531.481,0.0,531.481
8462,SUSC,2021-12-31,MATURITY,2025-12-22,1434.891,0.0,1434.891
8463,SUSC,2021-12-31,MATURITY,2025-12-23,158.923,0.0,158.923
8464,SUSC,2021-12-31,MATURITY,2025-12-24,80.459,0.0,80.459
8465,SUSC,2021-12-31,MATURITY,2025-12-26,162.169,0.0,162.169
8466,SUSC,2021-12-31,MATURITY,2025-12-29,193.952,0.0,193.952
8467,SUSC,2021-12-31,MATURITY,2025-12-30,965.044,0.0,965.044
8468,SUSC,2021-12-31,MATURITY,2025-12-31,603.347,0.0,603.347
8469,SUSC,2021-12-31,MATURITY,2026-01-02,2609.872,0.0,2609.872
8470,SUSC,2021-12-31,MATURITY,2026-01-06,299.232,0.0,299.232
8471,SUSC,2021-12-31,MATURITY,2026-01-08,836.92,0.0,836.92
8472,SUSC,2021-12-31,MATURITY,2026-01-09,523.298,0.0,523.298
8473,SUSC,2021-12-31,MATURITY,2026-01-12,1475.726,2921.687,4397.413
8474,SUSC,2021-12-31,MATURITY,2026-01-13,1369.428,7951.807,9321.236
8475,SUSC,2021-12-31,MATURITY,2026-01-14,464.416,1054.217,1518.633
8476,SUSC,2021-12-31,MATURITY,2026-01-15,19747.278,9096.386,28843.664
8477,SUSC,2021-12-31,MATURITY,2026-01-16,991.989,0.0,991.989
8478,SUSC,2021-12-31,MATURITY,2026-01-20,3025.903,0.0,3025.903
8479,SUSC,2021-12-31,MATURITY,2026-01-21,1117.563,0.0,1117.563
8480,SUSC,2021-12-31,MATURITY,2026-01-22,1221.679,0.0,1221.679
8481,SUSC,2021-12-31,MATURITY,2026-01-23,3294.035,3132.53,6426.565
8482,SUSC,2021-12-31,MATURITY,2026-01-26,2695.695,0.0,2695.695
8483,SUSC,2021-12-31,MATURITY,2026-01-27,2561.258,18524.096,21085.355
8484,SUSC,2021-12-31,MATURITY,2026-01-28,238.498,0.0,238.498
8485,SUSC,2021-12-31,MATURITY,2026-01-29,1163.824,0.0,1163.824
8486,SUSC,2021-12-31,MATURITY,2026-01-30,1983.027,12198.795,14181.822
8487,SUSC,2021-12-31,MATURITY,2026-02-02,13069.168,65120.482,78189.65
8488,SUSC,2021-12-31,MATURITY,2026-02-03,525.896,0.0,525.896
8489,SUSC,2021-12-31,MATURITY,2026-02-04,676.965,0.0,676.965
8490,SUSC,2021-12-31,MATURITY,2026-02-05,464.541,1656.627,2121.167
8491,SUSC,2021-12-31,MATURITY,2026-02-06,1245.514,0.0,1245.514
8492,SUSC,2021-12-31,MATURITY,2026-02-09,8574.555,0.0,8574.555
8493,SUSC,2021-12-31,MATURITY,2026-02-10,1343.117,0.0,1343.117
8494,SUSC,2021-12-31,MATURITY,2026-02-11,487.944,3012.048,3499.992
8495,SUSC,2021-12-31,MATURITY,2026-02-12,838.542,0.0,838.542
8496,SUSC,2021-12-31,MATURITY,2026-02-13,414.225,8765.06,9179.285
8497,SUSC,2021-12-31,MATURITY,2026-02-17,19270.644,24969.88,44240.523
8498,SUSC,2021-12-31,MATURITY,2026-02-18,368.77,1204.819,1573.589
8499,SUSC,2021-12-31,MATURITY,2026-02-19,870.649,10843.373,11714.023
8500,SUSC,2021-12-31,MATURITY,2026-02-20,511.009,0.0,511.009
8501,SUSC,2021-12-31,MATURITY,2026-02-23,3732.076,0.0,3732.076
8502,SUSC,2021-12-31,MATURITY,2026-02-24,567.903,8042.169,8610.072
8503,SUSC,2021-12-31,MATURITY,2026-02-25,542.575,3433.735,3976.31
8504,SUSC,2021-12-31,MATURITY,2026-02-26,610.821,0.0,610.821
8505,SUSC,2021-12-31,MATURITY,2026-02-27,417.583,0.0,417.583
8506,SUSC,2021-12-31,MATURITY,2026-03-02,18350.813,72740.964,91091.777
8507,SUSC,2021-12-31,MATURITY,2026-03-03,593.415,6897.59,7491.005
8508,SUSC,2021-12-31,MATURITY,2026-03-04,797.952,14156.627,14954.578
8509,SUSC,2021-12-31,MATURITY,2026-03-05,255.355,0.0,255.355
8510,SUSC,2021-12-31,MATURITY,2026-03-06,434.786,0.0,434.786
8511,SUSC,2021-12-31,MATURITY,2026-03-09,2360.275,10481.928,12842.203
8512,SUSC,2021-12-31,MATURITY,2026-03-10,519.307,3614.458,4133.765
8513,SUSC,2021-12-31,MATURITY,2026-03-11,403.927,1054.217,1458.144
8514,SUSC,2021-12-31,MATURITY,2026-03-12,609.458,0.0,609.458
8515,SUSC,2021-12-31,MATURITY,2026-03-13,1089.242,5000.0,6089.242
8516,SUSC,2021-12-31,MATURITY,2026-03-16,32738.074,60783.133,93521.207
8517,SUSC,2021-12-31,MATURITY,2026-03-17,1399.668,0.0,1399.668
8518,SUSC,2021-12-31,MATURITY,2026-03-18,1493.486,0.0,1493.486
8519,SUSC,2021-12-31,MATURITY,2026-03-19,1487.337,0.0,1487.337
8520,SUSC,2021-12-31,MATURITY,2026-03-20,1231.693,0.0,1231.693
8521,SUSC,2021-12-31,MATURITY,2026-03-23,3293.465,8132.53,11425.995
8522,SUSC,2021-12-31,MATURITY,2026-03-24,938.871,6174.699,7113.57
8523,SUSC,2021-12-31,MATURITY,2026-03-25,3564.199,0.0,3564.199
8524,SUSC,2021-12-31,MATURITY,2026-03-26,854.554,0.0,854.554
8525,SUSC,2021-12-31,MATURITY,2026-03-27,707.477,0.0,707.477
8526,SUSC,2021-12-31,MATURITY,2026-03-30,1843.961,0.0,1843.961
8527,SUSC,2021-12-31,MATURITY,2026-03-31,704.002,0.0,704.002
8528,SUSC,2021-12-31,MATURITY,2026-04-01,26585.941,69277.108,95863.049
8529,SUSC,2021-12-31,MATURITY,2026-04-02,677.711,0.0,677.711
8530,SUSC,2021-12-31,MATURITY,2026-04-03,421.367,0.0,421.367
8531,SUSC,2021-12-31,MATURITY,2026-04-06,1393.649,0.0,1393.649
8532,SUSC,2021-12-31,MATURITY,2026-04-07,610.648,10993.976,11604.624
8533,SUSC,2021-12-31,MATURITY,2026-04-08,94.759,5331.325,5426.084
8534,SUSC,2021-12-31,MATURITY,2026-04-09,372.214,0.0,372.214
8535,SUSC,2021-12-31,MATURITY,2026-04-13,1756.719,0.0,1756.719
8536,SUSC,2021-12-31,MATURITY,2026-04-14,546.639,0.0,546.639
8537,SUSC,2021-12-31,MATURITY,2026-04-15,19100.954,25783.133,44884.086
8538,SUSC,2021-12-31,MATURITY,2026-04-16,522.242,0.0,522.242
8539,SUSC,2021-12-31,MATURITY,2026-04-17,451.581,301.205,752.786
8540,SUSC,2021-12-31,MATURITY,2026-04-20,657.31,3253.012,3910.322
8541,SUSC,2021-12-31,MATURITY,2026-04-21,681.639,0.0,681.639
8542,SUSC,2021-12-31,MATURITY,2026-04-22,1426.6,2861.446,4288.045
8543,SUSC,2021-12-31,MATURITY,2026-04-23,2684.994,0.0,2684.994
8544,SUSC,2021-12-31,MATURITY,2026-04-24,917.443,0.0,917.443
8545,SUSC,2021-12-31,MATURITY,2026-04-27,2055.808,0.0,2055.808
8546,SUSC,2021-12-31,MATURITY,2026-04-28,693.808,16656.627,17350.434
8547,SUSC,2021-12-31,MATURITY,2026-04-29,1005.189,0.0,1005.189
8548,SUSC,2021-12-31,MATURITY,2026-04-30,1919.94,0.0,1919.94
8549,SUSC,2021-12-31,MATURITY,2026-05-01,15310.736,2379.518,17690.254
8550,SUSC,2021-12-31,MATURITY,2026-05-04,3819.01,22771.084,26590.094
8551,SUSC,2021-12-31,MATURITY,2026-05-05,444.393,4759.036,5203.429
8552,SUSC,2021-12-31,MATURITY,2026-05-06,891.978,0.0,891.978
8553,SUSC,2021-12-31,MATURITY,2026-05-07,556.339,0.0,556.339
8554,SUSC,2021-12-31,MATURITY,2026-05-08,766.552,0.0,766.552
8555,SUSC,2021-12-31,MATURITY,2026-05-11,1120.067,0.0,1120.067
8556,SUSC,2021-12-31,MATURITY,2026-05-12,399.473,3313.253,3712.726
8557,SUSC,2021-12-31,MATURITY,2026-05-13,855.96,14969.88,15825.84
8558,SUSC,2021-12-31,MATURITY,2026-05-14,2312.764,2981.928,5294.691
8559,SUSC,2021-12-31,MATURITY,2026-05-15,25145.765,33674.699,58820.464
8560,SUSC,2021-12-31,MATURITY,2026-05-18,4697.18,2530.12,7227.301
8561,SUSC,2021-12-31,MATURITY,2026-05-19,1448.803,61716.867,63165.67
8562,SUSC,2021-12-31,MATURITY,2026-05-20,1018.876,22500.0,23518.876
8563,SUSC,2021-12-31,MATURITY,2026-05-21,992.802,0.0,992.802
8564,SUSC,2021-12-31,MATURITY,2026-05-22,1240.084,0.0,1240.084
8565,SUSC,2021-12-31,MATURITY,2026-05-26,3089.409,1054.217,4143.625
8566,SUSC,2021-12-31,MATURITY,2026-05-27,146.099,0.0,146.099
8567,SUSC,2021-12-31,MATURITY,2026-05-28,466.882,0.0,466.882
8568,SUSC,2021-12-31,MATURITY,2026-05-29,329.197,0.0,329.197
8569,SUSC,2021-12-31,MATURITY,2026-06-01,22119.359,29698.795,51818.154
8570,SUSC,2021-12-31,MATURITY,2026-06-02,906.434,6084.337,6990.772
8571,SUSC,2021-12-31,MATURITY,2026-06-03,824.323,0.0,824.323
8572,SUSC,2021-12-31,MATURITY,2026-06-04,541.497,0.0,541.497
8573,SUSC,2021-12-31,MATURITY,2026-06-05,1039.793,0.0,1039.793
8574,SUSC,2021-12-31,MATURITY,2026-06-08,1497.433,0.0,1497.433
8575,SUSC,2021-12-31,MATURITY,2026-06-09,448.509,0.0,448.509
8576,SUSC,2021-12-31,MATURITY,2026-06-10,701.242,2409.639,3110.881
8577,SUSC,2021-12-31,MATURITY,2026-06-11,131.212,0.0,131.212
8578,SUSC,2021-12-31,MATURITY,2026-06-12,120.482,0.0,120.482
8579,SUSC,2021-12-31,MATURITY,2026-06-15,23784.386,72801.205,96585.591
8580,SUSC,2021-12-31,MATURITY,2026-06-16,350.377,0.0,350.377
8581,SUSC,2021-12-31,MATURITY,2026-06-17,357.154,0.0,357.154
8582,SUSC,2021-12-31,MATURITY,2026-06-18,252.794,0.0,252.794
8583,SUSC,2021-12-31,MATURITY,2026-06-19,531.481,0.0,531.481
8584,SUSC,2021-12-31,MATURITY,2026-06-22,1434.891,0.0,1434.891
8585,SUSC,2021-12-31,MATURITY,2026-06-23,158.923,0.0,158.923
8586,SUSC,2021-12-31,MATURITY,2026-06-24,80.459,1656.627,1737.086
8587,SUSC,2021-12-31,MATURITY,2026-06-26,162.169,0.0,162.169
8588,SUSC,2021-12-31,MATURITY,2026-06-29,193.952,0.0,193.952
8589,SUSC,2021-12-31,MATURITY,2026-06-30,1568.392,27289.157,28857.548
8590,SUSC,2021-12-31,MATURITY,2026-07-01,2150.493,0.0,2150.493
8591,SUSC,2021-12-31,MATURITY,2026-07-02,459.379,0.0,459.379
8592,SUSC,2021-12-31,MATURITY,2026-07-06,299.232,0.0,299.232
8593,SUSC,2021-12-31,MATURITY,2026-07-08,836.92,0.0,836.92
8594,SUSC,2021-12-31,MATURITY,2026-07-09,523.298,0.0,523.298
8595,SUSC,2021-12-31,MATURITY,2026-07-10,891.644,0.0,891.644
8596,SUSC,2021-12-31,MATURITY,2026-07-13,1387.901,14939.759,16327.66
8597,SUSC,2021-12-31,MATURITY,2026-07-14,446.626,5150.602,5597.228
8598,SUSC,2021-12-31,MATURITY,2026-07-15,19858.75,36445.783,56304.533
8599,SUSC,2021-12-31,MATURITY,2026-07-16,991.989,0.0,991.989
8600,SUSC,2021-12-31,MATURITY,2026-07-17,653.086,0.0,653.086
8601,SUSC,2021-12-31,MATURITY,2026-07-20,2125.466,0.0,2125.466
8602,SUSC,2021-12-31,MATURITY,2026-07-21,1364.913,1957.831,3322.744
8603,SUSC,2021-12-31,MATURITY,2026-07-22,1221.679,0.0,1221.679
8604,SUSC,2021-12-31,MATURITY,2026-07-23,3278.073,8463.855,11741.928
8605,SUSC,2021-12-31,MATURITY,2026-07-24,1657.648,0.0,1657.648
8606,SUSC,2021-12-31,MATURITY,2026-07-27,3225.578,20963.855,24189.433
8607,SUSC,2021-12-31,MATURITY,2026-07-28,238.498,3162.651,3401.148
8608,SUSC,2021-12-31,MATURITY,2026-07-29,1122.311,0.0,1122.311
8609,SUSC,2021-12-31,MATURITY,2026-07-30,1630.648,1385.542,3016.19
8610,SUSC,2021-12-31,MATURITY,2026-07-31,312.636,0.0,312.636
8611,SUSC,2021-12-31,MATURITY,2026-08-03,12131.751,0.0,12131.751
8612,SUSC,2021-12-31,MATURITY,2026-08-04,738.366,11927.711,12666.077
8613,SUSC,2021-12-31,MATURITY,2026-08-05,445.821,0.0,445.821
8614,SUSC,2021-12-31,MATURITY,2026-08-06,1245.514,0.0,1245.514
8615,SUSC,2021-12-31,MATURITY,2026-08-07,1110.511,0.0,1110.511
8616,SUSC,2021-12-31,MATURITY,2026-08-10,8807.161,32018.072,40825.234
8617,SUSC,2021-12-31,MATURITY,2026-08-11,436.589,9457.831,9894.42
8618,SUSC,2021-12-31,MATURITY,2026-08-12,838.542,0.0,838.542
8619,SUSC,2021-12-31,MATURITY,2026-08-13,295.995,0.0,295.995
8620,SUSC,2021-12-31,MATURITY,2026-08-14,203.878,0.0,203.878
8621,SUSC,2021-12-31,MATURITY,2026-08-17,18523.784,112048.193,130571.977
8622,SUSC,2021-12-31,MATURITY,2026-08-18,346.179,4668.675,5014.854
8623,SUSC,2021-12-31,MATURITY,2026-08-19,683.601,21686.747,22370.348
8624,SUSC,2021-12-31,MATURITY,2026-08-20,511.009,0.0,511.009
8625,SUSC,2021-12-31,MATURITY,2026-08-21,1701.286,0.0,1701.286
8626,SUSC,2021-12-31,MATURITY,2026-08-24,2484.092,0.0,2484.092
8627,SUSC,2021-12-31,MATURITY,2026-08-25,478.193,0.0,478.193
8628,SUSC,2021-12-31,MATURITY,2026-08-26,610.821,0.0,610.821
8629,SUSC,2021-12-31,MATURITY,2026-08-27,417.583,0.0,417.583
8630,SUSC,2021-12-31,MATURITY,2026-08-28,198.75,0.0,198.75
8631,SUSC,2021-12-31,MATURITY,2026-09-01,16561.937,6024.096,22586.034
8632,SUSC,2021-12-31,MATURITY,2026-09-02,184.418,0.0,184.418
8633,SUSC,2021-12-31,MATURITY,2026-09-03,439.944,0.0,439.944
8634,SUSC,2021-12-31,MATURITY,2026-09-04,504.202,0.0,504.202
8635,SUSC,2021-12-31,MATURITY,2026-09-08,2368.288,16234.94,18603.228
8636,SUSC,2021-12-31,MATURITY,2026-09-09,458.027,9849.398,10307.425
8637,SUSC,2021-12-31,MATURITY,2026-09-10,492.199,6024.096,6516.295
8638,SUSC,2021-12-31,MATURITY,2026-09-11,378.098,0.0,378.098
8639,SUSC,2021-12-31,MATURITY,2026-09-14,2614.12,3373.494,5987.614
8640,SUSC,2021-12-31,MATURITY,2026-09-15,28759.288,100542.169,129301.457
8641,SUSC,2021-12-31,MATURITY,2026-09-16,1779.912,71536.145,73316.056
8642,SUSC,2021-12-31,MATURITY,2026-09-17,1399.668,0.0,1399.668
8643,SUSC,2021-12-31,MATURITY,2026-09-18,1493.486,0.0,1493.486
8644,SUSC,2021-12-31,MATURITY,2026-09-21,3664.21,32831.325,36495.535
8645,SUSC,2021-12-31,MATURITY,2026-09-22,1487.353,5451.807,6939.16
8646,SUSC,2021-12-31,MATURITY,2026-09-23,718.613,7921.687,8640.3
8647,SUSC,2021-12-31,MATURITY,2026-09-24,795.309,0.0,795.309
8648,SUSC,2021-12-31,MATURITY,2026-09-25,3564.199,0.0,3564.199
8649,SUSC,2021-12-31,MATURITY,2026-09-28,1671.866,0.0,1671.866
8650,SUSC,2021-12-31,MATURITY,2026-09-29,757.545,0.0,757.545
8651,SUSC,2021-12-31,MATURITY,2026-09-30,1680.583,0.0,1680.583
8652,SUSC,2021-12-31,MATURITY,2026-10-01,25332.447,17289.157,42621.603
8653,SUSC,2021-12-31,MATURITY,2026-10-02,677.711,0.0,677.711
8654,SUSC,2021-12-31,MATURITY,2026-10-05,1108.483,13433.735,14542.218
8655,SUSC,2021-12-31,MATURITY,2026-10-06,1056.489,15963.855,17020.344
8656,SUSC,2021-12-31,MATURITY,2026-10-08,16.867,0.0,16.867
8657,SUSC,2021-12-31,MATURITY,2026-10-09,372.214,0.0,372.214
8658,SUSC,2021-12-31,MATURITY,2026-10-13,1756.719,903.614,2660.333
8659,SUSC,2021-12-31,MATURITY,2026-10-14,546.639,0.0,546.639
8660,SUSC,2021-12-31,MATURITY,2026-10-15,18681.315,24939.759,43621.074
8661,SUSC,2021-12-31,MATURITY,2026-10-16,522.242,0.0,522.242
8662,SUSC,2021-12-31,MATURITY,2026-10-19,556.073,2198.795,2754.869
8663,SUSC,2021-12-31,MATURITY,2026-10-20,489.075,0.0,489.075
8664,SUSC,2021-12-31,MATURITY,2026-10-21,681.639,4246.988,4928.627
8665,SUSC,2021-12-31,MATURITY,2026-10-22,1398.987,7168.675,8567.661
8666,SUSC,2021-12-31,MATURITY,2026-10-23,2644.681,0.0,2644.681
8667,SUSC,2021-12-31,MATURITY,2026-10-26,2262.97,11385.542,13648.512
8668,SUSC,2021-12-31,MATURITY,2026-10-27,710.281,0.0,710.281
8669,SUSC,2021-12-31,MATURITY,2026-10-28,432.42,0.0,432.42
8670,SUSC,2021-12-31,MATURITY,2026-10-29,1005.189,0.0,1005.189
8671,SUSC,2021-12-31,MATURITY,2026-10-30,1715.133,451.807,2166.941
8672,SUSC,2021-12-31,MATURITY,2026-11-02,16543.472,165692.771,182236.243
8673,SUSC,2021-12-31,MATURITY,2026-11-03,2119.118,8855.422,10974.54
8674,SUSC,2021-12-31,MATURITY,2026-11-04,615.809,3012.048,3627.858
8675,SUSC,2021-12-31,MATURITY,2026-11-05,67.082,0.0,67.082
8676,SUSC,2021-12-31,MATURITY,2026-11-06,891.978,0.0,891.978
8677,SUSC,2021-12-31,MATURITY,2026-11-09,1581.448,0.0,1581.448
8678,SUSC,2021-12-31,MATURITY,2026-11-10,164.334,0.0,164.334
8679,SUSC,2021-12-31,MATURITY,2026-11-12,1010.504,0.0,1010.504
8680,SUSC,2021-12-31,MATURITY,2026-11-13,642.639,0.0,642.639
8681,SUSC,2021-12-31,MATURITY,2026-11-16,28682.008,41295.181,69977.189
8682,SUSC,2021-12-31,MATURITY,2026-11-17,719.424,0.0,719.424
8683,SUSC,2021-12-31,MATURITY,2026-11-18,2184.889,7771.084,9955.974
8684,SUSC,2021-12-31,MATURITY,2026-11-19,632.794,10753.012,11385.806
8685,SUSC,2021-12-31,MATURITY,2026-11-20,652.818,4397.59,5050.408
8686,SUSC,2021-12-31,MATURITY,2026-11-23,2959.955,19909.639,22869.593
8687,SUSC,2021-12-31,MATURITY,2026-11-24,1397.98,0.0,1397.98
8688,SUSC,2021-12-31,MATURITY,2026-11-25,775.066,0.0,775.066
8689,SUSC,2021-12-31,MATURITY,2026-11-27,314.834,0.0,314.834
8690,SUSC,2021-12-31,MATURITY,2026-11-30,3560.123,0.0,3560.123
8691,SUSC,2021-12-31,MATURITY,2026-12-01,18801.124,15451.807,34252.932
8692,SUSC,2021-12-31,MATURITY,2026-12-02,777.142,33584.337,34361.48
8693,SUSC,2021-12-31,MATURITY,2026-12-03,824.323,0.0,824.323
8694,SUSC,2021-12-31,MATURITY,2026-12-04,541.497,0.0,541.497
8695,SUSC,2021-12-31,MATURITY,2026-12-07,2400.575,4518.072,6918.647
8696,SUSC,2021-12-31,MATURITY,2026-12-08,136.651,0.0,136.651
8697,SUSC,2021-12-31,MATURITY,2026-12-09,448.509,0.0,448.509
8698,SUSC,2021-12-31,MATURITY,2026-12-10,669.315,0.0,669.315
8699,SUSC,2021-12-31,MATURITY,2026-12-11,131.212,0.0,131.212
8700,SUSC,2021-12-31,MATURITY,2026-12-14,860.962,3343.373,4204.335
8701,SUSC,2021-12-31,MATURITY,2026-12-15,21771.14,32259.036,54030.177
8702,SUSC,2021-12-31,MATURITY,2026-12-16,350.377,0.0,350.377
8703,SUSC,2021-12-31,MATURITY,2026-12-17,357.154,0.0,357.154
8704,SUSC,2021-12-31,MATURITY,2026-12-18,252.794,0.0,252.794
8705,SUSC,2021-12-31,MATURITY,2026-12-21,1806.568,0.0,1806.568
8706,SUSC,2021-12-31,MATURITY,2026-12-22,159.804,0.0,159.804
8707,SUSC,2021-12-31,MATURITY,2026-12-23,158.923,0.0,158.923
8708,SUSC,2021-12-31,MATURITY,2026-12-24,69.277,0.0,69.277
8709,SUSC,2021-12-31,MATURITY,2026-12-28,162.169,0.0,162.169
8710,SUSC,2021-12-31,MATURITY,2026-12-29,193.952,0.0,193.952
8711,SUSC,2021-12-31,MATURITY,2026-12-30,648.606,0.0,648.606
8712,SUSC,2021-12-31,MATURITY,2026-12-31,349.413,0.0,349.413
8713,SUSC,2021-12-31,MATURITY,2027-01-04,2609.872,0.0,2609.872
8714,SUSC,2021-12-31,MATURITY,2027-01-06,299.232,0.0,299.232
8715,SUSC,2021-12-31,MATURITY,2027-01-08,836.92,6475.904,7312.824
8716,SUSC,2021-12-31,MATURITY,2027-01-11,1331.173,3253.012,4584.185
8717,SUSC,2021-12-31,MATURITY,2027-01-12,554.93,3975.904,4530.834
8718,SUSC,2021-12-31,MATURITY,2027-01-13,1125.505,0.0,1125.505
8719,SUSC,2021-12-31,MATURITY,2027-01-14,378.844,0.0,378.844
8720,SUSC,2021-12-31,MATURITY,2027-01-15,19004.074,34759.036,53763.11
8721,SUSC,2021-12-31,MATURITY,2027-01-19,2607.433,2560.241,5167.674
8722,SUSC,2021-12-31,MATURITY,2027-01-20,1410.459,3765.06,5175.519
8723,SUSC,2021-12-31,MATURITY,2027-01-21,1080.853,0.0,1080.853
8724,SUSC,2021-12-31,MATURITY,2027-01-22,1221.679,0.0,1221.679
8725,SUSC,2021-12-31,MATURITY,2027-01-25,5966.214,0.0,5966.214
8726,SUSC,2021-12-31,MATURITY,2027-01-26,349.357,1415.663,1765.019
8727,SUSC,2021-12-31,MATURITY,2027-01-27,1419.512,18674.699,20094.211
8728,SUSC,2021-12-31,MATURITY,2027-01-28,206.871,0.0,206.871
8729,SUSC,2021-12-31,MATURITY,2027-01-29,1213.923,3313.253,4527.176
8730,SUSC,2021-12-31,MATURITY,2027-02-01,13373.581,16506.024,29879.605
8731,SUSC,2021-12-31,MATURITY,2027-02-02,132.53,0.0,132.53
8732,SUSC,2021-12-31,MATURITY,2027-02-03,464.495,0.0,464.495
8733,SUSC,2021-12-31,MATURITY,2027-02-04,540.444,0.0,540.444
8734,SUSC,2021-12-31,MATURITY,2027-02-05,445.821,0.0,445.821
8735,SUSC,2021-12-31,MATURITY,2027-02-08,8809.226,39427.711,48236.937
8736,SUSC,2021-12-31,MATURITY,2027-02-09,562.846,11355.422,11918.268
8737,SUSC,2021-12-31,MATURITY,2027-02-10,1343.117,10301.205,11644.322
8738,SUSC,2021-12-31,MATURITY,2027-02-11,318.366,0.0,318.366
8739,SUSC,2021-12-31,MATURITY,2027-02-12,838.542,0.0,838.542
8740,SUSC,2021-12-31,MATURITY,2027-02-16,16985.716,33463.855,50449.572
8741,SUSC,2021-12-31,MATURITY,2027-02-17,465.73,0.0,465.73
8742,SUSC,2021-12-31,MATURITY,2027-02-18,264.477,0.0,264.477
8743,SUSC,2021-12-31,MATURITY,2027-02-19,396.538,0.0,396.538
8744,SUSC,2021-12-31,MATURITY,2027-02-22,3305.615,18132.53,21438.145
8745,SUSC,2021-12-31,MATURITY,2027-02-23,937.47,0.0,937.47
8746,SUSC,2021-12-31,MATURITY,2027-02-24,453.302,7469.88,7923.182
8747,SUSC,2021-12-31,MATURITY,2027-02-25,478.193,0.0,478.193
8748,SUSC,2021-12-31,MATURITY,2027-02-26,610.821,0.0,610.821
8749,SUSC,2021-12-31,MATURITY,2027-03-01,17096.7,54156.627,71253.327
8750,SUSC,2021-12-31,MATURITY,2027-03-02,184.418,1325.301,1509.72
8751,SUSC,2021-12-31,MATURITY,2027-03-03,439.944,4608.434,5048.377
8752,SUSC,2021-12-31,MATURITY,2027-03-04,504.202,0.0,504.202
8753,SUSC,2021-12-31,MATURITY,2027-03-05,255.355,0.0,255.355
8754,SUSC,2021-12-31,MATURITY,2027-03-08,1759.823,19126.506,20886.329
8755,SUSC,2021-12-31,MATURITY,2027-03-09,362.078,3885.542,4247.62
8756,SUSC,2021-12-31,MATURITY,2027-03-10,454.548,0.0,454.548
8757,SUSC,2021-12-31,MATURITY,2027-03-11,378.098,0.0,378.098
8758,SUSC,2021-12-31,MATURITY,2027-03-12,535.964,3222.892,3758.855
8759,SUSC,2021-12-31,MATURITY,2027-03-15,29569.951,36777.108,66347.06
8760,SUSC,2021-12-31,MATURITY,2027-03-16,635.334,2981.928,3617.261
8761,SUSC,2021-12-31,MATURITY,2027-03-17,1399.668,0.0,1399.668
8762,SUSC,2021-12-31,MATURITY,2027-03-18,1493.486,0.0,1493.486
8763,SUSC,2021-12-31,MATURITY,2027-03-19,1229.468,6746.988,7976.456
8764,SUSC,2021-12-31,MATURITY,2027-03-22,3438.39,1807.229,5245.619
8765,SUSC,2021-12-31,MATURITY,2027-03-23,591.866,4578.313,5170.18
8766,SUSC,2021-12-31,MATURITY,2027-03-24,795.309,0.0,795.309
8767,SUSC,2021-12-31,MATURITY,2027-03-25,3564.199,18283.133,21847.331
8768,SUSC,2021-12-31,MATURITY,2027-03-26,854.554,0.0,854.554
8769,SUSC,2021-12-31,MATURITY,2027-03-29,1565.444,21987.952,23553.396
8770,SUSC,2021-12-31,MATURITY,2027-03-30,985.994,2590.361,3576.355
8771,SUSC,2021-12-31,MATURITY,2027-03-31,704.002,0.0,704.002
8772,SUSC,2021-12-31,MATURITY,2027-04-01,25067.838,45301.205,70369.043
8773,SUSC,2021-12-31,MATURITY,2027-04-02,677.711,0.0,677.711
8774,SUSC,2021-12-31,MATURITY,2027-04-05,914.109,0.0,914.109
8775,SUSC,2021-12-31,MATURITY,2027-04-06,866.918,25542.169,26409.087
8776,SUSC,2021-12-31,MATURITY,2027-04-08,16.867,0.0,16.867
8777,SUSC,2021-12-31,MATURITY,2027-04-09,372.214,0.0,372.214
8778,SUSC,2021-12-31,MATURITY,2027-04-12,1227.766,0.0,1227.766
8779,SUSC,2021-12-31,MATURITY,2027-04-13,523.08,0.0,523.08
8780,SUSC,2021-12-31,MATURITY,2027-04-14,546.639,2409.639,2956.278
8781,SUSC,2021-12-31,MATURITY,2027-04-15,18162.441,19216.867,37379.308
8782,SUSC,2021-12-31,MATURITY,2027-04-16,522.242,0.0,522.242
8783,SUSC,2021-12-31,MATURITY,2027-04-19,522.982,0.0,522.982
8784,SUSC,2021-12-31,MATURITY,2027-04-20,489.075,0.0,489.075
8785,SUSC,2021-12-31,MATURITY,2027-04-21,568.383,0.0,568.383
8786,SUSC,2021-12-31,MATURITY,2027-04-22,1246.652,0.0,1246.652
8787,SUSC,2021-12-31,MATURITY,2027-04-23,2644.681,16656.627,19301.308
8788,SUSC,2021-12-31,MATURITY,2027-04-26,2035.259,0.0,2035.259
8789,SUSC,2021-12-31,MATURITY,2027-04-27,710.281,0.0,710.281
8790,SUSC,2021-12-31,MATURITY,2027-04-28,432.42,0.0,432.42
8791,SUSC,2021-12-31,MATURITY,2027-04-29,1005.189,9487.952,10493.141
8792,SUSC,2021-12-31,MATURITY,2027-04-30,1911.356,0.0,1911.356
8793,SUSC,2021-12-31,MATURITY,2027-05-03,15768.548,95602.41,111370.957
8794,SUSC,2021-12-31,MATURITY,2027-05-04,895.12,7138.554,8033.675
8795,SUSC,2021-12-31,MATURITY,2027-05-05,67.082,1566.265,1633.347
8796,SUSC,2021-12-31,MATURITY,2027-05-06,891.978,0.0,891.978
8797,SUSC,2021-12-31,MATURITY,2027-05-07,556.339,0.0,556.339
8798,SUSC,2021-12-31,MATURITY,2027-05-10,1189.443,25090.361,26279.805
8799,SUSC,2021-12-31,MATURITY,2027-05-11,697.176,5963.855,6661.031
8800,SUSC,2021-12-31,MATURITY,2027-05-12,313.328,0.0,313.328
8801,SUSC,2021-12-31,MATURITY,2027-05-13,642.639,0.0,642.639
8802,SUSC,2021-12-31,MATURITY,2027-05-14,2265.053,0.0,2265.053
8803,SUSC,2021-12-31,MATURITY,2027-05-17,26516.202,81506.024,108022.226
8804,SUSC,2021-12-31,MATURITY,2027-05-18,2040.763,0.0,2040.763
8805,SUSC,2021-12-31,MATURITY,2027-05-19,441.928,3825.301,4267.229
8806,SUSC,2021-12-31,MATURITY,2027-05-20,558.27,0.0,558.27
8807,SUSC,2021-12-31,MATURITY,2027-05-21,992.802,0.0,992.802
8808,SUSC,2021-12-31,MATURITY,2027-05-24,2802.275,0.0,2802.275
8809,SUSC,2021-12-31,MATURITY,2027-05-25,775.066,10060.241,10835.307
8810,SUSC,2021-12-31,MATURITY,2027-05-26,168.735,0.0,168.735
8811,SUSC,2021-12-31,MATURITY,2027-05-27,146.099,0.0,146.099
8812,SUSC,2021-12-31,MATURITY,2027-05-28,466.882,0.0,466.882
8813,SUSC,2021-12-31,MATURITY,2027-06-01,21625.6,9216.867,30842.468
8814,SUSC,2021-12-31,MATURITY,2027-06-02,217.748,3945.783,4163.532
8815,SUSC,2021-12-31,MATURITY,2027-06-03,824.323,0.0,824.323
8816,SUSC,2021-12-31,MATURITY,2027-06-04,541.497,0.0,541.497
8817,SUSC,2021-12-31,MATURITY,2027-06-07,2316.991,16204.819,18521.81
8818,SUSC,2021-12-31,MATURITY,2027-06-08,136.651,0.0,136.651
8819,SUSC,2021-12-31,MATURITY,2027-06-09,448.509,0.0,448.509
8820,SUSC,2021-12-31,MATURITY,2027-06-10,669.315,5120.482,5789.797
8821,SUSC,2021-12-31,MATURITY,2027-06-11,131.212,0.0,131.212
8822,SUSC,2021-12-31,MATURITY,2027-06-14,830.663,7710.843,8541.506
8823,SUSC,2021-12-31,MATURITY,2027-06-15,21067.64,81807.229,102874.869
8824,SUSC,2021-12-31,MATURITY,2027-06-16,350.377,0.0,350.377
8825,SUSC,2021-12-31,MATURITY,2027-06-17,357.154,0.0,357.154
8826,SUSC,2021-12-31,MATURITY,2027-06-18,252.794,0.0,252.794
8827,SUSC,2021-12-31,MATURITY,2027-06-21,1806.568,0.0,1806.568
8828,SUSC,2021-12-31,MATURITY,2027-06-22,159.804,0.0,159.804
8829,SUSC,2021-12-31,MATURITY,2027-06-23,158.923,0.0,158.923
8830,SUSC,2021-12-31,MATURITY,2027-06-24,69.277,0.0,69.277
8831,SUSC,2021-12-31,MATURITY,2027-06-28,235.359,0.0,235.359
8832,SUSC,2021-12-31,MATURITY,2027-06-29,120.762,0.0,120.762
8833,SUSC,2021-12-31,MATURITY,2027-06-30,998.019,5662.651,6660.669
8834,SUSC,2021-12-31,MATURITY,2027-07-01,2150.493,2198.795,4349.288
8835,SUSC,2021-12-31,MATURITY,2027-07-02,459.379,0.0,459.379
8836,SUSC,2021-12-31,MATURITY,2027-07-06,299.232,0.0,299.232
8837,SUSC,2021-12-31,MATURITY,2027-07-08,760.828,0.0,760.828
8838,SUSC,2021-12-31,MATURITY,2027-07-09,523.298,0.0,523.298
8839,SUSC,2021-12-31,MATURITY,2027-07-12,1078.111,3915.663,4993.774
8840,SUSC,2021-12-31,MATURITY,2027-07-13,1125.505,21054.217,22179.721
8841,SUSC,2021-12-31,MATURITY,2027-07-14,378.844,0.0,378.844
8842,SUSC,2021-12-31,MATURITY,2027-07-15,18465.426,28463.855,46929.281
8843,SUSC,2021-12-31,MATURITY,2027-07-16,953.368,0.0,953.368
8844,SUSC,2021-12-31,MATURITY,2027-07-19,1274.627,0.0,1274.627
8845,SUSC,2021-12-31,MATURITY,2027-07-20,1615.14,3192.771,4807.911
8846,SUSC,2021-12-31,MATURITY,2027-07-21,1080.853,13102.41,14183.263
8847,SUSC,2021-12-31,MATURITY,2027-07-22,1221.679,0.0,1221.679
8848,SUSC,2021-12-31,MATURITY,2027-07-23,3168.042,0.0,3168.042
8849,SUSC,2021-12-31,MATURITY,2027-07-26,3120.277,3674.699,6794.975
8850,SUSC,2021-12-31,MATURITY,2027-07-27,1111.38,0.0,1111.38
8851,SUSC,2021-12-31,MATURITY,2027-07-28,206.871,0.0,206.871
8852,SUSC,2021-12-31,MATURITY,2027-07-29,1098.222,0.0,1098.222
8853,SUSC,2021-12-31,MATURITY,2027-07-30,1709.443,0.0,1709.443
8854,SUSC,2021-12-31,MATURITY,2027-08-02,11592.779,12951.807,24544.586
8855,SUSC,2021-12-31,MATURITY,2027-08-03,464.495,0.0,464.495
8856,SUSC,2021-12-31,MATURITY,2027-08-04,540.444,0.0,540.444
8857,SUSC,2021-12-31,MATURITY,2027-08-05,445.821,0.0,445.821
8858,SUSC,2021-12-31,MATURITY,2027-08-06,594.957,0.0,594.957
8859,SUSC,2021-12-31,MATURITY,2027-08-09,7699.871,0.0,7699.871
8860,SUSC,2021-12-31,MATURITY,2027-08-10,1178.298,0.0,1178.298
8861,SUSC,2021-12-31,MATURITY,2027-08-11,318.366,9548.193,9866.559
8862,SUSC,2021-12-31,MATURITY,2027-08-12,838.542,0.0,838.542
8863,SUSC,2021-12-31,MATURITY,2027-08-13,295.995,0.0,295.995
8864,SUSC,2021-12-31,MATURITY,2027-08-16,16102.146,7951.807,24053.953
8865,SUSC,2021-12-31,MATURITY,2027-08-17,465.73,0.0,465.73
8866,SUSC,2021-12-31,MATURITY,2027-08-18,264.477,0.0,264.477
8867,SUSC,2021-12-31,MATURITY,2027-08-19,396.538,0.0,396.538
8868,SUSC,2021-12-31,MATURITY,2027-08-20,511.009,0.0,511.009
8869,SUSC,2021-12-31,MATURITY,2027-08-23,3509.262,19518.072,23027.334
8870,SUSC,2021-12-31,MATURITY,2027-08-24,301.627,7861.446,8163.072
8871,SUSC,2021-12-31,MATURITY,2027-08-25,478.193,0.0,478.193
8872,SUSC,2021-12-31,MATURITY,2027-08-26,610.821,0.0,610.821
8873,SUSC,2021-12-31,MATURITY,2027-08-27,282.492,0.0,282.492
8874,SUSC,2021-12-31,MATURITY,2027-08-30,198.75,0.0,198.75
8875,SUSC,2021-12-31,MATURITY,2027-09-01,15745.367,7620.482,23365.849
8876,SUSC,2021-12-31,MATURITY,2027-09-02,163.214,0.0,163.214
8877,SUSC,2021-12-31,MATURITY,2027-09-03,371.969,0.0,371.969
8878,SUSC,2021-12-31,MATURITY,2027-09-07,1880.79,0.0,1880.79
8879,SUSC,2021-12-31,MATURITY,2027-09-08,292.479,1656.627,1949.105
8880,SUSC,2021-12-31,MATURITY,2027-09-09,328.08,0.0,328.08
8881,SUSC,2021-12-31,MATURITY,2027-09-10,454.548,0.0,454.548
8882,SUSC,2021-12-31,MATURITY,2027-09-13,1838.223,11957.831,13796.054
8883,SUSC,2021-12-31,MATURITY,2027-09-14,924.718,18524.096,19448.814
8884,SUSC,2021-12-31,MATURITY,2027-09-15,26758.738,37168.675,63927.413
8885,SUSC,2021-12-31,MATURITY,2027-09-16,573.831,0.0,573.831
8886,SUSC,2021-12-31,MATURITY,2027-09-17,1399.668,0.0,1399.668
8887,SUSC,2021-12-31,MATURITY,2027-09-20,3734.162,1174.699,4908.861
8888,SUSC,2021-12-31,MATURITY,2027-09-21,945.179,0.0,945.179
8889,SUSC,2021-12-31,MATURITY,2027-09-22,1358.279,6024.096,7382.376
8890,SUSC,2021-12-31,MATURITY,2027-09-23,507.168,0.0,507.168
8891,SUSC,2021-12-31,MATURITY,2027-09-24,795.309,0.0,795.309
8892,SUSC,2021-12-31,MATURITY,2027-09-27,4749.491,16475.904,21225.395
8893,SUSC,2021-12-31,MATURITY,2027-09-28,109.834,0.0,109.834
8894,SUSC,2021-12-31,MATURITY,2027-09-29,445.233,11807.229,12252.462
8895,SUSC,2021-12-31,MATURITY,2027-09-30,1630.719,0.0,1630.719
8896,SUSC,2021-12-31,MATURITY,2027-10-01,24210.53,26566.265,50776.795
8897,SUSC,2021-12-31,MATURITY,2027-10-04,1099.078,0.0,1099.078
8898,SUSC,2021-12-31,MATURITY,2027-10-05,492.742,0.0,492.742
8899,SUSC,2021-12-31,MATURITY,2027-10-06,366.36,0.0,366.36
8900,SUSC,2021-12-31,MATURITY,2027-10-08,16.867,0.0,16.867
8901,SUSC,2021-12-31,MATURITY,2027-10-12,1599.98,0.0,1599.98
8902,SUSC,2021-12-31,MATURITY,2027-10-13,523.08,0.0,523.08
8903,SUSC,2021-12-31,MATURITY,2027-10-14,503.41,0.0,503.41
8904,SUSC,2021-12-31,MATURITY,2027-10-15,17894.199,62530.12,80424.32
8905,SUSC,2021-12-31,MATURITY,2027-10-18,1045.223,2981.928,4027.151
8906,SUSC,2021-12-31,MATURITY,2027-10-20,489.075,0.0,489.075
8907,SUSC,2021-12-31,MATURITY,2027-10-21,568.383,13042.169,13610.552
8908,SUSC,2021-12-31,MATURITY,2027-10-22,1246.652,0.0,1246.652
8909,SUSC,2021-12-31,MATURITY,2027-10-25,4100.437,8463.855,12564.293
8910,SUSC,2021-12-31,MATURITY,2027-10-26,253.08,0.0,253.08
8911,SUSC,2021-12-31,MATURITY,2027-10-27,710.281,0.0,710.281
8912,SUSC,2021-12-31,MATURITY,2027-10-28,432.42,0.0,432.42
8913,SUSC,2021-12-31,MATURITY,2027-10-29,625.671,0.0,625.671
8914,SUSC,2021-12-31,MATURITY,2027-11-01,14281.094,2409.639,16690.732
8915,SUSC,2021-12-31,MATURITY,2027-11-02,1047.297,12439.759,13487.056
8916,SUSC,2021-12-31,MATURITY,2027-11-03,1031.332,10933.735,11965.067
8917,SUSC,2021-12-31,MATURITY,2027-11-04,479.42,0.0,479.42
8918,SUSC,2021-12-31,MATURITY,2027-11-05,44.371,0.0,44.371
8919,SUSC,2021-12-31,MATURITY,2027-11-08,1835.181,0.0,1835.181
8920,SUSC,2021-12-31,MATURITY,2027-11-09,213.226,0.0,213.226
8921,SUSC,2021-12-31,MATURITY,2027-11-10,164.334,0.0,164.334
8922,SUSC,2021-12-31,MATURITY,2027-11-12,916.573,0.0,916.573
8923,SUSC,2021-12-31,MATURITY,2027-11-15,25885.547,60391.566,86277.113
8924,SUSC,2021-12-31,MATURITY,2027-11-16,1385.618,4126.506,5512.124
8925,SUSC,2021-12-31,MATURITY,2027-11-17,691.751,0.0,691.751
8926,SUSC,2021-12-31,MATURITY,2027-11-18,2040.763,6024.096,8064.859
8927,SUSC,2021-12-31,MATURITY,2027-11-19,381.679,0.0,381.679
8928,SUSC,2021-12-31,MATURITY,2027-11-22,2758.896,6024.096,8782.992
8929,SUSC,2021-12-31,MATURITY,2027-11-23,292.831,0.0,292.831
8930,SUSC,2021-12-31,MATURITY,2027-11-24,1272.306,12048.193,13320.498
8931,SUSC,2021-12-31,MATURITY,2027-11-26,763.44,7349.398,8112.837
8932,SUSC,2021-12-31,MATURITY,2027-11-29,942.179,0.0,942.179
8933,SUSC,2021-12-31,MATURITY,2027-11-30,2764.044,0.0,2764.044
8934,SUSC,2021-12-31,MATURITY,2027-12-01,18361.004,91566.265,109927.269
8935,SUSC,2021-12-31,MATURITY,2027-12-02,147.711,0.0,147.711
8936,SUSC,2021-12-31,MATURITY,2027-12-03,824.323,0.0,824.323
8937,SUSC,2021-12-31,MATURITY,2027-12-06,2208.443,4277.108,6485.551
8938,SUSC,2021-12-31,MATURITY,2027-12-07,283.622,0.0,283.622
8939,SUSC,2021-12-31,MATURITY,2027-12-08,136.651,0.0,136.651
8940,SUSC,2021-12-31,MATURITY,2027-12-09,448.509,0.0,448.509
8941,SUSC,2021-12-31,MATURITY,2027-12-10,625.791,0.0,625.791
8942,SUSC,2021-12-31,MATURITY,2027-12-13,131.212,0.0,131.212
8943,SUSC,2021-12-31,MATURITY,2027-12-14,710.181,0.0,710.181
8944,SUSC,2021-12-31,MATURITY,2027-12-15,19476.809,54789.157,74265.966
8945,SUSC,2021-12-31,MATURITY,2027-12-16,350.377,0.0,350.377
8946,SUSC,2021-12-31,MATURITY,2027-12-17,357.154,0.0,357.154
8947,SUSC,2021-12-31,MATURITY,2027-12-20,1840.973,0.0,1840.973
8948,SUSC,2021-12-31,MATURITY,2027-12-21,218.389,0.0,218.389
8949,SUSC,2021-12-31,MATURITY,2027-12-22,159.804,0.0,159.804
8950,SUSC,2021-12-31,MATURITY,2027-12-23,158.923,0.0,158.923
8951,SUSC,2021-12-31,MATURITY,2027-12-24,69.277,0.0,69.277
8952,SUSC,2021-12-31,MATURITY,2027-12-27,162.169,0.0,162.169
8953,SUSC,2021-12-31,MATURITY,2027-12-29,193.952,0.0,193.952
8954,SUSC,2021-12-31,MATURITY,2027-12-30,648.606,0.0,648.606
8955,SUSC,2021-12-31,MATURITY,2027-12-31,204.307,0.0,204.307
8956,SUSC,2021-12-31,MATURITY,2028-01-03,2146.005,0.0,2146.005
8957,SUSC,2021-12-31,MATURITY,2028-01-04,425.388,0.0,425.388
8958,SUSC,2021-12-31,MATURITY,2028-01-06,299.232,903.614,1202.846
8959,SUSC,2021-12-31,MATURITY,2028-01-10,1817.425,13313.253,15130.678
8960,SUSC,2021-12-31,MATURITY,2028-01-11,310.968,4036.145,4347.112
8961,SUSC,2021-12-31,MATURITY,2028-01-12,167.983,1927.711,2095.694
8962,SUSC,2021-12-31,MATURITY,2028-01-13,675.203,0.0,675.203
8963,SUSC,2021-12-31,MATURITY,2028-01-14,378.844,0.0,378.844
8964,SUSC,2021-12-31,MATURITY,2028-01-18,20445.752,52228.916,72674.668
8965,SUSC,2021-12-31,MATURITY,2028-01-19,30.293,0.0,30.293
8966,SUSC,2021-12-31,MATURITY,2028-01-20,1274.324,6656.627,7930.95
8967,SUSC,2021-12-31,MATURITY,2028-01-21,824.447,0.0,824.447
8968,SUSC,2021-12-31,MATURITY,2028-01-24,5772.179,17831.325,23603.505
8969,SUSC,2021-12-31,MATURITY,2028-01-25,1080.13,19969.88,21050.009
8970,SUSC,2021-12-31,MATURITY,2028-01-26,322.105,0.0,322.105
8971,SUSC,2021-12-31,MATURITY,2028-01-27,1111.38,0.0,1111.38
8972,SUSC,2021-12-31,MATURITY,2028-01-28,206.871,0.0,206.871
8973,SUSC,2021-12-31,MATURITY,2028-01-31,3028.689,56626.506,59655.195
8974,SUSC,2021-12-31,MATURITY,2028-02-01,10965.233,25331.325,36296.559
8975,SUSC,2021-12-31,MATURITY,2028-02-02,132.53,0.0,132.53
8976,SUSC,2021-12-31,MATURITY,2028-02-03,464.495,0.0,464.495
8977,SUSC,2021-12-31,MATURITY,2028-02-04,540.444,0.0,540.444
8978,SUSC,2021-12-31,MATURITY,2028-02-07,1957.388,26024.096,27981.485
8979,SUSC,2021-12-31,MATURITY,2028-02-08,6453.2,0.0,6453.2
8980,SUSC,2021-12-31,MATURITY,2028-02-09,330.06,0.0,330.06
8981,SUSC,2021-12-31,MATURITY,2028-02-10,1178.298,0.0,1178.298
8982,SUSC,2021-12-31,MATURITY,2028-02-11,182.304,0.0,182.304
8983,SUSC,2021-12-31,MATURITY,2028-02-14,1338.415,0.0,1338.415
8984,SUSC,2021-12-31,MATURITY,2028-02-15,15279.771,33253.012,48532.783
8985,SUSC,2021-12-31,MATURITY,2028-02-16,453.553,2710.843,3164.397
8986,SUSC,2021-12-31,MATURITY,2028-02-17,465.73,0.0,465.73
8987,SUSC,2021-12-31,MATURITY,2028-02-18,264.477,0.0,264.477
8988,SUSC,2021-12-31,MATURITY,2028-02-22,3136.349,0.0,3136.349
8989,SUSC,2021-12-31,MATURITY,2028-02-23,937.47,16716.867,17654.337
8990,SUSC,2021-12-31,MATURITY,2028-02-24,152.259,0.0,152.259
8991,SUSC,2021-12-31,MATURITY,2028-02-25,478.193,0.0,478.193
8992,SUSC,2021-12-31,MATURITY,2028-02-28,1092.063,0.0,1092.063
8993,SUSC,2021-12-31,MATURITY,2028-03-01,15627.852,33915.663,49543.515
8994,SUSC,2021-12-31,MATURITY,2028-03-02,163.214,3253.012,3416.226
8995,SUSC,2021-12-31,MATURITY,2028-03-03,371.969,0.0,371.969
8996,SUSC,2021-12-31,MATURITY,2028-03-06,1194.344,1506.024,2700.368
8997,SUSC,2021-12-31,MATURITY,2028-03-07,686.446,0.0,686.446
8998,SUSC,2021-12-31,MATURITY,2028-03-08,269.286,0.0,269.286
8999,SUSC,2021-12-31,MATURITY,2028-03-09,328.08,0.0,328.08
9000,SUSC,2021-12-31,MATURITY,2028-03-10,454.548,0.0,454.548
9001,SUSC,2021-12-31,MATURITY,2028-03-13,1658.855,7981.928,9640.783
9002,SUSC,2021-12-31,MATURITY,2028-03-14,710.862,0.0,710.862
9003,SUSC,2021-12-31,MATURITY,2028-03-15,26059.843,73524.096,99583.94
9004,SUSC,2021-12-31,MATURITY,2028-03-16,573.831,0.0,573.831
9005,SUSC,2021-12-31,MATURITY,2028-03-17,1399.668,0.0,1399.668
9006,SUSC,2021-12-31,MATURITY,2028-03-20,3714.903,2349.398,6064.301
9007,SUSC,2021-12-31,MATURITY,2028-03-21,945.179,0.0,945.179
9008,SUSC,2021-12-31,MATURITY,2028-03-22,1332.828,16897.59,18230.418
9009,SUSC,2021-12-31,MATURITY,2028-03-23,507.168,0.0,507.168
9010,SUSC,2021-12-31,MATURITY,2028-03-24,795.309,0.0,795.309
9011,SUSC,2021-12-31,MATURITY,2028-03-27,4440.568,14518.072,18958.64
9012,SUSC,2021-12-31,MATURITY,2028-03-28,109.834,0.0,109.834
9013,SUSC,2021-12-31,MATURITY,2028-03-29,182.523,0.0,182.523
9014,SUSC,2021-12-31,MATURITY,2028-03-30,926.717,0.0,926.717
9015,SUSC,2021-12-31,MATURITY,2028-03-31,704.002,0.0,704.002
9016,SUSC,2021-12-31,MATURITY,2028-04-03,24743.328,16536.145,41279.472
9017,SUSC,2021-12-31,MATURITY,2028-04-05,492.742,0.0,492.742
9018,SUSC,2021-12-31,MATURITY,2028-04-06,366.36,0.0,366.36
9019,SUSC,2021-12-31,MATURITY,2028-04-10,389.081,0.0,389.081
9020,SUSC,2021-12-31,MATURITY,2028-04-11,1190.115,53945.783,55135.898
9021,SUSC,2021-12-31,MATURITY,2028-04-12,37.651,0.0,37.651
9022,SUSC,2021-12-31,MATURITY,2028-04-13,523.08,14789.157,15312.236
9023,SUSC,2021-12-31,MATURITY,2028-04-14,456.099,0.0,456.099
9024,SUSC,2021-12-31,MATURITY,2028-04-17,17120.177,29096.386,46216.563
9025,SUSC,2021-12-31,MATURITY,2028-04-18,881.546,0.0,881.546
9026,SUSC,2021-12-31,MATURITY,2028-04-20,489.075,7590.361,8079.437
9027,SUSC,2021-12-31,MATURITY,2028-04-21,463.554,0.0,463.554
9028,SUSC,2021-12-31,MATURITY,2028-04-24,4482.353,7138.554,11620.907
9029,SUSC,2021-12-31,MATURITY,2028-04-25,733.547,0.0,733.547
9030,SUSC,2021-12-31,MATURITY,2028-04-26,253.08,2048.193,2301.273
9031,SUSC,2021-12-31,MATURITY,2028-04-27,575.289,0.0,575.289
9032,SUSC,2021-12-31,MATURITY,2028-04-28,432.42,10783.133,11215.553
9033,SUSC,2021-12-31,MATURITY,2028-05-01,14472.85,18132.53,32605.38
9034,SUSC,2021-12-31,MATURITY,2028-05-02,1236.618,60.241,1296.859
9035,SUSC,2021-12-31,MATURITY,2028-05-03,867.792,0.0,867.792
9036,SUSC,2021-12-31,MATURITY,2028-05-04,479.42,0.0,479.42
9037,SUSC,2021-12-31,MATURITY,2028-05-05,44.371,0.0,44.371
9038,SUSC,2021-12-31,MATURITY,2028-05-08,1784.763,1445.783,3230.546
9039,SUSC,2021-12-31,MATURITY,2028-05-09,213.226,2108.434,2321.66
9040,SUSC,2021-12-31,MATURITY,2028-05-10,164.334,0.0,164.334
9041,SUSC,2021-12-31,MATURITY,2028-05-11,603.245,0.0,603.245
9042,SUSC,2021-12-31,MATURITY,2028-05-12,313.328,0.0,313.328
9043,SUSC,2021-12-31,MATURITY,2028-05-15,24795.464,40240.964,65036.428
9044,SUSC,2021-12-31,MATURITY,2028-05-16,1286.762,0.0,1286.762
9045,SUSC,2021-12-31,MATURITY,2028-05-17,691.751,0.0,691.751
9046,SUSC,2021-12-31,MATURITY,2028-05-18,2021.486,56024.096,58045.582
9047,SUSC,2021-12-31,MATURITY,2028-05-19,381.679,0.0,381.679
9048,SUSC,2021-12-31,MATURITY,2028-05-22,2723.354,0.0,2723.354
9049,SUSC,2021-12-31,MATURITY,2028-05-23,292.831,0.0,292.831
9050,SUSC,2021-12-31,MATURITY,2028-05-24,1260.691,0.0,1260.691
9051,SUSC,2021-12-31,MATURITY,2028-05-25,440.992,11204.819,11645.812
9052,SUSC,2021-12-31,MATURITY,2028-05-26,168.735,0.0,168.735
9053,SUSC,2021-12-31,MATURITY,2028-05-30,3210.733,10602.41,13813.143
9054,SUSC,2021-12-31,MATURITY,2028-05-31,495.489,0.0,495.489
9055,SUSC,2021-12-31,MATURITY,2028-06-01,16645.098,24548.193,41193.291
9056,SUSC,2021-12-31,MATURITY,2028-06-02,147.711,0.0,147.711
9057,SUSC,2021-12-31,MATURITY,2028-06-05,2167.353,7228.916,9396.269
9058,SUSC,2021-12-31,MATURITY,2028-06-06,779.871,0.0,779.871
9059,SUSC,2021-12-31,MATURITY,2028-06-07,283.622,0.0,283.622
9060,SUSC,2021-12-31,MATURITY,2028-06-08,136.651,0.0,136.651
9061,SUSC,2021-12-31,MATURITY,2028-06-09,448.509,0.0,448.509
9062,SUSC,2021-12-31,MATURITY,2028-06-12,757.003,0.0,757.003
9063,SUSC,2021-12-31,MATURITY,2028-06-14,710.181,0.0,710.181
9064,SUSC,2021-12-31,MATURITY,2028-06-15,18503.949,75843.373,94347.323
9065,SUSC,2021-12-31,MATURITY,2028-06-16,350.377,0.0,350.377
9066,SUSC,2021-12-31,MATURITY,2028-06-19,1141.429,0.0,1141.429
9067,SUSC,2021-12-31,MATURITY,2028-06-20,1027.941,8765.06,9793.001
9068,SUSC,2021-12-31,MATURITY,2028-06-21,218.389,0.0,218.389
9069,SUSC,2021-12-31,MATURITY,2028-06-22,159.804,0.0,159.804
9070,SUSC,2021-12-31,MATURITY,2028-06-23,158.923,0.0,158.923
9071,SUSC,2021-12-31,MATURITY,2028-06-26,231.446,0.0,231.446
9072,SUSC,2021-12-31,MATURITY,2028-06-27,73.19,0.0,73.19
9073,SUSC,2021-12-31,MATURITY,2028-06-29,120.762,0.0,120.762
9074,SUSC,2021-12-31,MATURITY,2028-06-30,852.913,0.0,852.913
9075,SUSC,2021-12-31,MATURITY,2028-07-03,2571.393,0.0,2571.393
9076,SUSC,2021-12-31,MATURITY,2028-07-06,285.452,0.0,285.452
9077,SUSC,2021-12-31,MATURITY,2028-07-10,1910.25,0.0,1910.25
9078,SUSC,2021-12-31,MATURITY,2028-07-12,128.224,0.0,128.224
9079,SUSC,2021-12-31,MATURITY,2028-07-13,675.203,0.0,675.203
9080,SUSC,2021-12-31,MATURITY,2028-07-14,378.844,0.0,378.844
9081,SUSC,2021-12-31,MATURITY,2028-07-17,17950.298,15813.253,33763.551
9082,SUSC,2021-12-31,MATURITY,2028-07-18,1500.892,0.0,1500.892
9083,SUSC,2021-12-31,MATURITY,2028-07-19,30.293,1536.145,1566.437
9084,SUSC,2021-12-31,MATURITY,2028-07-20,1214.942,753.012,1967.954
9085,SUSC,2021-12-31,MATURITY,2028-07-21,824.447,1716.867,2541.314
9086,SUSC,2021-12-31,MATURITY,2028-07-24,5274.609,26777.108,32051.717
9087,SUSC,2021-12-31,MATURITY,2028-07-25,730.235,6265.06,6995.295
9088,SUSC,2021-12-31,MATURITY,2028-07-26,322.105,3162.651,3484.756
9089,SUSC,2021-12-31,MATURITY,2028-07-27,1111.38,0.0,1111.38
9090,SUSC,2021-12-31,MATURITY,2028-07-28,206.871,0.0,206.871
9091,SUSC,2021-12-31,MATURITY,2028-07-31,2398.839,0.0,2398.839
9092,SUSC,2021-12-31,MATURITY,2028-08-01,10618.081,3524.096,14142.177
9093,SUSC,2021-12-31,MATURITY,2028-08-02,132.53,0.0,132.53
9094,SUSC,2021-12-31,MATURITY,2028-08-03,464.495,12168.675,12633.17
9095,SUSC,2021-12-31,MATURITY,2028-08-04,540.444,0.0,540.444
9096,SUSC,2021-12-31,MATURITY,2028-08-07,1705.116,0.0,1705.116
9097,SUSC,2021-12-31,MATURITY,2028-08-08,6453.2,207379.518,213832.719
9098,SUSC,2021-12-31,MATURITY,2028-08-09,330.06,0.0,330.06
9099,SUSC,2021-12-31,MATURITY,2028-08-10,1178.298,0.0,1178.298
9100,SUSC,2021-12-31,MATURITY,2028-08-11,182.304,0.0,182.304
9101,SUSC,2021-12-31,MATURITY,2028-08-14,1338.415,3012.048,4350.463
9102,SUSC,2021-12-31,MATURITY,2028-08-15,14605.584,13734.94,28340.524
9103,SUSC,2021-12-31,MATURITY,2028-08-16,400.014,3162.651,3562.665
9104,SUSC,2021-12-31,MATURITY,2028-08-17,465.73,0.0,465.73
9105,SUSC,2021-12-31,MATURITY,2028-08-18,264.477,0.0,264.477
9106,SUSC,2021-12-31,MATURITY,2028-08-21,2259.149,28012.048,30271.197
9107,SUSC,2021-12-31,MATURITY,2028-08-22,877.2,0.0,877.2
9108,SUSC,2021-12-31,MATURITY,2028-08-23,565.03,0.0,565.03
9109,SUSC,2021-12-31,MATURITY,2028-08-24,152.259,0.0,152.259
9110,SUSC,2021-12-31,MATURITY,2028-08-25,478.193,0.0,478.193
9111,SUSC,2021-12-31,MATURITY,2028-08-28,1092.063,0.0,1092.063
9112,SUSC,2021-12-31,MATURITY,2028-09-01,14980.53,15000.0,29980.53
9113,SUSC,2021-12-31,MATURITY,2028-09-05,1129.949,0.0,1129.949
9114,SUSC,2021-12-31,MATURITY,2028-09-06,434.786,0.0,434.786
9115,SUSC,2021-12-31,MATURITY,2028-09-07,686.446,0.0,686.446
9116,SUSC,2021-12-31,MATURITY,2028-09-08,269.286,0.0,269.286
9117,SUSC,2021-12-31,MATURITY,2028-09-11,1161.619,4397.59,5559.209
9118,SUSC,2021-12-31,MATURITY,2028-09-12,324.367,0.0,324.367
9119,SUSC,2021-12-31,MATURITY,2028-09-13,886.343,2710.843,3597.186
9120,SUSC,2021-12-31,MATURITY,2028-09-14,710.862,17018.072,17728.934
9121,SUSC,2021-12-31,MATURITY,2028-09-15,24577.558,14879.518,39457.076
9122,SUSC,2021-12-31,MATURITY,2028-09-18,3363.306,6024.096,9387.402
9123,SUSC,2021-12-31,MATURITY,2028-09-19,1217.274,0.0,1217.274
9124,SUSC,2021-12-31,MATURITY,2028-09-20,1061.422,0.0,1061.422
9125,SUSC,2021-12-31,MATURITY,2028-09-21,945.179,9849.398,10794.577
9126,SUSC,2021-12-31,MATURITY,2028-09-22,969.255,0.0,969.255
9127,SUSC,2021-12-31,MATURITY,2028-09-25,4046.382,0.0,4046.382
9128,SUSC,2021-12-31,MATURITY,2028-09-26,854.554,6807.229,7661.783
9129,SUSC,2021-12-31,MATURITY,2028-09-27,531.67,0.0,531.67
9130,SUSC,2021-12-31,MATURITY,2028-09-28,109.834,0.0,109.834
9131,SUSC,2021-12-31,MATURITY,2028-09-29,182.523,0.0,182.523
9132,SUSC,2021-12-31,MATURITY,2028-10-02,25615.955,67198.795,92814.75
9133,SUSC,2021-12-31,MATURITY,2028-10-03,409.921,0.0,409.921
9134,SUSC,2021-12-31,MATURITY,2028-10-05,492.742,0.0,492.742
9135,SUSC,2021-12-31,MATURITY,2028-10-06,366.36,0.0,366.36
9136,SUSC,2021-12-31,MATURITY,2028-10-10,389.081,0.0,389.081
9137,SUSC,2021-12-31,MATURITY,2028-10-11,121.636,6265.06,6386.696
9138,SUSC,2021-12-31,MATURITY,2028-10-12,37.651,0.0,37.651
9139,SUSC,2021-12-31,MATURITY,2028-10-13,227.297,0.0,227.297
9140,SUSC,2021-12-31,MATURITY,2028-10-16,17581.406,45722.892,63304.298
9141,SUSC,2021-12-31,MATURITY,2028-10-17,237.929,3493.976,3731.905
9142,SUSC,2021-12-31,MATURITY,2028-10-18,28.238,0.0,28.238
9143,SUSC,2021-12-31,MATURITY,2028-10-20,323.985,0.0,323.985
9144,SUSC,2021-12-31,MATURITY,2028-10-23,3822.322,0.0,3822.322
9145,SUSC,2021-12-31,MATURITY,2028-10-24,785.201,0.0,785.201
9146,SUSC,2021-12-31,MATURITY,2028-10-25,733.547,0.0,733.547
9147,SUSC,2021-12-31,MATURITY,2028-10-26,213.14,0.0,213.14
9148,SUSC,2021-12-31,MATURITY,2028-10-27,575.289,12500.0,13075.289
9149,SUSC,2021-12-31,MATURITY,2028-10-30,2331.689,35240.964,37572.652
9150,SUSC,2021-12-31,MATURITY,2028-10-31,204.806,0.0,204.806
9151,SUSC,2021-12-31,MATURITY,2028-11-01,12020.513,11325.301,23345.814
9152,SUSC,2021-12-31,MATURITY,2028-11-02,846.227,1656.627,2502.854
9153,SUSC,2021-12-31,MATURITY,2028-11-03,867.792,451.807,1319.599
9154,SUSC,2021-12-31,MATURITY,2028-11-06,1415.769,4518.072,5933.842
9155,SUSC,2021-12-31,MATURITY,2028-11-07,476.101,10873.494,11349.595
9156,SUSC,2021-12-31,MATURITY,2028-11-08,386.864,0.0,386.864
9157,SUSC,2021-12-31,MATURITY,2028-11-09,162.244,0.0,162.244
9158,SUSC,2021-12-31,MATURITY,2028-11-10,164.334,0.0,164.334
9159,SUSC,2021-12-31,MATURITY,2028-11-13,1559.213,0.0,1559.213
9160,SUSC,2021-12-31,MATURITY,2028-11-14,2265.053,5542.169,7807.221
9161,SUSC,2021-12-31,MATURITY,2028-11-15,21094.222,15722.892,36817.113
9162,SUSC,2021-12-31,MATURITY,2028-11-16,1150.613,11807.229,12957.841
9163,SUSC,2021-12-31,MATURITY,2028-11-17,691.751,0.0,691.751
9164,SUSC,2021-12-31,MATURITY,2028-11-20,1639.982,0.0,1639.982
9165,SUSC,2021-12-31,MATURITY,2028-11-21,992.802,0.0,992.802
9166,SUSC,2021-12-31,MATURITY,2028-11-22,1172.282,0.0,1172.282
9167,SUSC,2021-12-31,MATURITY,2028-11-24,1553.523,0.0,1553.523
9168,SUSC,2021-12-31,MATURITY,2028-11-27,498.284,3313.253,3811.537
9169,SUSC,2021-12-31,MATURITY,2028-11-28,466.882,3825.301,4292.183
9170,SUSC,2021-12-31,MATURITY,2028-11-29,329.197,0.0,329.197
9171,SUSC,2021-12-31,MATURITY,2028-11-30,2532.116,1054.217,3586.333
9172,SUSC,2021-12-31,MATURITY,2028-12-01,16089.383,22078.313,38167.696
9173,SUSC,2021-12-31,MATURITY,2028-12-04,1513.531,13765.06,15278.591
9174,SUSC,2021-12-31,MATURITY,2028-12-05,739.395,0.0,739.395
9175,SUSC,2021-12-31,MATURITY,2028-12-06,779.871,7319.277,8099.148
9176,SUSC,2021-12-31,MATURITY,2028-12-07,283.622,0.0,283.622
9177,SUSC,2021-12-31,MATURITY,2028-12-08,136.651,0.0,136.651
9178,SUSC,2021-12-31,MATURITY,2028-12-11,1205.512,3915.663,5121.175
9179,SUSC,2021-12-31,MATURITY,2028-12-14,710.181,0.0,710.181
9180,SUSC,2021-12-31,MATURITY,2028-12-15,16859.966,10632.53,27492.496
9181,SUSC,2021-12-31,MATURITY,2028-12-18,960.324,0.0,960.324
9182,SUSC,2021-12-31,MATURITY,2028-12-19,349.777,0.0,349.777
9183,SUSC,2021-12-31,MATURITY,2028-12-20,830.727,2650.602,3481.329
9184,SUSC,2021-12-31,MATURITY,2028-12-21,218.389,753.012,971.401
9185,SUSC,2021-12-31,MATURITY,2028-12-22,159.804,0.0,159.804
9186,SUSC,2021-12-31,MATURITY,2028-12-26,390.369,0.0,390.369
9187,SUSC,2021-12-31,MATURITY,2028-12-27,73.19,0.0,73.19
9188,SUSC,2021-12-31,MATURITY,2028-12-29,120.762,0.0,120.762
9189,SUSC,2021-12-31,MATURITY,2029-01-02,3424.306,0.0,3424.306
9190,SUSC,2021-12-31,MATURITY,2029-01-08,1046.28,2198.795,3245.075
9191,SUSC,2021-12-31,MATURITY,2029-01-09,523.298,0.0,523.298
9192,SUSC,2021-12-31,MATURITY,2029-01-10,626.124,0.0,626.124
9193,SUSC,2021-12-31,MATURITY,2029-01-12,128.224,0.0,128.224
9194,SUSC,2021-12-31,MATURITY,2029-01-16,18663.022,18132.53,36795.552
9195,SUSC,2021-12-31,MATURITY,2029-01-17,545.806,15090.361,15636.167
9196,SUSC,2021-12-31,MATURITY,2029-01-18,872.998,10692.771,11565.77
9197,SUSC,2021-12-31,MATURITY,2029-01-22,2826.723,0.0,2826.723
9198,SUSC,2021-12-31,MATURITY,2029-01-23,2832.733,24849.398,27682.131
9199,SUSC,2021-12-31,MATURITY,2029-01-24,1316.037,7861.446,9177.483
9200,SUSC,2021-12-31,MATURITY,2029-01-25,601.018,17228.916,17829.934
9201,SUSC,2021-12-31,MATURITY,2029-01-26,258.061,2680.723,2938.784
9202,SUSC,2021-12-31,MATURITY,2029-01-29,2234.183,0.0,2234.183
9203,SUSC,2021-12-31,MATURITY,2029-01-30,1170.271,0.0,1170.271
9204,SUSC,2021-12-31,MATURITY,2029-01-31,312.636,0.0,312.636
9205,SUSC,2021-12-31,MATURITY,2029-02-01,10551.123,18192.771,28743.894
9206,SUSC,2021-12-31,MATURITY,2029-02-02,132.53,0.0,132.53
9207,SUSC,2021-12-31,MATURITY,2029-02-05,1228.682,0.0,1228.682
9208,SUSC,2021-12-31,MATURITY,2029-02-06,594.957,5662.651,6257.608
9209,SUSC,2021-12-31,MATURITY,2029-02-07,664.338,0.0,664.338
9210,SUSC,2021-12-31,MATURITY,2029-02-08,853.953,6084.337,6938.291
9211,SUSC,2021-12-31,MATURITY,2029-02-09,330.06,0.0,330.06
9212,SUSC,2021-12-31,MATURITY,2029-02-12,2172.036,0.0,2172.036
9213,SUSC,2021-12-31,MATURITY,2029-02-13,295.995,0.0,295.995
9214,SUSC,2021-12-31,MATURITY,2029-02-14,203.878,0.0,203.878
9215,SUSC,2021-12-31,MATURITY,2029-02-15,14332.342,10572.289,24904.631
9216,SUSC,2021-12-31,MATURITY,2029-02-16,328.064,0.0,328.064
9217,SUSC,2021-12-31,MATURITY,2029-02-20,1429.309,5030.12,6459.43
9218,SUSC,2021-12-31,MATURITY,2029-02-21,1002.581,0.0,1002.581
9219,SUSC,2021-12-31,MATURITY,2029-02-22,877.2,0.0,877.2
9220,SUSC,2021-12-31,MATURITY,2029-02-23,565.03,0.0,565.03
9221,SUSC,2021-12-31,MATURITY,2029-02-26,1241.273,1506.024,2747.297
9222,SUSC,2021-12-31,MATURITY,2029-02-27,282.492,0.0,282.492
9223,SUSC,2021-12-31,MATURITY,2029-02-28,198.75,0.0,198.75
9224,SUSC,2021-12-31,MATURITY,2029-03-01,14679.581,40150.602,54830.184
9225,SUSC,2021-12-31,MATURITY,2029-03-02,98.788,0.0,98.788
9226,SUSC,2021-12-31,MATURITY,2029-03-05,1031.162,5210.843,6242.005
9227,SUSC,2021-12-31,MATURITY,2029-03-06,434.786,0.0,434.786
9228,SUSC,2021-12-31,MATURITY,2029-03-07,686.446,14246.988,14933.434
9229,SUSC,2021-12-31,MATURITY,2029-03-08,269.286,0.0,269.286
9230,SUSC,2021-12-31,MATURITY,2029-03-09,328.08,0.0,328.08
9231,SUSC,2021-12-31,MATURITY,2029-03-12,1055.441,0.0,1055.441
9232,SUSC,2021-12-31,MATURITY,2029-03-13,823.316,0.0,823.316
9233,SUSC,2021-12-31,MATURITY,2029-03-14,402.41,0.0,402.41
9234,SUSC,2021-12-31,MATURITY,2029-03-15,24171.659,78493.976,102665.635
9235,SUSC,2021-12-31,MATURITY,2029-03-16,573.831,0.0,573.831
9236,SUSC,2021-12-31,MATURITY,2029-03-19,3949.459,59608.434,63557.893
9237,SUSC,2021-12-31,MATURITY,2029-03-20,1061.422,0.0,1061.422
9238,SUSC,2021-12-31,MATURITY,2029-03-21,745.813,15783.133,16528.946
9239,SUSC,2021-12-31,MATURITY,2029-03-22,969.255,0.0,969.255
9240,SUSC,2021-12-31,MATURITY,2029-03-23,507.168,0.0,507.168
9241,SUSC,2021-12-31,MATURITY,2029-03-26,4242.308,4277.108,8519.416
9242,SUSC,2021-12-31,MATURITY,2029-03-27,531.67,0.0,531.67
9243,SUSC,2021-12-31,MATURITY,2029-03-28,109.834,0.0,109.834
9244,SUSC,2021-12-31,MATURITY,2029-03-29,182.523,7138.554,7321.077
9245,SUSC,2021-12-31,MATURITY,2029-03-30,621.107,1054.217,1675.324
9246,SUSC,2021-12-31,MATURITY,2029-04-02,23200.428,69367.47,92567.898
9247,SUSC,2021-12-31,MATURITY,2029-04-03,653.37,0.0,653.37
9248,SUSC,2021-12-31,MATURITY,2029-04-05,492.742,9487.952,9980.694
9249,SUSC,2021-12-31,MATURITY,2029-04-06,366.36,0.0,366.36
9250,SUSC,2021-12-31,MATURITY,2029-04-09,389.081,6686.747,7075.828
9251,SUSC,2021-12-31,MATURITY,2029-04-12,37.651,0.0,37.651
9252,SUSC,2021-12-31,MATURITY,2029-04-13,227.297,0.0,227.297
9253,SUSC,2021-12-31,MATURITY,2029-04-16,16611.012,26144.578,42755.59
9254,SUSC,2021-12-31,MATURITY,2029-04-17,164.556,0.0,164.556
9255,SUSC,2021-12-31,MATURITY,2029-04-18,28.238,1506.024,1534.262
9256,SUSC,2021-12-31,MATURITY,2029-04-20,323.985,0.0,323.985
9257,SUSC,2021-12-31,MATURITY,2029-04-23,3822.322,34427.711,38250.033
9258,SUSC,2021-12-31,MATURITY,2029-04-24,785.201,0.0,785.201
9259,SUSC,2021-12-31,MATURITY,2029-04-25,733.547,18192.771,18926.318
9260,SUSC,2021-12-31,MATURITY,2029-04-26,213.14,0.0,213.14
9261,SUSC,2021-12-31,MATURITY,2029-04-27,490.281,0.0,490.281
9262,SUSC,2021-12-31,MATURITY,2029-04-30,2007.881,0.0,2007.881
9263,SUSC,2021-12-31,MATURITY,2029-05-01,11779.594,22228.916,34008.51
9264,SUSC,2021-12-31,MATURITY,2029-05-02,828.005,1355.422,2183.426
9265,SUSC,2021-12-31,MATURITY,2029-05-03,864.157,19759.036,20623.193
9266,SUSC,2021-12-31,MATURITY,2029-05-04,479.42,0.0,479.42
9267,SUSC,2021-12-31,MATURITY,2029-05-07,1142.632,0.0,1142.632
9268,SUSC,2021-12-31,MATURITY,2029-05-08,386.864,0.0,386.864
9269,SUSC,2021-12-31,MATURITY,2029-05-09,162.244,0.0,162.244
9270,SUSC,2021-12-31,MATURITY,2029-05-10,164.334,0.0,164.334
9271,SUSC,2021-12-31,MATURITY,2029-05-11,603.245,0.0,603.245
9272,SUSC,2021-12-31,MATURITY,2029-05-14,3103.249,0.0,3103.249
9273,SUSC,2021-12-31,MATURITY,2029-05-15,20762.03,43704.819,64466.85
9274,SUSC,2021-12-31,MATURITY,2029-05-16,907.088,9518.072,10425.161
9275,SUSC,2021-12-31,MATURITY,2029-05-17,691.751,0.0,691.751
9276,SUSC,2021-12-31,MATURITY,2029-05-18,700.033,16114.458,16814.491
9277,SUSC,2021-12-31,MATURITY,2029-05-21,1932.751,0.0,1932.751
9278,SUSC,2021-12-31,MATURITY,2029-05-22,1172.282,2469.88,3642.162
9279,SUSC,2021-12-31,MATURITY,2029-05-23,292.831,7108.434,7401.265
9280,SUSC,2021-12-31,MATURITY,2029-05-24,1260.691,0.0,1260.691
9281,SUSC,2021-12-31,MATURITY,2029-05-25,183.45,0.0,183.45
9282,SUSC,2021-12-31,MATURITY,2029-05-29,956.874,0.0,956.874
9283,SUSC,2021-12-31,MATURITY,2029-05-30,2129.134,3524.096,5653.23
9284,SUSC,2021-12-31,MATURITY,2029-05-31,377.681,0.0,377.681
9285,SUSC,2021-12-31,MATURITY,2029-06-01,15635.768,123012.048,138647.816
9286,SUSC,2021-12-31,MATURITY,2029-06-04,959.471,0.0,959.471
9287,SUSC,2021-12-31,MATURITY,2029-06-05,720.532,0.0,720.532
9288,SUSC,2021-12-31,MATURITY,2029-06-06,632.006,0.0,632.006
9289,SUSC,2021-12-31,MATURITY,2029-06-07,283.622,0.0,283.622
9290,SUSC,2021-12-31,MATURITY,2029-06-08,136.651,0.0,136.651
9291,SUSC,2021-12-31,MATURITY,2029-06-11,1168.313,0.0,1168.313
9292,SUSC,2021-12-31,MATURITY,2029-06-14,710.181,2740.964,3451.145
9293,SUSC,2021-12-31,MATURITY,2029-06-15,16653.678,28493.976,45147.654
9294,SUSC,2021-12-31,MATURITY,2029-06-18,960.324,4096.386,5056.709
9295,SUSC,2021-12-31,MATURITY,2029-06-19,349.777,12801.205,13150.982
9296,SUSC,2021-12-31,MATURITY,2029-06-20,814.172,7108.434,7922.606
9297,SUSC,2021-12-31,MATURITY,2029-06-21,210.858,4487.952,4698.81
9298,SUSC,2021-12-31,MATURITY,2029-06-22,159.804,0.0,159.804
9299,SUSC,2021-12-31,MATURITY,2029-06-25,228.2,0.0,228.2
9300,SUSC,2021-12-31,MATURITY,2029-06-26,162.169,0.0,162.169
9301,SUSC,2021-12-31,MATURITY,2029-06-27,73.19,4427.711,4500.901
9302,SUSC,2021-12-31,MATURITY,2029-06-29,120.762,0.0,120.762
9303,SUSC,2021-12-31,MATURITY,2029-07-02,3424.306,28222.892,31647.198
9304,SUSC,2021-12-31,MATURITY,2029-07-06,285.452,0.0,285.452
9305,SUSC,2021-12-31,MATURITY,2029-07-09,1243.998,0.0,1243.998
9306,SUSC,2021-12-31,MATURITY,2029-07-10,626.124,0.0,626.124
9307,SUSC,2021-12-31,MATURITY,2029-07-12,128.224,0.0,128.224
9308,SUSC,2021-12-31,MATURITY,2029-07-13,675.203,0.0,675.203
9309,SUSC,2021-12-31,MATURITY,2029-07-16,16900.753,4186.747,21087.5
9310,SUSC,2021-12-31,MATURITY,2029-07-17,866.922,8644.578,9511.501
9311,SUSC,2021-12-31,MATURITY,2029-07-18,598.996,3222.892,3821.888
9312,SUSC,2021-12-31,MATURITY,2029-07-20,1201.128,0.0,1201.128
9313,SUSC,2021-12-31,MATURITY,2029-07-23,3901.053,7319.277,11220.33
9314,SUSC,2021-12-31,MATURITY,2029-07-24,1263.007,4186.747,5449.754
9315,SUSC,2021-12-31,MATURITY,2029-07-25,406.884,0.0,406.884
9316,SUSC,2021-12-31,MATURITY,2029-07-26,199.086,0.0,199.086
9317,SUSC,2021-12-31,MATURITY,2029-07-27,750.067,0.0,750.067
9318,SUSC,2021-12-31,MATURITY,2029-07-30,2293.075,18584.337,20877.412
9319,SUSC,2021-12-31,MATURITY,2029-07-31,312.636,3132.53,3445.166
9320,SUSC,2021-12-31,MATURITY,2029-08-01,10176.518,10331.325,20507.844
9321,SUSC,2021-12-31,MATURITY,2029-08-02,132.53,0.0,132.53
9322,SUSC,2021-12-31,MATURITY,2029-08-03,242.417,0.0,242.417
9323,SUSC,2021-12-31,MATURITY,2029-08-06,1430.398,5542.169,6972.566
9324,SUSC,2021-12-31,MATURITY,2029-08-07,618.551,0.0,618.551
9325,SUSC,2021-12-31,MATURITY,2029-08-08,736.069,6626.506,7362.575
9326,SUSC,2021-12-31,MATURITY,2029-08-09,330.06,0.0,330.06
9327,SUSC,2021-12-31,MATURITY,2029-08-10,1178.298,0.0,1178.298
9328,SUSC,2021-12-31,MATURITY,2029-08-13,1289.733,0.0,1289.733
9329,SUSC,2021-12-31,MATURITY,2029-08-14,203.878,0.0,203.878
9330,SUSC,2021-12-31,MATURITY,2029-08-15,14086.683,44156.627,58243.31
9331,SUSC,2021-12-31,MATURITY,2029-08-16,328.064,4759.036,5087.1
9332,SUSC,2021-12-31,MATURITY,2029-08-17,440.538,6024.096,6464.635
9333,SUSC,2021-12-31,MATURITY,2029-08-20,901.876,662.651,1564.526
9334,SUSC,2021-12-31,MATURITY,2029-08-21,1002.581,0.0,1002.581
9335,SUSC,2021-12-31,MATURITY,2029-08-22,877.2,0.0,877.2
9336,SUSC,2021-12-31,MATURITY,2029-08-23,565.03,6656.627,7221.657
9337,SUSC,2021-12-31,MATURITY,2029-08-24,152.259,0.0,152.259
9338,SUSC,2021-12-31,MATURITY,2029-08-27,1335.738,22018.072,23353.81
9339,SUSC,2021-12-31,MATURITY,2029-08-28,198.75,0.0,198.75
9340,SUSC,2021-12-31,MATURITY,2029-09-04,14872.751,32048.193,46920.944
9341,SUSC,2021-12-31,MATURITY,2029-09-05,121.664,0.0,121.664
9342,SUSC,2021-12-31,MATURITY,2029-09-06,434.786,20150.602,20585.389
9343,SUSC,2021-12-31,MATURITY,2029-09-07,438.123,0.0,438.123
9344,SUSC,2021-12-31,MATURITY,2029-09-10,969.225,0.0,969.225
9345,SUSC,2021-12-31,MATURITY,2029-09-11,356.537,1114.458,1470.994
9346,SUSC,2021-12-31,MATURITY,2029-09-12,324.367,0.0,324.367
9347,SUSC,2021-12-31,MATURITY,2029-09-13,823.316,783.133,1606.448
9348,SUSC,2021-12-31,MATURITY,2029-09-14,402.41,0.0,402.41
9349,SUSC,2021-12-31,MATURITY,2029-09-17,24351.57,53855.422,78206.991
9350,SUSC,2021-12-31,MATURITY,2029-09-18,601.984,6475.904,7077.888
9351,SUSC,2021-12-31,MATURITY,2029-09-19,880.134,5240.964,6121.098
9352,SUSC,2021-12-31,MATURITY,2029-09-20,1010.922,0.0,1010.922
9353,SUSC,2021-12-31,MATURITY,2029-09-21,445.934,0.0,445.934
9354,SUSC,2021-12-31,MATURITY,2029-09-24,2271.732,0.0,2271.732
9355,SUSC,2021-12-31,MATURITY,2029-09-25,2656.224,0.0,2656.224
9356,SUSC,2021-12-31,MATURITY,2029-09-26,703.093,0.0,703.093
9357,SUSC,2021-12-31,MATURITY,2029-09-27,531.67,0.0,531.67
9358,SUSC,2021-12-31,MATURITY,2029-09-28,109.834,0.0,109.834
9359,SUSC,2021-12-31,MATURITY,2029-10-01,22296.279,52921.687,75217.966
9360,SUSC,2021-12-31,MATURITY,2029-10-02,321.386,0.0,321.386
9361,SUSC,2021-12-31,MATURITY,2029-10-03,409.921,0.0,409.921
9362,SUSC,2021-12-31,MATURITY,2029-10-05,319.587,0.0,319.587
9363,SUSC,2021-12-31,MATURITY,2029-10-09,620.035,0.0,620.035
9364,SUSC,2021-12-31,MATURITY,2029-10-12,37.651,0.0,37.651
9365,SUSC,2021-12-31,MATURITY,2029-10-15,15947.32,150.602,16097.922
9366,SUSC,2021-12-31,MATURITY,2029-10-16,202.909,301.205,504.114
9367,SUSC,2021-12-31,MATURITY,2029-10-17,164.556,0.0,164.556
9368,SUSC,2021-12-31,MATURITY,2029-10-22,2034.191,10843.373,12877.565
9369,SUSC,2021-12-31,MATURITY,2029-10-23,1744.365,0.0,1744.365
9370,SUSC,2021-12-31,MATURITY,2029-10-24,785.201,15813.253,16598.454
9371,SUSC,2021-12-31,MATURITY,2029-10-25,442.462,0.0,442.462
9372,SUSC,2021-12-31,MATURITY,2029-10-26,213.14,0.0,213.14
9373,SUSC,2021-12-31,MATURITY,2029-10-29,1273.026,7831.325,9104.352
9374,SUSC,2021-12-31,MATURITY,2029-10-30,1020.329,7108.434,8128.763
9375,SUSC,2021-12-31,MATURITY,2029-10-31,204.806,0.0,204.806
9376,SUSC,2021-12-31,MATURITY,2029-11-01,11432.302,69728.916,81161.218
9377,SUSC,2021-12-31,MATURITY,2029-11-02,802.59,0.0,802.59
9378,SUSC,2021-12-31,MATURITY,2029-11-05,1049.657,451.807,1501.464
9379,SUSC,2021-12-31,MATURITY,2029-11-06,694.18,0.0,694.18
9380,SUSC,2021-12-31,MATURITY,2029-11-07,301.931,11746.988,12048.919
9381,SUSC,2021-12-31,MATURITY,2029-11-08,273.251,0.0,273.251
9382,SUSC,2021-12-31,MATURITY,2029-11-09,162.244,0.0,162.244
9383,SUSC,2021-12-31,MATURITY,2029-11-13,1723.547,0.0,1723.547
9384,SUSC,2021-12-31,MATURITY,2029-11-14,2147.282,0.0,2147.282
9385,SUSC,2021-12-31,MATURITY,2029-11-15,19963.118,47650.602,67613.721
9386,SUSC,2021-12-31,MATURITY,2029-11-16,806.619,0.0,806.619
9387,SUSC,2021-12-31,MATURITY,2029-11-19,1615.289,23132.53,24747.819
9388,SUSC,2021-12-31,MATURITY,2029-11-20,558.27,451.807,1010.077
9389,SUSC,2021-12-31,MATURITY,2029-11-21,992.802,0.0,992.802
9390,SUSC,2021-12-31,MATURITY,2029-11-23,1018.201,0.0,1018.201
9391,SUSC,2021-12-31,MATURITY,2029-11-26,1530.044,0.0,1530.044
9392,SUSC,2021-12-31,MATURITY,2029-11-27,146.099,0.0,146.099
9393,SUSC,2021-12-31,MATURITY,2029-11-28,395.674,0.0,395.674
9394,SUSC,2021-12-31,MATURITY,2029-11-29,329.197,0.0,329.197
9395,SUSC,2021-12-31,MATURITY,2029-11-30,2414.307,0.0,2414.307
9396,SUSC,2021-12-31,MATURITY,2029-12-03,14070.078,41475.904,55545.982
9397,SUSC,2021-12-31,MATURITY,2029-12-04,188.768,0.0,188.768
9398,SUSC,2021-12-31,MATURITY,2029-12-05,720.532,1295.181,2015.713
9399,SUSC,2021-12-31,MATURITY,2029-12-06,632.006,0.0,632.006
9400,SUSC,2021-12-31,MATURITY,2029-12-07,283.622,0.0,283.622
9401,SUSC,2021-12-31,MATURITY,2029-12-10,1173.752,0.0,1173.752
9402,SUSC,2021-12-31,MATURITY,2029-12-11,131.212,0.0,131.212
9403,SUSC,2021-12-31,MATURITY,2029-12-14,665.64,0.0,665.64
9404,SUSC,2021-12-31,MATURITY,2029-12-17,16799.552,21295.181,38094.732
9405,SUSC,2021-12-31,MATURITY,2029-12-18,164.721,0.0,164.721
9406,SUSC,2021-12-31,MATURITY,2029-12-19,238.142,0.0,238.142
9407,SUSC,2021-12-31,MATURITY,2029-12-20,633.334,0.0,633.334
9408,SUSC,2021-12-31,MATURITY,2029-12-21,134.563,0.0,134.563
9409,SUSC,2021-12-31,MATURITY,2029-12-24,388.005,0.0,388.005
9410,SUSC,2021-12-31,MATURITY,2029-12-26,162.169,0.0,162.169
9411,SUSC,2021-12-31,MATURITY,2029-12-31,769.368,0.0,769.368
9412,SUSC,2021-12-31,MATURITY,2030-01-02,2227.643,0.0,2227.643
9413,SUSC,2021-12-31,MATURITY,2030-01-07,285.452,0.0,285.452
9414,SUSC,2021-12-31,MATURITY,2030-01-08,720.7,0.0,720.7
9415,SUSC,2021-12-31,MATURITY,2030-01-09,523.298,301.205,824.503
9416,SUSC,2021-12-31,MATURITY,2030-01-10,626.124,12710.843,13336.967
9417,SUSC,2021-12-31,MATURITY,2030-01-14,1182.271,0.0,1182.271
9418,SUSC,2021-12-31,MATURITY,2030-01-15,16096.382,61566.265,77662.647
9419,SUSC,2021-12-31,MATURITY,2030-01-16,819.239,22168.675,22987.914
9420,SUSC,2021-12-31,MATURITY,2030-01-17,239.029,0.0,239.029
9421,SUSC,2021-12-31,MATURITY,2030-01-18,553.162,0.0,553.162
9422,SUSC,2021-12-31,MATURITY,2030-01-22,2826.723,9427.711,12254.434
9423,SUSC,2021-12-31,MATURITY,2030-01-23,2190.09,6656.627,8846.716
9424,SUSC,2021-12-31,MATURITY,2030-01-24,1176.969,0.0,1176.969
9425,SUSC,2021-12-31,MATURITY,2030-01-25,406.884,0.0,406.884
9426,SUSC,2021-12-31,MATURITY,2030-01-28,1156.024,24397.59,25553.614
9427,SUSC,2021-12-31,MATURITY,2030-01-29,734.871,0.0,734.871
9428,SUSC,2021-12-31,MATURITY,2030-01-30,1088.946,0.0,1088.946
9429,SUSC,2021-12-31,MATURITY,2030-01-31,263.69,1746.988,2010.678
9430,SUSC,2021-12-31,MATURITY,2030-02-01,10021.842,14487.952,24509.794
9431,SUSC,2021-12-31,MATURITY,2030-02-04,915.392,12018.072,12933.464
9432,SUSC,2021-12-31,MATURITY,2030-02-05,359.917,602.41,962.327
9433,SUSC,2021-12-31,MATURITY,2030-02-06,444.133,6506.024,6950.157
9434,SUSC,2021-12-31,MATURITY,2030-02-07,618.551,9698.795,10317.346
9435,SUSC,2021-12-31,MATURITY,2030-02-08,606.853,0.0,606.853
9436,SUSC,2021-12-31,MATURITY,2030-02-11,1690.663,8674.699,10365.361
9437,SUSC,2021-12-31,MATURITY,2030-02-12,811.434,0.0,811.434
9438,SUSC,2021-12-31,MATURITY,2030-02-13,295.995,2710.843,3006.838
9439,SUSC,2021-12-31,MATURITY,2030-02-14,203.878,0.0,203.878
9440,SUSC,2021-12-31,MATURITY,2030-02-15,13334.33,45512.048,58846.378
9441,SUSC,2021-12-31,MATURITY,2030-02-19,1234.131,0.0,1234.131
9442,SUSC,2021-12-31,MATURITY,2030-02-20,327.756,0.0,327.756
9443,SUSC,2021-12-31,MATURITY,2030-02-21,1002.581,2831.325,3833.906
9444,SUSC,2021-12-31,MATURITY,2030-02-22,877.2,5240.964,6118.164
9445,SUSC,2021-12-31,MATURITY,2030-02-25,1085.648,421.687,1507.334
9446,SUSC,2021-12-31,MATURITY,2030-02-26,313.588,0.0,313.588
9447,SUSC,2021-12-31,MATURITY,2030-02-27,282.492,0.0,282.492
9448,SUSC,2021-12-31,MATURITY,2030-02-28,198.75,0.0,198.75
9449,SUSC,2021-12-31,MATURITY,2030-03-01,13614.205,51475.904,65090.108
9450,SUSC,2021-12-31,MATURITY,2030-03-04,853.648,0.0,853.648
9451,SUSC,2021-12-31,MATURITY,2030-03-05,121.664,5180.723,5302.387
9452,SUSC,2021-12-31,MATURITY,2030-03-06,220.686,0.0,220.686
9453,SUSC,2021-12-31,MATURITY,2030-03-07,438.123,0.0,438.123
9454,SUSC,2021-12-31,MATURITY,2030-03-08,269.286,0.0,269.286
9455,SUSC,2021-12-31,MATURITY,2030-03-11,1050.911,10060.241,11111.152
9456,SUSC,2021-12-31,MATURITY,2030-03-12,324.367,5451.807,5776.175
9457,SUSC,2021-12-31,MATURITY,2030-03-13,757.816,0.0,757.816
9458,SUSC,2021-12-31,MATURITY,2030-03-14,402.41,0.0,402.41
9459,SUSC,2021-12-31,MATURITY,2030-03-15,21754.159,48042.169,69796.328
9460,SUSC,2021-12-31,MATURITY,2030-03-18,2273.344,0.0,2273.344
9461,SUSC,2021-12-31,MATURITY,2030-03-19,812.002,17951.807,18763.809
9462,SUSC,2021-12-31,MATURITY,2030-03-20,1010.922,4156.627,5167.548
9463,SUSC,2021-12-31,MATURITY,2030-03-21,445.934,0.0,445.934
9464,SUSC,2021-12-31,MATURITY,2030-03-22,969.255,7228.916,8198.17
9465,SUSC,2021-12-31,MATURITY,2030-03-25,3958.702,40993.976,44952.677
9466,SUSC,2021-12-31,MATURITY,2030-03-26,703.093,14246.988,14950.081
9467,SUSC,2021-12-31,MATURITY,2030-03-27,531.67,17198.795,17730.465
9468,SUSC,2021-12-31,MATURITY,2030-03-28,109.834,0.0,109.834
9469,SUSC,2021-12-31,MATURITY,2030-03-29,9.413,0.0,9.413
9470,SUSC,2021-12-31,MATURITY,2030-04-01,21321.064,118343.373,139664.438
9471,SUSC,2021-12-31,MATURITY,2030-04-02,321.386,1987.952,2309.337
9472,SUSC,2021-12-31,MATURITY,2030-04-03,409.921,7228.916,7638.837
9473,SUSC,2021-12-31,MATURITY,2030-04-05,319.587,0.0,319.587
9474,SUSC,2021-12-31,MATURITY,2030-04-08,383.228,5722.892,6106.119
9475,SUSC,2021-12-31,MATURITY,2030-04-09,236.807,10060.241,10297.048
9476,SUSC,2021-12-31,MATURITY,2030-04-12,37.651,0.0,37.651
9477,SUSC,2021-12-31,MATURITY,2030-04-15,16214.869,141144.578,157359.447
9478,SUSC,2021-12-31,MATURITY,2030-04-16,194.814,0.0,194.814
9479,SUSC,2021-12-31,MATURITY,2030-04-17,164.556,0.0,164.556
9480,SUSC,2021-12-31,MATURITY,2030-04-22,1859.118,2831.325,4690.444
9481,SUSC,2021-12-31,MATURITY,2030-04-23,1765.449,10813.253,12578.702
9482,SUSC,2021-12-31,MATURITY,2030-04-24,597.419,6475.904,7073.322
9483,SUSC,2021-12-31,MATURITY,2030-04-25,442.462,0.0,442.462
9484,SUSC,2021-12-31,MATURITY,2030-04-26,213.14,0.0,213.14
9485,SUSC,2021-12-31,MATURITY,2030-04-29,1145.767,21144.578,22290.345
9486,SUSC,2021-12-31,MATURITY,2030-04-30,1118.509,14337.349,15455.859
9487,SUSC,2021-12-31,MATURITY,2030-05-01,10417.987,42801.205,53219.192
9488,SUSC,2021-12-31,MATURITY,2030-05-02,802.59,0.0,802.59
9489,SUSC,2021-12-31,MATURITY,2030-05-03,525.866,0.0,525.866
9490,SUSC,2021-12-31,MATURITY,2030-05-06,1189.539,19337.349,20526.889
9491,SUSC,2021-12-31,MATURITY,2030-05-07,117.62,0.0,117.62
9492,SUSC,2021-12-31,MATURITY,2030-05-08,273.251,9608.434,9881.685
9493,SUSC,2021-12-31,MATURITY,2030-05-09,162.244,0.0,162.244
9494,SUSC,2021-12-31,MATURITY,2030-05-10,164.334,0.0,164.334
9495,SUSC,2021-12-31,MATURITY,2030-05-13,1559.213,7650.602,9209.815
9496,SUSC,2021-12-31,MATURITY,2030-05-14,2147.282,0.0,2147.282
9497,SUSC,2021-12-31,MATURITY,2030-05-15,19233.544,76234.94,95468.484
9498,SUSC,2021-12-31,MATURITY,2030-05-16,806.619,0.0,806.619
9499,SUSC,2021-12-31,MATURITY,2030-05-17,691.751,0.0,691.751
9500,SUSC,2021-12-31,MATURITY,2030-05-20,1069.37,0.0,1069.37
9501,SUSC,2021-12-31,MATURITY,2030-05-21,992.802,0.0,992.802
9502,SUSC,2021-12-31,MATURITY,2030-05-22,888.863,55421.687,56310.55
9503,SUSC,2021-12-31,MATURITY,2030-05-23,129.337,0.0,129.337
9504,SUSC,2021-12-31,MATURITY,2030-05-24,1260.691,0.0,1260.691
9505,SUSC,2021-12-31,MATURITY,2030-05-28,811.127,0.0,811.127
9506,SUSC,2021-12-31,MATURITY,2030-05-29,329.197,0.0,329.197
9507,SUSC,2021-12-31,MATURITY,2030-05-30,2036.627,903.614,2940.241
9508,SUSC,2021-12-31,MATURITY,2030-05-31,377.681,0.0,377.681
9509,SUSC,2021-12-31,MATURITY,2030-06-03,13547.327,173162.651,186709.977
9510,SUSC,2021-12-31,MATURITY,2030-06-04,188.768,0.0,188.768
9511,SUSC,2021-12-31,MATURITY,2030-06-05,710.565,8885.542,9596.107
9512,SUSC,2021-12-31,MATURITY,2030-06-06,632.006,0.0,632.006
9513,SUSC,2021-12-31,MATURITY,2030-06-07,283.622,0.0,283.622
9514,SUSC,2021-12-31,MATURITY,2030-06-10,1173.752,0.0,1173.752
9515,SUSC,2021-12-31,MATURITY,2030-06-11,131.212,5120.482,5251.694
9516,SUSC,2021-12-31,MATURITY,2030-06-14,665.64,0.0,665.64
9517,SUSC,2021-12-31,MATURITY,2030-06-17,16465.158,15030.12,31495.278
9518,SUSC,2021-12-31,MATURITY,2030-06-18,164.721,7530.12,7694.842
9519,SUSC,2021-12-31,MATURITY,2030-06-19,238.142,5692.771,5930.913
9520,SUSC,2021-12-31,MATURITY,2030-06-20,633.334,0.0,633.334
9521,SUSC,2021-12-31,MATURITY,2030-06-21,134.563,0.0,134.563
9522,SUSC,2021-12-31,MATURITY,2030-06-24,388.005,0.0,388.005
9523,SUSC,2021-12-31,MATURITY,2030-06-26,162.169,11506.024,11668.193
9524,SUSC,2021-12-31,MATURITY,2030-07-01,2571.623,52650.602,55222.226
9525,SUSC,2021-12-31,MATURITY,2030-07-02,425.388,0.0,425.388
9526,SUSC,2021-12-31,MATURITY,2030-07-08,1006.152,0.0,1006.152
9527,SUSC,2021-12-31,MATURITY,2030-07-09,519.608,0.0,519.608
9528,SUSC,2021-12-31,MATURITY,2030-07-10,446.329,0.0,446.329
9529,SUSC,2021-12-31,MATURITY,2030-07-12,128.224,0.0,128.224
9530,SUSC,2021-12-31,MATURITY,2030-07-15,16088.231,8945.783,25034.014
9531,SUSC,2021-12-31,MATURITY,2030-07-16,485.594,9337.349,9822.943
9532,SUSC,2021-12-31,MATURITY,2030-07-17,239.029,0.0,239.029
9533,SUSC,2021-12-31,MATURITY,2030-07-18,553.162,0.0,553.162
9534,SUSC,2021-12-31,MATURITY,2030-07-22,2649.77,0.0,2649.77
9535,SUSC,2021-12-31,MATURITY,2030-07-23,2106.651,3403.614,5510.266
9536,SUSC,2021-12-31,MATURITY,2030-07-24,1176.969,0.0,1176.969
9537,SUSC,2021-12-31,MATURITY,2030-07-25,406.884,0.0,406.884
9538,SUSC,2021-12-31,MATURITY,2030-07-26,199.086,0.0,199.086
9539,SUSC,2021-12-31,MATURITY,2030-07-29,1392.326,0.0,1392.326
9540,SUSC,2021-12-31,MATURITY,2030-07-30,1088.946,1024.096,2113.042
9541,SUSC,2021-12-31,MATURITY,2030-07-31,239.232,0.0,239.232
9542,SUSC,2021-12-31,MATURITY,2030-08-01,9836.684,0.0,9836.684
9543,SUSC,2021-12-31,MATURITY,2030-08-02,132.53,0.0,132.53
9544,SUSC,2021-12-31,MATURITY,2030-08-05,982.319,0.0,982.319
9545,SUSC,2021-12-31,MATURITY,2030-08-06,361.241,0.0,361.241
9546,SUSC,2021-12-31,MATURITY,2030-08-07,513.63,0.0,513.63
9547,SUSC,2021-12-31,MATURITY,2030-08-08,606.853,0.0,606.853
9548,SUSC,2021-12-31,MATURITY,2030-08-09,330.06,0.0,330.06
9549,SUSC,2021-12-31,MATURITY,2030-08-12,2058.181,0.0,2058.181
9550,SUSC,2021-12-31,MATURITY,2030-08-13,237.361,0.0,237.361
9551,SUSC,2021-12-31,MATURITY,2030-08-14,203.878,0.0,203.878
9552,SUSC,2021-12-31,MATURITY,2030-08-15,12456.072,85753.012,98209.085
9553,SUSC,2021-12-31,MATURITY,2030-08-16,270.004,0.0,270.004
9554,SUSC,2021-12-31,MATURITY,2030-08-19,964.127,0.0,964.127
9555,SUSC,2021-12-31,MATURITY,2030-08-20,327.756,0.0,327.756
9556,SUSC,2021-12-31,MATURITY,2030-08-21,967.897,0.0,967.897
9557,SUSC,2021-12-31,MATURITY,2030-08-22,780.242,0.0,780.242
9558,SUSC,2021-12-31,MATURITY,2030-08-23,455.196,0.0,455.196
9559,SUSC,2021-12-31,MATURITY,2030-08-26,786.386,0.0,786.386
9560,SUSC,2021-12-31,MATURITY,2030-08-27,434.752,0.0,434.752
9561,SUSC,2021-12-31,MATURITY,2030-08-28,198.75,0.0,198.75
9562,SUSC,2021-12-31,MATURITY,2030-09-03,13395.578,97921.687,111317.265
9563,SUSC,2021-12-31,MATURITY,2030-09-04,382.892,0.0,382.892
9564,SUSC,2021-12-31,MATURITY,2030-09-05,68.562,0.0,68.562
9565,SUSC,2021-12-31,MATURITY,2030-09-06,220.686,0.0,220.686
9566,SUSC,2021-12-31,MATURITY,2030-09-09,1035.488,0.0,1035.488
9567,SUSC,2021-12-31,MATURITY,2030-09-10,338.912,0.0,338.912
9568,SUSC,2021-12-31,MATURITY,2030-09-11,259.514,0.0,259.514
9569,SUSC,2021-12-31,MATURITY,2030-09-12,264.541,0.0,264.541
9570,SUSC,2021-12-31,MATURITY,2030-09-13,757.816,8283.133,9040.949
9571,SUSC,2021-12-31,MATURITY,2030-09-16,22075.287,85783.133,107858.42
9572,SUSC,2021-12-31,MATURITY,2030-09-17,1201.207,0.0,1201.207
9573,SUSC,2021-12-31,MATURITY,2030-09-18,498.305,0.0,498.305
9574,SUSC,2021-12-31,MATURITY,2030-09-19,545.542,0.0,545.542
9575,SUSC,2021-12-31,MATURITY,2030-09-20,978.705,0.0,978.705
9576,SUSC,2021-12-31,MATURITY,2030-09-23,1664.555,4126.506,5791.061
9577,SUSC,2021-12-31,MATURITY,2030-09-24,308.657,0.0,308.657
9578,SUSC,2021-12-31,MATURITY,2030-09-25,2377.821,0.0,2377.821
9579,SUSC,2021-12-31,MATURITY,2030-09-26,477.822,0.0,477.822
9580,SUSC,2021-12-31,MATURITY,2030-09-27,267.913,0.0,267.913
9581,SUSC,2021-12-31,MATURITY,2030-09-30,1493.67,0.0,1493.67
9582,SUSC,2021-12-31,MATURITY,2030-10-01,17795.62,96867.47,114663.09
9583,SUSC,2021-12-31,MATURITY,2030-10-02,269.202,0.0,269.202
9584,SUSC,2021-12-31,MATURITY,2030-10-03,257.474,0.0,257.474
9585,SUSC,2021-12-31,MATURITY,2030-10-07,599.499,0.0,599.499
9586,SUSC,2021-12-31,MATURITY,2030-10-09,106.024,0.0,106.024
9587,SUSC,2021-12-31,MATURITY,2030-10-15,13502.298,18373.494,31875.792
9588,SUSC,2021-12-31,MATURITY,2030-10-16,194.814,0.0,194.814
9589,SUSC,2021-12-31,MATURITY,2030-10-17,164.556,0.0,164.556
9590,SUSC,2021-12-31,MATURITY,2030-10-21,764.889,0.0,764.889
9591,SUSC,2021-12-31,MATURITY,2030-10-22,1082.916,1024.096,2107.013
9592,SUSC,2021-12-31,MATURITY,2030-10-23,1552.821,0.0,1552.821
9593,SUSC,2021-12-31,MATURITY,2030-10-24,520.517,0.0,520.517
9594,SUSC,2021-12-31,MATURITY,2030-10-25,442.462,0.0,442.462
9595,SUSC,2021-12-31,MATURITY,2030-10-28,928.266,0.0,928.266
9596,SUSC,2021-12-31,MATURITY,2030-10-29,210.036,0.0,210.036
9597,SUSC,2021-12-31,MATURITY,2030-10-30,728.688,0.0,728.688
9598,SUSC,2021-12-31,MATURITY,2030-10-31,178.466,0.0,178.466
9599,SUSC,2021-12-31,MATURITY,2030-11-01,9818.495,1506.024,11324.52
9600,SUSC,2021-12-31,MATURITY,2030-11-04,1708.968,0.0,1708.968
9601,SUSC,2021-12-31,MATURITY,2030-11-05,22.478,2981.928,3004.405
9602,SUSC,2021-12-31,MATURITY,2030-11-06,633.532,0.0,633.532
9603,SUSC,2021-12-31,MATURITY,2030-11-07,117.62,0.0,117.62
9604,SUSC,2021-12-31,MATURITY,2030-11-08,173.317,0.0,173.317
9605,SUSC,2021-12-31,MATURITY,2030-11-12,1056.668,0.0,1056.668
9606,SUSC,2021-12-31,MATURITY,2030-11-13,642.639,0.0,642.639
9607,SUSC,2021-12-31,MATURITY,2030-11-14,2147.282,0.0,2147.282
9608,SUSC,2021-12-31,MATURITY,2030-11-15,17735.17,17801.205,35536.375
9609,SUSC,2021-12-31,MATURITY,2030-11-18,1835.892,0.0,1835.892
9610,SUSC,2021-12-31,MATURITY,2030-11-19,179.631,0.0,179.631
9611,SUSC,2021-12-31,MATURITY,2030-11-20,552.218,0.0,552.218
9612,SUSC,2021-12-31,MATURITY,2030-11-21,992.802,0.0,992.802
9613,SUSC,2021-12-31,MATURITY,2030-11-22,190.919,0.0,190.919
9614,SUSC,2021-12-31,MATURITY,2030-11-25,1573.478,0.0,1573.478
9615,SUSC,2021-12-31,MATURITY,2030-11-26,85.904,0.0,85.904
9616,SUSC,2021-12-31,MATURITY,2030-11-27,146.099,0.0,146.099
9617,SUSC,2021-12-31,MATURITY,2030-11-29,724.871,0.0,724.871
9618,SUSC,2021-12-31,MATURITY,2030-12-02,13265.196,1204.819,14470.015
9619,SUSC,2021-12-31,MATURITY,2030-12-03,534.262,0.0,534.262
9620,SUSC,2021-12-31,MATURITY,2030-12-04,184.751,0.0,184.751
9621,SUSC,2021-12-31,MATURITY,2030-12-05,571.728,0.0,571.728
9622,SUSC,2021-12-31,MATURITY,2030-12-06,632.006,0.0,632.006
9623,SUSC,2021-12-31,MATURITY,2030-12-09,868.782,0.0,868.782
9624,SUSC,2021-12-31,MATURITY,2030-12-10,588.592,0.0,588.592
9625,SUSC,2021-12-31,MATURITY,2030-12-16,16335.192,63253.012,79588.204
9626,SUSC,2021-12-31,MATURITY,2030-12-17,357.154,2560.241,2917.395
9627,SUSC,2021-12-31,MATURITY,2030-12-19,163.282,0.0,163.282
9628,SUSC,2021-12-31,MATURITY,2030-12-20,633.334,0.0,633.334
9629,SUSC,2021-12-31,MATURITY,2030-12-23,453.291,0.0,453.291
9630,SUSC,2021-12-31,MATURITY,2030-12-24,69.277,0.0,69.277
9631,SUSC,2021-12-31,MATURITY,2030-12-26,9.714,0.0,9.714
9632,SUSC,2021-12-31,MATURITY,2030-12-30,601.875,0.0,601.875
9633,SUSC,2021-12-31,MATURITY,2031-01-02,1713.328,0.0,1713.328
9634,SUSC,2021-12-31,MATURITY,2031-01-06,285.452,0.0,285.452
9635,SUSC,2021-12-31,MATURITY,2031-01-08,720.7,0.0,720.7
9636,SUSC,2021-12-31,MATURITY,2031-01-09,519.608,0.0,519.608
9637,SUSC,2021-12-31,MATURITY,2031-01-10,446.329,0.0,446.329
9638,SUSC,2021-12-31,MATURITY,2031-01-13,803.427,0.0,803.427
9639,SUSC,2021-12-31,MATURITY,2031-01-14,378.844,0.0,378.844
9640,SUSC,2021-12-31,MATURITY,2031-01-15,14938.016,62469.88,77407.895
9641,SUSC,2021-12-31,MATURITY,2031-01-16,362.538,0.0,362.538
9642,SUSC,2021-12-31,MATURITY,2031-01-17,239.029,0.0,239.029
9643,SUSC,2021-12-31,MATURITY,2031-01-21,2565.181,9759.036,12324.217
9644,SUSC,2021-12-31,MATURITY,2031-01-22,637.751,7590.361,8228.112
9645,SUSC,2021-12-31,MATURITY,2031-01-23,2083.011,15240.964,17323.975
9646,SUSC,2021-12-31,MATURITY,2031-01-24,1176.969,0.0,1176.969
9647,SUSC,2021-12-31,MATURITY,2031-01-27,1098.139,0.0,1098.139
9648,SUSC,2021-12-31,MATURITY,2031-01-28,206.871,0.0,206.871
9649,SUSC,2021-12-31,MATURITY,2031-01-29,693.287,5783.133,6476.419
9650,SUSC,2021-12-31,MATURITY,2031-01-30,1048.622,36867.47,37916.092
9651,SUSC,2021-12-31,MATURITY,2031-01-31,239.232,0.0,239.232
9652,SUSC,2021-12-31,MATURITY,2031-02-03,10211.631,1506.024,11717.655
9653,SUSC,2021-12-31,MATURITY,2031-02-04,387.214,0.0,387.214
9654,SUSC,2021-12-31,MATURITY,2031-02-05,352.688,0.0,352.688
9655,SUSC,2021-12-31,MATURITY,2031-02-06,361.241,0.0,361.241
9656,SUSC,2021-12-31,MATURITY,2031-02-07,513.63,0.0,513.63
9657,SUSC,2021-12-31,MATURITY,2031-02-10,2001.356,0.0,2001.356
9658,SUSC,2021-12-31,MATURITY,2031-02-11,182.304,0.0,182.304
9659,SUSC,2021-12-31,MATURITY,2031-02-12,811.434,0.0,811.434
9660,SUSC,2021-12-31,MATURITY,2031-02-13,237.361,4548.193,4785.554
9661,SUSC,2021-12-31,MATURITY,2031-02-14,203.878,0.0,203.878
9662,SUSC,2021-12-31,MATURITY,2031-02-18,12659.645,10993.976,23653.62
9663,SUSC,2021-12-31,MATURITY,2031-02-19,300.365,0.0,300.365
9664,SUSC,2021-12-31,MATURITY,2031-02-20,327.756,0.0,327.756
9665,SUSC,2021-12-31,MATURITY,2031-02-21,967.897,0.0,967.897
9666,SUSC,2021-12-31,MATURITY,2031-02-24,1387.697,0.0,1387.697
9667,SUSC,2021-12-31,MATURITY,2031-02-25,472.797,5240.964,5713.761
9668,SUSC,2021-12-31,MATURITY,2031-02-26,313.588,0.0,313.588
9669,SUSC,2021-12-31,MATURITY,2031-02-27,282.492,0.0,282.492
9670,SUSC,2021-12-31,MATURITY,2031-02-28,198.75,0.0,198.75
9671,SUSC,2021-12-31,MATURITY,2031-03-03,12757.928,4638.554,17396.482
9672,SUSC,2021-12-31,MATURITY,2031-03-04,382.892,0.0,382.892
9673,SUSC,2021-12-31,MATURITY,2031-03-05,68.562,0.0,68.562
9674,SUSC,2021-12-31,MATURITY,2031-03-06,220.686,0.0,220.686
9675,SUSC,2021-12-31,MATURITY,2031-03-07,438.123,0.0,438.123
9676,SUSC,2021-12-31,MATURITY,2031-03-10,937.17,0.0,937.17
9677,SUSC,2021-12-31,MATURITY,2031-03-11,259.514,0.0,259.514
9678,SUSC,2021-12-31,MATURITY,2031-03-12,264.541,0.0,264.541
9679,SUSC,2021-12-31,MATURITY,2031-03-13,694.901,0.0,694.901
9680,SUSC,2021-12-31,MATURITY,2031-03-14,402.41,0.0,402.41
9681,SUSC,2021-12-31,MATURITY,2031-03-17,21706.201,39789.157,61495.357
9682,SUSC,2021-12-31,MATURITY,2031-03-18,470.529,0.0,470.529
9683,SUSC,2021-12-31,MATURITY,2031-03-19,545.542,0.0,545.542
9684,SUSC,2021-12-31,MATURITY,2031-03-20,978.705,0.0,978.705
9685,SUSC,2021-12-31,MATURITY,2031-03-21,445.934,0.0,445.934
9686,SUSC,2021-12-31,MATURITY,2031-03-24,1453.204,4397.59,5850.794
9687,SUSC,2021-12-31,MATURITY,2031-03-25,2377.821,0.0,2377.821
9688,SUSC,2021-12-31,MATURITY,2031-03-26,477.822,0.0,477.822
9689,SUSC,2021-12-31,MATURITY,2031-03-27,267.913,0.0,267.913
9690,SUSC,2021-12-31,MATURITY,2031-03-28,109.834,0.0,109.834
9691,SUSC,2021-12-31,MATURITY,2031-03-31,1383.192,5451.807,6834.999
9692,SUSC,2021-12-31,MATURITY,2031-04-01,15919.875,60843.373,76763.249
9693,SUSC,2021-12-31,MATURITY,2031-04-02,269.202,0.0,269.202
9694,SUSC,2021-12-31,MATURITY,2031-04-03,257.474,0.0,257.474
9695,SUSC,2021-12-31,MATURITY,2031-04-07,599.499,0.0,599.499
9696,SUSC,2021-12-31,MATURITY,2031-04-09,106.024,0.0,106.024
9697,SUSC,2021-12-31,MATURITY,2031-04-14,493.75,0.0,493.75
9698,SUSC,2021-12-31,MATURITY,2031-04-15,12804.518,301.205,13105.723
9699,SUSC,2021-12-31,MATURITY,2031-04-16,194.814,0.0,194.814
9700,SUSC,2021-12-31,MATURITY,2031-04-17,164.556,0.0,164.556
9701,SUSC,2021-12-31,MATURITY,2031-04-21,764.889,0.0,764.889
9702,SUSC,2021-12-31,MATURITY,2031-04-22,1075.752,4849.398,5925.15
9703,SUSC,2021-12-31,MATURITY,2031-04-23,1552.821,0.0,1552.821
9704,SUSC,2021-12-31,MATURITY,2031-04-24,520.517,0.0,520.517
9705,SUSC,2021-12-31,MATURITY,2031-04-25,442.462,0.0,442.462
9706,SUSC,2021-12-31,MATURITY,2031-04-28,928.266,0.0,928.266
9707,SUSC,2021-12-31,MATURITY,2031-04-29,210.35,5060.241,5270.591
9708,SUSC,2021-12-31,MATURITY,2031-04-30,907.154,0.0,907.154
9709,SUSC,2021-12-31,MATURITY,2031-05-01,9805.318,0.0,9805.318
9710,SUSC,2021-12-31,MATURITY,2031-05-02,802.59,0.0,802.59
9711,SUSC,2021-12-31,MATURITY,2031-05-05,906.378,0.0,906.378
9712,SUSC,2021-12-31,MATURITY,2031-05-06,633.532,0.0,633.532
9713,SUSC,2021-12-31,MATURITY,2031-05-07,117.62,0.0,117.62
9714,SUSC,2021-12-31,MATURITY,2031-05-08,173.317,0.0,173.317
9715,SUSC,2021-12-31,MATURITY,2031-05-09,162.244,0.0,162.244
9716,SUSC,2021-12-31,MATURITY,2031-05-12,894.424,1355.422,2249.846
9717,SUSC,2021-12-31,MATURITY,2031-05-13,642.639,0.0,642.639
9718,SUSC,2021-12-31,MATURITY,2031-05-14,2147.282,25451.807,27599.089
9719,SUSC,2021-12-31,MATURITY,2031-05-15,17494.437,1807.229,19301.666
9720,SUSC,2021-12-31,MATURITY,2031-05-16,806.619,0.0,806.619
9721,SUSC,2021-12-31,MATURITY,2031-05-19,1208.904,0.0,1208.904
9722,SUSC,2021-12-31,MATURITY,2031-05-20,552.218,0.0,552.218
9723,SUSC,2021-12-31,MATURITY,2031-05-21,992.802,0.0,992.802
9724,SUSC,2021-12-31,MATURITY,2031-05-22,190.919,0.0,190.919
9725,SUSC,2021-12-31,MATURITY,2031-05-23,129.337,0.0,129.337
9726,SUSC,2021-12-31,MATURITY,2031-05-27,1676.144,1807.229,3483.373
9727,SUSC,2021-12-31,MATURITY,2031-05-28,428.317,0.0,428.317
9728,SUSC,2021-12-31,MATURITY,2031-05-29,329.197,0.0,329.197
9729,SUSC,2021-12-31,MATURITY,2031-05-30,2020.813,0.0,2020.813
9730,SUSC,2021-12-31,MATURITY,2031-06-02,11197.696,9397.59,20595.286
9731,SUSC,2021-12-31,MATURITY,2031-06-03,534.262,0.0,534.262
9732,SUSC,2021-12-31,MATURITY,2031-06-04,184.756,2108.434,2293.19
9733,SUSC,2021-12-31,MATURITY,2031-06-05,571.728,0.0,571.728
9734,SUSC,2021-12-31,MATURITY,2031-06-06,632.006,0.0,632.006
9735,SUSC,2021-12-31,MATURITY,2031-06-09,868.782,0.0,868.782
9736,SUSC,2021-12-31,MATURITY,2031-06-10,588.592,0.0,588.592
9737,SUSC,2021-12-31,MATURITY,2031-06-16,13580.045,20331.325,33911.37
9738,SUSC,2021-12-31,MATURITY,2031-06-17,316.19,15662.651,15978.84
9739,SUSC,2021-12-31,MATURITY,2031-06-19,163.282,0.0,163.282
9740,SUSC,2021-12-31,MATURITY,2031-06-20,633.334,0.0,633.334
9741,SUSC,2021-12-31,MATURITY,2031-06-23,453.291,0.0,453.291
9742,SUSC,2021-12-31,MATURITY,2031-06-24,69.277,0.0,69.277
9743,SUSC,2021-12-31,MATURITY,2031-06-26,9.714,0.0,9.714
9744,SUSC,2021-12-31,MATURITY,2031-06-30,601.875,15783.133,16385.008
9745,SUSC,2021-12-31,MATURITY,2031-07-01,1287.941,0.0,1287.941
9746,SUSC,2021-12-31,MATURITY,2031-07-02,425.388,0.0,425.388
9747,SUSC,2021-12-31,MATURITY,2031-07-07,285.452,0.0,285.452
9748,SUSC,2021-12-31,MATURITY,2031-07-08,720.7,0.0,720.7
9749,SUSC,2021-12-31,MATURITY,2031-07-09,519.608,0.0,519.608
9750,SUSC,2021-12-31,MATURITY,2031-07-10,446.329,0.0,446.329
9751,SUSC,2021-12-31,MATURITY,2031-07-14,890.856,0.0,890.856
9752,SUSC,2021-12-31,MATURITY,2031-07-15,14580.93,451.807,15032.737
9753,SUSC,2021-12-31,MATURITY,2031-07-16,362.538,0.0,362.538
9754,SUSC,2021-12-31,MATURITY,2031-07-17,239.029,0.0,239.029
9755,SUSC,2021-12-31,MATURITY,2031-07-18,138.403,0.0,138.403
9756,SUSC,2021-12-31,MATURITY,2031-07-21,2012.019,0.0,2012.019
9757,SUSC,2021-12-31,MATURITY,2031-07-22,591.195,0.0,591.195
9758,SUSC,2021-12-31,MATURITY,2031-07-23,1709.608,0.0,1709.608
9759,SUSC,2021-12-31,MATURITY,2031-07-24,1176.969,0.0,1176.969
9760,SUSC,2021-12-31,MATURITY,2031-07-25,406.884,0.0,406.884
9761,SUSC,2021-12-31,MATURITY,2031-07-28,898.125,0.0,898.125
9762,SUSC,2021-12-31,MATURITY,2031-07-29,657.782,0.0,657.782
9763,SUSC,2021-12-31,MATURITY,2031-07-30,716.943,0.0,716.943
9764,SUSC,2021-12-31,MATURITY,2031-07-31,239.232,0.0,239.232
9765,SUSC,2021-12-31,MATURITY,2031-08-01,9811.27,53584.337,63395.607
9766,SUSC,2021-12-31,MATURITY,2031-08-04,762.161,0.0,762.161
9767,SUSC,2021-12-31,MATURITY,2031-08-05,352.688,0.0,352.688
9768,SUSC,2021-12-31,MATURITY,2031-08-06,361.241,0.0,361.241
9769,SUSC,2021-12-31,MATURITY,2031-08-07,513.63,0.0,513.63
9770,SUSC,2021-12-31,MATURITY,2031-08-08,606.853,0.0,606.853
9771,SUSC,2021-12-31,MATURITY,2031-08-11,1576.807,0.0,1576.807
9772,SUSC,2021-12-31,MATURITY,2031-08-12,811.434,3012.048,3823.482
9773,SUSC,2021-12-31,MATURITY,2031-08-13,180.413,0.0,180.413
9774,SUSC,2021-12-31,MATURITY,2031-08-14,203.878,0.0,203.878
9775,SUSC,2021-12-31,MATURITY,2031-08-15,11569.484,15451.807,27021.291
9776,SUSC,2021-12-31,MATURITY,2031-08-18,929.445,2710.843,3640.289
9777,SUSC,2021-12-31,MATURITY,2031-08-19,300.365,0.0,300.365
9778,SUSC,2021-12-31,MATURITY,2031-08-20,327.756,0.0,327.756
9779,SUSC,2021-12-31,MATURITY,2031-08-21,967.897,0.0,967.897
9780,SUSC,2021-12-31,MATURITY,2031-08-22,780.242,0.0,780.242
9781,SUSC,2021-12-31,MATURITY,2031-08-25,867.722,0.0,867.722
9782,SUSC,2021-12-31,MATURITY,2031-08-26,465.847,0.0,465.847
9783,SUSC,2021-12-31,MATURITY,2031-08-27,282.492,0.0,282.492
9784,SUSC,2021-12-31,MATURITY,2031-08-28,198.75,0.0,198.75
9785,SUSC,2021-12-31,MATURITY,2031-09-02,12204.332,3012.048,15216.38
9786,SUSC,2021-12-31,MATURITY,2031-09-03,350.508,0.0,350.508
9787,SUSC,2021-12-31,MATURITY,2031-09-04,382.892,0.0,382.892
9788,SUSC,2021-12-31,MATURITY,2031-09-05,68.562,0.0,68.562
9789,SUSC,2021-12-31,MATURITY,2031-09-08,928.095,0.0,928.095
9790,SUSC,2021-12-31,MATURITY,2031-09-09,328.08,0.0,328.08
9791,SUSC,2021-12-31,MATURITY,2031-09-10,275.457,6325.301,6600.758
9792,SUSC,2021-12-31,MATURITY,2031-09-11,259.514,0.0,259.514
9793,SUSC,2021-12-31,MATURITY,2031-09-12,264.541,6024.096,6288.637
9794,SUSC,2021-12-31,MATURITY,2031-09-15,20430.603,12951.807,33382.411
9795,SUSC,2021-12-31,MATURITY,2031-09-16,573.831,7379.518,7953.349
9796,SUSC,2021-12-31,MATURITY,2031-09-17,1201.207,6024.096,7225.304
9797,SUSC,2021-12-31,MATURITY,2031-09-18,470.558,13102.41,13572.968
9798,SUSC,2021-12-31,MATURITY,2031-09-19,545.542,0.0,545.542
9799,SUSC,2021-12-31,MATURITY,2031-09-22,2262.177,15060.241,17322.418
9800,SUSC,2021-12-31,MATURITY,2031-09-23,307.549,0.0,307.549
9801,SUSC,2021-12-31,MATURITY,2031-09-24,223.024,0.0,223.024
9802,SUSC,2021-12-31,MATURITY,2031-09-25,2377.821,0.0,2377.821
9803,SUSC,2021-12-31,MATURITY,2031-09-26,477.822,0.0,477.822
9804,SUSC,2021-12-31,MATURITY,2031-09-29,387.16,0.0,387.16
9805,SUSC,2021-12-31,MATURITY,2031-09-30,1264.895,301.205,1566.099
9806,SUSC,2021-12-31,MATURITY,2031-10-01,14335.535,0.0,14335.535
9807,SUSC,2021-12-31,MATURITY,2031-10-02,269.202,0.0,269.202
9808,SUSC,2021-12-31,MATURITY,2031-10-03,257.474,0.0,257.474
9809,SUSC,2021-12-31,MATURITY,2031-10-06,599.499,0.0,599.499
9810,SUSC,2021-12-31,MATURITY,2031-10-09,106.024,0.0,106.024
9811,SUSC,2021-12-31,MATURITY,2031-10-14,493.75,6024.096,6517.846
9812,SUSC,2021-12-31,MATURITY,2031-10-15,12800.452,7048.193,19848.644
9813,SUSC,2021-12-31,MATURITY,2031-10-16,194.814,0.0,194.814
9814,SUSC,2021-12-31,MATURITY,2031-10-17,164.556,0.0,164.556
9815,SUSC,2021-12-31,MATURITY,2031-10-20,301.334,0.0,301.334
9816,SUSC,2021-12-31,MATURITY,2031-10-21,463.554,3012.048,3475.602
9817,SUSC,2021-12-31,MATURITY,2031-10-22,812.157,0.0,812.157
9818,SUSC,2021-12-31,MATURITY,2031-10-23,1552.821,0.0,1552.821
9819,SUSC,2021-12-31,MATURITY,2031-10-24,520.517,0.0,520.517
9820,SUSC,2021-12-31,MATURITY,2031-10-27,1145.884,30120.482,31266.366
9821,SUSC,2021-12-31,MATURITY,2031-10-28,163.742,602.41,766.152
9822,SUSC,2021-12-31,MATURITY,2031-10-29,153.614,0.0,153.614
9823,SUSC,2021-12-31,MATURITY,2031-10-30,728.688,0.0,728.688
9824,SUSC,2021-12-31,MATURITY,2031-10-31,178.466,0.0,178.466
9825,SUSC,2021-12-31,MATURITY,2031-11-03,11133.774,47469.88,58603.654
9826,SUSC,2021-12-31,MATURITY,2031-11-04,380.512,0.0,380.512
9827,SUSC,2021-12-31,MATURITY,2031-11-06,633.532,0.0,633.532
9828,SUSC,2021-12-31,MATURITY,2031-11-07,117.62,0.0,117.62
9829,SUSC,2021-12-31,MATURITY,2031-11-10,499.895,3012.048,3511.943
9830,SUSC,2021-12-31,MATURITY,2031-11-12,713.147,0.0,713.147
9831,SUSC,2021-12-31,MATURITY,2031-11-13,642.639,0.0,642.639
9832,SUSC,2021-12-31,MATURITY,2031-11-14,1797.319,0.0,1797.319
9833,SUSC,2021-12-31,MATURITY,2031-11-17,18942.544,2108.434,21050.977
9834,SUSC,2021-12-31,MATURITY,2031-11-18,365.195,8584.337,8949.532
9835,SUSC,2021-12-31,MATURITY,2031-11-19,179.631,0.0,179.631
9836,SUSC,2021-12-31,MATURITY,2031-11-20,552.218,0.0,552.218
9837,SUSC,2021-12-31,MATURITY,2031-11-21,992.802,0.0,992.802
9838,SUSC,2021-12-31,MATURITY,2031-11-24,1396.577,0.0,1396.577
9839,SUSC,2021-12-31,MATURITY,2031-11-25,159.142,0.0,159.142
9840,SUSC,2021-12-31,MATURITY,2031-11-26,85.904,0.0,85.904
9841,SUSC,2021-12-31,MATURITY,2031-11-28,506.42,0.0,506.42
9842,SUSC,2021-12-31,MATURITY,2031-12-01,13273.128,16536.145,29809.273
9843,SUSC,2021-12-31,MATURITY,2031-12-02,147.711,2861.446,3009.157
9844,SUSC,2021-12-31,MATURITY,2031-12-03,534.262,0.0,534.262
9845,SUSC,2021-12-31,MATURITY,2031-12-04,158.744,0.0,158.744
9846,SUSC,2021-12-31,MATURITY,2031-12-05,571.728,0.0,571.728
9847,SUSC,2021-12-31,MATURITY,2031-12-08,1052.278,0.0,1052.278
9848,SUSC,2021-12-31,MATURITY,2031-12-09,448.509,0.0,448.509
9849,SUSC,2021-12-31,MATURITY,2031-12-10,588.592,3463.855,4052.447
9850,SUSC,2021-12-31,MATURITY,2031-12-15,13024.473,5421.687,18446.159
9851,SUSC,2021-12-31,MATURITY,2031-12-16,350.377,0.0,350.377
9852,SUSC,2021-12-31,MATURITY,2031-12-17,108.66,0.0,108.66
9853,SUSC,2021-12-31,MATURITY,2031-12-19,163.282,0.0,163.282
9854,SUSC,2021-12-31,MATURITY,2031-12-22,927.701,753.012,1680.713
9855,SUSC,2021-12-31,MATURITY,2031-12-23,158.923,0.0,158.923
9856,SUSC,2021-12-31,MATURITY,2031-12-24,69.277,0.0,69.277
9857,SUSC,2021-12-31,MATURITY,2031-12-26,9.714,0.0,9.714
9858,SUSC,2021-12-31,MATURITY,2031-12-29,120.762,0.0,120.762
9859,SUSC,2021-12-31,MATURITY,2031-12-30,260.15,0.0,260.15
9860,SUSC,2021-12-31,MATURITY,2032-01-02,1713.328,0.0,1713.328
9861,SUSC,2021-12-31,MATURITY,2032-01-06,285.452,0.0,285.452
9862,SUSC,2021-12-31,MATURITY,2032-01-08,720.7,0.0,720.7
9863,SUSC,2021-12-31,MATURITY,2032-01-09,519.608,0.0,519.608
9864,SUSC,2021-12-31,MATURITY,2032-01-12,574.553,0.0,574.553
9865,SUSC,2021-12-31,MATURITY,2032-01-13,675.203,0.0,675.203
9866,SUSC,2021-12-31,MATURITY,2032-01-14,378.844,0.0,378.844
9867,SUSC,2021-12-31,MATURITY,2032-01-15,14283.528,29608.434,43891.962
9868,SUSC,2021-12-31,MATURITY,2032-01-16,362.538,0.0,362.538
9869,SUSC,2021-12-31,MATURITY,2032-01-20,1578.56,0.0,1578.56
9870,SUSC,2021-12-31,MATURITY,2032-01-21,646.745,0.0,646.745
9871,SUSC,2021-12-31,MATURITY,2032-01-22,591.195,0.0,591.195
9872,SUSC,2021-12-31,MATURITY,2032-01-23,1709.608,0.0,1709.608
9873,SUSC,2021-12-31,MATURITY,2032-01-26,1609.162,0.0,1609.162
9874,SUSC,2021-12-31,MATURITY,2032-01-27,665.946,0.0,665.946
9875,SUSC,2021-12-31,MATURITY,2032-01-28,206.871,0.0,206.871
9876,SUSC,2021-12-31,MATURITY,2032-01-29,657.782,0.0,657.782
9877,SUSC,2021-12-31,MATURITY,2032-01-30,808.554,6024.096,6832.651
9878,SUSC,2021-12-31,MATURITY,2032-02-02,9435.404,3012.048,12447.452
9879,SUSC,2021-12-31,MATURITY,2032-02-03,242.417,0.0,242.417
9880,SUSC,2021-12-31,MATURITY,2032-02-04,387.214,0.0,387.214
9881,SUSC,2021-12-31,MATURITY,2032-02-05,352.688,0.0,352.688
9882,SUSC,2021-12-31,MATURITY,2032-02-06,361.241,0.0,361.241
9883,SUSC,2021-12-31,MATURITY,2032-02-09,1450.542,0.0,1450.542
9884,SUSC,2021-12-31,MATURITY,2032-02-10,1064.443,0.0,1064.443
9885,SUSC,2021-12-31,MATURITY,2032-02-11,182.304,0.0,182.304
9886,SUSC,2021-12-31,MATURITY,2032-02-12,785.078,0.0,785.078
9887,SUSC,2021-12-31,MATURITY,2032-02-13,180.394,8734.94,8915.334
9888,SUSC,2021-12-31,MATURITY,2032-02-17,11944.737,4969.88,16914.617
9889,SUSC,2021-12-31,MATURITY,2032-02-18,232.53,0.0,232.53
9890,SUSC,2021-12-31,MATURITY,2032-02-19,300.365,0.0,300.365
9891,SUSC,2021-12-31,MATURITY,2032-02-20,327.756,0.0,327.756
9892,SUSC,2021-12-31,MATURITY,2032-02-23,2203.336,0.0,2203.336
9893,SUSC,2021-12-31,MATURITY,2032-02-24,152.259,0.0,152.259
9894,SUSC,2021-12-31,MATURITY,2032-02-25,412.526,0.0,412.526
9895,SUSC,2021-12-31,MATURITY,2032-02-26,313.588,0.0,313.588
9896,SUSC,2021-12-31,MATURITY,2032-02-27,282.492,0.0,282.492
9897,SUSC,2021-12-31,MATURITY,2032-03-01,12277.939,7108.434,19386.373
9898,SUSC,2021-12-31,MATURITY,2032-03-02,98.788,0.0,98.788
9899,SUSC,2021-12-31,MATURITY,2032-03-03,350.508,0.0,350.508
9900,SUSC,2021-12-31,MATURITY,2032-03-04,382.892,0.0,382.892
9901,SUSC,2021-12-31,MATURITY,2032-03-05,68.562,0.0,68.562
9902,SUSC,2021-12-31,MATURITY,2032-03-08,928.095,0.0,928.095
9903,SUSC,2021-12-31,MATURITY,2032-03-09,328.08,0.0,328.08
9904,SUSC,2021-12-31,MATURITY,2032-03-10,211.672,12048.193,12259.864
9905,SUSC,2021-12-31,MATURITY,2032-03-11,259.514,0.0,259.514
9906,SUSC,2021-12-31,MATURITY,2032-03-12,207.312,0.0,207.312
9907,SUSC,2021-12-31,MATURITY,2032-03-15,20283.909,50000.0,70283.909
9908,SUSC,2021-12-31,MATURITY,2032-03-16,482.907,0.0,482.907
9909,SUSC,2021-12-31,MATURITY,2032-03-17,1134.28,0.0,1134.28
9910,SUSC,2021-12-31,MATURITY,2032-03-18,265.934,0.0,265.934
9911,SUSC,2021-12-31,MATURITY,2032-03-19,545.542,0.0,545.542
9912,SUSC,2021-12-31,MATURITY,2032-03-22,2075.279,0.0,2075.279
9913,SUSC,2021-12-31,MATURITY,2032-03-23,307.549,0.0,307.549
9914,SUSC,2021-12-31,MATURITY,2032-03-24,223.024,0.0,223.024
9915,SUSC,2021-12-31,MATURITY,2032-03-25,2377.821,0.0,2377.821
9916,SUSC,2021-12-31,MATURITY,2032-03-26,477.822,0.0,477.822
9917,SUSC,2021-12-31,MATURITY,2032-03-29,377.747,0.0,377.747
9918,SUSC,2021-12-31,MATURITY,2032-03-30,924.27,0.0,924.27
9919,SUSC,2021-12-31,MATURITY,2032-03-31,338.178,0.0,338.178
9920,SUSC,2021-12-31,MATURITY,2032-04-01,14335.535,26566.265,40901.8
9921,SUSC,2021-12-31,MATURITY,2032-04-02,269.202,0.0,269.202
9922,SUSC,2021-12-31,MATURITY,2032-04-05,577.061,0.0,577.061
9923,SUSC,2021-12-31,MATURITY,2032-04-06,279.912,0.0,279.912
9924,SUSC,2021-12-31,MATURITY,2032-04-09,106.024,0.0,106.024
9925,SUSC,2021-12-31,MATURITY,2032-04-14,422.214,0.0,422.214
9926,SUSC,2021-12-31,MATURITY,2032-04-15,12545.802,11957.831,24503.633
9927,SUSC,2021-12-31,MATURITY,2032-04-16,194.814,0.0,194.814
9928,SUSC,2021-12-31,MATURITY,2032-04-19,164.556,0.0,164.556
9929,SUSC,2021-12-31,MATURITY,2032-04-20,236.995,3644.578,3881.574
9930,SUSC,2021-12-31,MATURITY,2032-04-21,375.181,0.0,375.181
9931,SUSC,2021-12-31,MATURITY,2032-04-22,812.157,33433.735,34245.892
9932,SUSC,2021-12-31,MATURITY,2032-04-23,1552.821,0.0,1552.821
9933,SUSC,2021-12-31,MATURITY,2032-04-26,799.614,0.0,799.614
9934,SUSC,2021-12-31,MATURITY,2032-04-27,490.281,0.0,490.281
9935,SUSC,2021-12-31,MATURITY,2032-04-28,155.083,14759.036,14914.119
9936,SUSC,2021-12-31,MATURITY,2032-04-29,153.614,0.0,153.614
9937,SUSC,2021-12-31,MATURITY,2032-04-30,907.154,0.0,907.154
9938,SUSC,2021-12-31,MATURITY,2032-05-03,9264.841,602.41,9867.251
9939,SUSC,2021-12-31,MATURITY,2032-05-04,674.97,0.0,674.97
9940,SUSC,2021-12-31,MATURITY,2032-05-06,633.532,0.0,633.532
9941,SUSC,2021-12-31,MATURITY,2032-05-07,117.62,0.0,117.62
9942,SUSC,2021-12-31,MATURITY,2032-05-10,379.567,0.0,379.567
9943,SUSC,2021-12-31,MATURITY,2032-05-11,586.302,0.0,586.302
9944,SUSC,2021-12-31,MATURITY,2032-05-12,126.845,0.0,126.845
9945,SUSC,2021-12-31,MATURITY,2032-05-13,642.639,0.0,642.639
9946,SUSC,2021-12-31,MATURITY,2032-05-14,1797.319,0.0,1797.319
9947,SUSC,2021-12-31,MATURITY,2032-05-17,18944.389,12560.241,31504.63
9948,SUSC,2021-12-31,MATURITY,2032-05-18,223.26,0.0,223.26
9949,SUSC,2021-12-31,MATURITY,2032-05-19,179.631,0.0,179.631
9950,SUSC,2021-12-31,MATURITY,2032-05-20,552.218,0.0,552.218
9951,SUSC,2021-12-31,MATURITY,2032-05-21,992.802,0.0,992.802
9952,SUSC,2021-12-31,MATURITY,2032-05-24,780.718,24397.59,25178.308
9953,SUSC,2021-12-31,MATURITY,2032-05-25,159.142,0.0,159.142
9954,SUSC,2021-12-31,MATURITY,2032-05-26,85.904,0.0,85.904
9955,SUSC,2021-12-31,MATURITY,2032-05-27,146.099,0.0,146.099
9956,SUSC,2021-12-31,MATURITY,2032-05-28,360.32,10993.976,11354.296
9957,SUSC,2021-12-31,MATURITY,2032-06-01,12807.121,5512.048,18319.169
9958,SUSC,2021-12-31,MATURITY,2032-06-02,112.093,0.0,112.093
9959,SUSC,2021-12-31,MATURITY,2032-06-03,534.262,0.0,534.262
9960,SUSC,2021-12-31,MATURITY,2032-06-04,158.744,0.0,158.744
9961,SUSC,2021-12-31,MATURITY,2032-06-07,1487.356,0.0,1487.356
9962,SUSC,2021-12-31,MATURITY,2032-06-08,136.651,0.0,136.651
9963,SUSC,2021-12-31,MATURITY,2032-06-09,448.509,0.0,448.509
9964,SUSC,2021-12-31,MATURITY,2032-06-10,551.355,0.0,551.355
9965,SUSC,2021-12-31,MATURITY,2032-06-14,665.64,0.0,665.64
9966,SUSC,2021-12-31,MATURITY,2032-06-15,12295.278,4548.193,16843.471
9967,SUSC,2021-12-31,MATURITY,2032-06-16,350.377,0.0,350.377
9968,SUSC,2021-12-31,MATURITY,2032-06-17,108.66,0.0,108.66
9969,SUSC,2021-12-31,MATURITY,2032-06-21,922.896,0.0,922.896
9970,SUSC,2021-12-31,MATURITY,2032-06-22,159.804,0.0,159.804
9971,SUSC,2021-12-31,MATURITY,2032-06-23,158.923,0.0,158.923
9972,SUSC,2021-12-31,MATURITY,2032-06-24,69.277,0.0,69.277
9973,SUSC,2021-12-31,MATURITY,2032-06-28,9.714,0.0,9.714
9974,SUSC,2021-12-31,MATURITY,2032-06-29,120.762,0.0,120.762
9975,SUSC,2021-12-31,MATURITY,2032-06-30,260.15,0.0,260.15
9976,SUSC,2021-12-31,MATURITY,2032-07-01,1287.941,0.0,1287.941
9977,SUSC,2021-12-31,MATURITY,2032-07-02,425.388,0.0,425.388
9978,SUSC,2021-12-31,MATURITY,2032-07-06,285.452,0.0,285.452
9979,SUSC,2021-12-31,MATURITY,2032-07-08,720.7,0.0,720.7
9980,SUSC,2021-12-31,MATURITY,2032-07-09,519.608,0.0,519.608
9981,SUSC,2021-12-31,MATURITY,2032-07-12,574.553,0.0,574.553
9982,SUSC,2021-12-31,MATURITY,2032-07-13,675.203,0.0,675.203
9983,SUSC,2021-12-31,MATURITY,2032-07-14,378.844,0.0,378.844
9984,SUSC,2021-12-31,MATURITY,2032-07-15,13714.966,16445.783,30160.749
9985,SUSC,2021-12-31,MATURITY,2032-07-16,362.538,0.0,362.538
9986,SUSC,2021-12-31,MATURITY,2032-07-19,239.029,0.0,239.029
9987,SUSC,2021-12-31,MATURITY,2032-07-20,1339.531,0.0,1339.531
9988,SUSC,2021-12-31,MATURITY,2032-07-21,646.745,33283.133,33929.878
9989,SUSC,2021-12-31,MATURITY,2032-07-22,591.195,0.0,591.195
9990,SUSC,2021-12-31,MATURITY,2032-07-23,1709.608,0.0,1709.608
9991,SUSC,2021-12-31,MATURITY,2032-07-26,1782.939,0.0,1782.939
9992,SUSC,2021-12-31,MATURITY,2032-07-27,492.169,0.0,492.169
9993,SUSC,2021-12-31,MATURITY,2032-07-28,206.871,0.0,206.871
9994,SUSC,2021-12-31,MATURITY,2032-07-29,657.782,0.0,657.782
9995,SUSC,2021-12-31,MATURITY,2032-07-30,709.157,0.0,709.157
9996,SUSC,2021-12-31,MATURITY,2032-08-02,9403.401,0.0,9403.401
9997,SUSC,2021-12-31,MATURITY,2032-08-03,242.417,0.0,242.417
9998,SUSC,2021-12-31,MATURITY,2032-08-04,387.214,0.0,387.214
9999,SUSC,2021-12-31,MATURITY,2032-08-05,352.688,0.0,352.688
10000,SUSC,2021-12-31,MATURITY,2032-08-06,361.241,0.0,361.241
10001,SUSC,2021-12-31,MATURITY,2032-08-09,1450.542,0.0,1450.542
10002,SUSC,2021-12-31,MATURITY,2032-08-10,1064.443,0.0,1064.443
10003,SUSC,2021-12-31,MATURITY,2032-08-11,182.304,0.0,182.304
10004,SUSC,2021-12-31,MATURITY,2032-08-12,785.078,0.0,785.078
10005,SUSC,2021-12-31,MATURITY,2032-08-13,131.739,0.0,131.739
10006,SUSC,2021-12-31,MATURITY,2032-08-16,11481.635,0.0,11481.635
10007,SUSC,2021-12-31,MATURITY,2032-08-17,399.285,0.0,399.285
10008,SUSC,2021-12-31,MATURITY,2032-08-18,232.53,0.0,232.53
10009,SUSC,2021-12-31,MATURITY,2032-08-19,300.365,0.0,300.365
10010,SUSC,2021-12-31,MATURITY,2032-08-20,327.756,0.0,327.756
10011,SUSC,2021-12-31,MATURITY,2032-08-23,2203.336,0.0,2203.336
10012,SUSC,2021-12-31,MATURITY,2032-08-24,152.259,0.0,152.259
10013,SUSC,2021-12-31,MATURITY,2032-08-25,412.526,0.0,412.526
10014,SUSC,2021-12-31,MATURITY,2032-08-26,313.588,0.0,313.588
10015,SUSC,2021-12-31,MATURITY,2032-08-27,282.492,0.0,282.492
10016,SUSC,2021-12-31,MATURITY,2032-08-30,198.75,0.0,198.75
10017,SUSC,2021-12-31,MATURITY,2032-09-01,11852.231,0.0,11852.231
10018,SUSC,2021-12-31,MATURITY,2032-09-02,98.788,0.0,98.788
10019,SUSC,2021-12-31,MATURITY,2032-09-03,350.508,0.0,350.508
10020,SUSC,2021-12-31,MATURITY,2032-09-07,1110.262,0.0,1110.262
10021,SUSC,2021-12-31,MATURITY,2032-09-08,269.286,0.0,269.286
10022,SUSC,2021-12-31,MATURITY,2032-09-09,328.08,0.0,328.08
10023,SUSC,2021-12-31,MATURITY,2032-09-10,115.889,0.0,115.889
10024,SUSC,2021-12-31,MATURITY,2032-09-13,1084.498,0.0,1084.498
10025,SUSC,2021-12-31,MATURITY,2032-09-14,402.41,0.0,402.41
10026,SUSC,2021-12-31,MATURITY,2032-09-15,17909.731,0.0,17909.731
10027,SUSC,2021-12-31,MATURITY,2032-09-16,482.907,0.0,482.907
10028,SUSC,2021-12-31,MATURITY,2032-09-17,1134.28,0.0,1134.28
10029,SUSC,2021-12-31,MATURITY,2032-09-20,1790.181,0.0,1790.181
10030,SUSC,2021-12-31,MATURITY,2032-09-21,259.036,0.0,259.036
10031,SUSC,2021-12-31,MATURITY,2032-09-22,837.538,0.0,837.538
10032,SUSC,2021-12-31,MATURITY,2032-09-23,307.549,0.0,307.549
10033,SUSC,2021-12-31,MATURITY,2032-09-24,223.024,0.0,223.024
10034,SUSC,2021-12-31,MATURITY,2032-09-27,3123.556,0.0,3123.556
10035,SUSC,2021-12-31,MATURITY,2032-09-28,109.834,0.0,109.834
10036,SUSC,2021-12-31,MATURITY,2032-09-29,9.413,0.0,9.413
10037,SUSC,2021-12-31,MATURITY,2032-09-30,1253.035,0.0,1253.035
10038,SUSC,2021-12-31,MATURITY,2032-10-01,13866.219,3373.494,17239.713
10039,SUSC,2021-12-31,MATURITY,2032-10-04,526.675,0.0,526.675
10040,SUSC,2021-12-31,MATURITY,2032-10-05,319.587,0.0,319.587
10041,SUSC,2021-12-31,MATURITY,2032-10-06,279.912,0.0,279.912
10042,SUSC,2021-12-31,MATURITY,2032-10-12,106.024,0.0,106.024
10043,SUSC,2021-12-31,MATURITY,2032-10-14,422.214,0.0,422.214
10044,SUSC,2021-12-31,MATURITY,2032-10-15,12168.475,11204.819,23373.294
10045,SUSC,2021-12-31,MATURITY,2032-10-18,359.37,0.0,359.37
10046,SUSC,2021-12-31,MATURITY,2032-10-20,205.105,10240.964,10446.069
10047,SUSC,2021-12-31,MATURITY,2032-10-21,375.181,9036.145,9411.325
10048,SUSC,2021-12-31,MATURITY,2032-10-22,586.443,0.0,586.443
10049,SUSC,2021-12-31,MATURITY,2032-10-25,2139.295,0.0,2139.295
10050,SUSC,2021-12-31,MATURITY,2032-10-26,213.14,0.0,213.14
10051,SUSC,2021-12-31,MATURITY,2032-10-27,490.281,0.0,490.281
10052,SUSC,2021-12-31,MATURITY,2032-10-28,73.908,0.0,73.908
10053,SUSC,2021-12-31,MATURITY,2032-10-29,153.614,0.0,153.614
10054,SUSC,2021-12-31,MATURITY,2032-11-01,9255.224,6054.217,15309.441
10055,SUSC,2021-12-31,MATURITY,2032-11-02,772.47,1807.229,2579.699
10056,SUSC,2021-12-31,MATURITY,2032-11-03,417.675,2108.434,2526.108
10057,SUSC,2021-12-31,MATURITY,2032-11-04,380.512,0.0,380.512
10058,SUSC,2021-12-31,MATURITY,2032-11-08,840.286,13102.41,13942.696
10059,SUSC,2021-12-31,MATURITY,2032-11-09,126.099,0.0,126.099
10060,SUSC,2021-12-31,MATURITY,2032-11-10,164.334,0.0,164.334
10061,SUSC,2021-12-31,MATURITY,2032-11-12,713.147,0.0,713.147
10062,SUSC,2021-12-31,MATURITY,2032-11-15,19858.304,13765.06,33623.364
10063,SUSC,2021-12-31,MATURITY,2032-11-16,834.292,0.0,834.292
10064,SUSC,2021-12-31,MATURITY,2032-11-17,212.892,0.0,212.892
10065,SUSC,2021-12-31,MATURITY,2032-11-18,223.26,0.0,223.26
10066,SUSC,2021-12-31,MATURITY,2032-11-19,179.631,0.0,179.631
10067,SUSC,2021-12-31,MATURITY,2032-11-22,1682.903,7680.723,9363.626
10068,SUSC,2021-12-31,MATURITY,2032-11-23,129.337,0.0,129.337
10069,SUSC,2021-12-31,MATURITY,2032-11-24,308.426,45180.723,45489.149
10070,SUSC,2021-12-31,MATURITY,2032-11-26,245.046,0.0,245.046
10071,SUSC,2021-12-31,MATURITY,2032-11-29,736.78,3222.892,3959.672
10072,SUSC,2021-12-31,MATURITY,2032-11-30,2398.494,6114.458,8512.952
10073,SUSC,2021-12-31,MATURITY,2032-12-01,9906.636,60.241,9966.877
10074,SUSC,2021-12-31,MATURITY,2032-12-02,112.093,0.0,112.093
10075,SUSC,2021-12-31,MATURITY,2032-12-03,534.262,0.0,534.262
10076,SUSC,2021-12-31,MATURITY,2032-12-06,1362.477,0.0,1362.477
10077,SUSC,2021-12-31,MATURITY,2032-12-07,283.622,0.0,283.622
10078,SUSC,2021-12-31,MATURITY,2032-12-08,136.651,0.0,136.651
10079,SUSC,2021-12-31,MATURITY,2032-12-09,448.509,0.0,448.509
10080,SUSC,2021-12-31,MATURITY,2032-12-10,551.355,0.0,551.355
10081,SUSC,2021-12-31,MATURITY,2032-12-14,665.64,0.0,665.64
10082,SUSC,2021-12-31,MATURITY,2032-12-15,12126.359,14608.434,26734.793
10083,SUSC,2021-12-31,MATURITY,2032-12-16,350.377,0.0,350.377
10084,SUSC,2021-12-31,MATURITY,2032-12-17,108.66,0.0,108.66
10085,SUSC,2021-12-31,MATURITY,2032-12-20,796.616,0.0,796.616
10086,SUSC,2021-12-31,MATURITY,2032-12-21,126.28,0.0,126.28
10087,SUSC,2021-12-31,MATURITY,2032-12-22,159.804,0.0,159.804
10088,SUSC,2021-12-31,MATURITY,2032-12-23,158.923,0.0,158.923
10089,SUSC,2021-12-31,MATURITY,2032-12-24,69.277,0.0,69.277
10090,SUSC,2021-12-31,MATURITY,2032-12-27,9.714,0.0,9.714
10091,SUSC,2021-12-31,MATURITY,2032-12-29,120.762,0.0,120.762
10092,SUSC,2021-12-31,MATURITY,2032-12-30,260.15,0.0,260.15
10093,SUSC,2021-12-31,MATURITY,2033-01-03,1287.941,0.0,1287.941
10094,SUSC,2021-12-31,MATURITY,2033-01-04,425.388,0.0,425.388
10095,SUSC,2021-12-31,MATURITY,2033-01-06,285.452,0.0,285.452
10096,SUSC,2021-12-31,MATURITY,2033-01-10,1437.221,0.0,1437.221
10097,SUSC,2021-12-31,MATURITY,2033-01-11,249.416,0.0,249.416
10098,SUSC,2021-12-31,MATURITY,2033-01-12,128.224,0.0,128.224
10099,SUSC,2021-12-31,MATURITY,2033-01-13,675.203,0.0,675.203
10100,SUSC,2021-12-31,MATURITY,2033-01-14,378.844,0.0,378.844
10101,SUSC,2021-12-31,MATURITY,2033-01-18,13949.551,6445.783,20395.334
10102,SUSC,2021-12-31,MATURITY,2033-01-20,1201.128,0.0,1201.128
10103,SUSC,2021-12-31,MATURITY,2033-01-21,436.551,0.0,436.551
10104,SUSC,2021-12-31,MATURITY,2033-01-24,3477.772,0.0,3477.772
10105,SUSC,2021-12-31,MATURITY,2033-01-25,406.884,0.0,406.884
10106,SUSC,2021-12-31,MATURITY,2033-01-26,199.086,0.0,199.086
10107,SUSC,2021-12-31,MATURITY,2033-01-27,492.169,0.0,492.169
10108,SUSC,2021-12-31,MATURITY,2033-01-28,206.871,0.0,206.871
10109,SUSC,2021-12-31,MATURITY,2033-01-31,1514.559,0.0,1514.559
10110,SUSC,2021-12-31,MATURITY,2033-02-01,9123.25,0.0,9123.25
10111,SUSC,2021-12-31,MATURITY,2033-02-02,132.53,0.0,132.53
10112,SUSC,2021-12-31,MATURITY,2033-02-03,242.417,0.0,242.417
10113,SUSC,2021-12-31,MATURITY,2033-02-04,387.214,0.0,387.214
10114,SUSC,2021-12-31,MATURITY,2033-02-07,1227.559,0.0,1227.559
10115,SUSC,2021-12-31,MATURITY,2033-02-08,606.853,0.0,606.853
10116,SUSC,2021-12-31,MATURITY,2033-02-09,330.06,0.0,330.06
10117,SUSC,2021-12-31,MATURITY,2033-02-10,1064.443,0.0,1064.443
10118,SUSC,2021-12-31,MATURITY,2033-02-11,182.304,0.0,182.304
10119,SUSC,2021-12-31,MATURITY,2033-02-14,1120.696,0.0,1120.696
10120,SUSC,2021-12-31,MATURITY,2033-02-15,11007.753,15391.566,26399.319
10121,SUSC,2021-12-31,MATURITY,2033-02-16,270.004,0.0,270.004
10122,SUSC,2021-12-31,MATURITY,2033-02-17,399.285,0.0,399.285
10123,SUSC,2021-12-31,MATURITY,2033-02-18,232.53,0.0,232.53
10124,SUSC,2021-12-31,MATURITY,2033-02-22,2376.261,1415.663,3791.924
10125,SUSC,2021-12-31,MATURITY,2033-02-23,455.196,0.0,455.196
10126,SUSC,2021-12-31,MATURITY,2033-02-24,152.259,0.0,152.259
10127,SUSC,2021-12-31,MATURITY,2033-02-25,412.526,0.0,412.526
10128,SUSC,2021-12-31,MATURITY,2033-02-28,794.831,0.0,794.831
10129,SUSC,2021-12-31,MATURITY,2033-03-01,11852.231,1295.181,13147.412
10130,SUSC,2021-12-31,MATURITY,2033-03-02,98.788,0.0,98.788
10131,SUSC,2021-12-31,MATURITY,2033-03-03,350.508,0.0,350.508
10132,SUSC,2021-12-31,MATURITY,2033-03-04,382.892,0.0,382.892
10133,SUSC,2021-12-31,MATURITY,2033-03-07,727.37,0.0,727.37
10134,SUSC,2021-12-31,MATURITY,2033-03-08,269.286,0.0,269.286
10135,SUSC,2021-12-31,MATURITY,2033-03-09,328.08,0.0,328.08
10136,SUSC,2021-12-31,MATURITY,2033-03-10,115.889,0.0,115.889
10137,SUSC,2021-12-31,MATURITY,2033-03-11,259.514,0.0,259.514
10138,SUSC,2021-12-31,MATURITY,2033-03-14,1227.393,0.0,1227.393
10139,SUSC,2021-12-31,MATURITY,2033-03-15,17909.731,12138.554,30048.285
10140,SUSC,2021-12-31,MATURITY,2033-03-16,482.907,0.0,482.907
10141,SUSC,2021-12-31,MATURITY,2033-03-17,1134.28,0.0,1134.28
10142,SUSC,2021-12-31,MATURITY,2033-03-18,265.934,0.0,265.934
10143,SUSC,2021-12-31,MATURITY,2033-03-21,1783.283,0.0,1783.283
10144,SUSC,2021-12-31,MATURITY,2033-03-22,837.538,0.0,837.538
10145,SUSC,2021-12-31,MATURITY,2033-03-23,307.549,0.0,307.549
10146,SUSC,2021-12-31,MATURITY,2033-03-24,223.024,0.0,223.024
10147,SUSC,2021-12-31,MATURITY,2033-03-25,2377.821,0.0,2377.821
10148,SUSC,2021-12-31,MATURITY,2033-03-28,855.569,0.0,855.569
10149,SUSC,2021-12-31,MATURITY,2033-03-29,9.413,0.0,9.413
10150,SUSC,2021-12-31,MATURITY,2033-03-30,914.857,0.0,914.857
10151,SUSC,2021-12-31,MATURITY,2033-03-31,338.178,0.0,338.178
10152,SUSC,2021-12-31,MATURITY,2033-04-01,13766.111,0.0,13766.111
10153,SUSC,2021-12-31,MATURITY,2033-04-04,526.675,0.0,526.675
10154,SUSC,2021-12-31,MATURITY,2033-04-05,319.587,0.0,319.587
10155,SUSC,2021-12-31,MATURITY,2033-04-06,279.912,0.0,279.912
10156,SUSC,2021-12-31,MATURITY,2033-04-11,106.024,0.0,106.024
10157,SUSC,2021-12-31,MATURITY,2033-04-14,422.214,0.0,422.214
10158,SUSC,2021-12-31,MATURITY,2033-04-15,11192.519,7891.566,19084.085
10159,SUSC,2021-12-31,MATURITY,2033-04-18,359.37,0.0,359.37
10160,SUSC,2021-12-31,MATURITY,2033-04-19,734.33,0.0,734.33
10161,SUSC,2021-12-31,MATURITY,2033-04-20,139.307,0.0,139.307
10162,SUSC,2021-12-31,MATURITY,2033-04-21,314.458,0.0,314.458
10163,SUSC,2021-12-31,MATURITY,2033-04-22,586.443,0.0,586.443
10164,SUSC,2021-12-31,MATURITY,2033-04-25,2139.295,0.0,2139.295
10165,SUSC,2021-12-31,MATURITY,2033-04-26,213.14,0.0,213.14
10166,SUSC,2021-12-31,MATURITY,2033-04-27,490.281,0.0,490.281
10167,SUSC,2021-12-31,MATURITY,2033-04-28,73.908,0.0,73.908
10168,SUSC,2021-12-31,MATURITY,2033-04-29,153.614,0.0,153.614
10169,SUSC,2021-12-31,MATURITY,2033-05-02,9372.313,0.0,9372.313
10170,SUSC,2021-12-31,MATURITY,2033-05-03,884.189,0.0,884.189
10171,SUSC,2021-12-31,MATURITY,2033-05-04,380.512,0.0,380.512
10172,SUSC,2021-12-31,MATURITY,2033-05-06,633.532,0.0,633.532
10173,SUSC,2021-12-31,MATURITY,2033-05-09,250.309,0.0,250.309
10174,SUSC,2021-12-31,MATURITY,2033-05-10,164.334,0.0,164.334
10175,SUSC,2021-12-31,MATURITY,2033-05-11,586.302,0.0,586.302
10176,SUSC,2021-12-31,MATURITY,2033-05-12,126.845,0.0,126.845
10177,SUSC,2021-12-31,MATURITY,2033-05-13,642.639,0.0,642.639
10178,SUSC,2021-12-31,MATURITY,2033-05-16,19736.056,7168.675,26904.731
10179,SUSC,2021-12-31,MATURITY,2033-05-17,212.892,0.0,212.892
10180,SUSC,2021-12-31,MATURITY,2033-05-18,223.26,0.0,223.26
10181,SUSC,2021-12-31,MATURITY,2033-05-19,179.631,0.0,179.631
10182,SUSC,2021-12-31,MATURITY,2033-05-20,552.218,0.0,552.218
10183,SUSC,2021-12-31,MATURITY,2033-05-23,1202.802,0.0,1202.802
10184,SUSC,2021-12-31,MATURITY,2033-05-24,264.872,0.0,264.872
10185,SUSC,2021-12-31,MATURITY,2033-05-25,159.142,0.0,159.142
10186,SUSC,2021-12-31,MATURITY,2033-05-26,85.904,0.0,85.904
10187,SUSC,2021-12-31,MATURITY,2033-05-27,146.099,0.0,146.099
10188,SUSC,2021-12-31,MATURITY,2033-05-31,2703.426,0.0,2703.426
10189,SUSC,2021-12-31,MATURITY,2033-06-01,9904.753,2650.602,12555.355
10190,SUSC,2021-12-31,MATURITY,2033-06-02,112.093,0.0,112.093
10191,SUSC,2021-12-31,MATURITY,2033-06-03,534.262,0.0,534.262
10192,SUSC,2021-12-31,MATURITY,2033-06-06,1362.477,0.0,1362.477
10193,SUSC,2021-12-31,MATURITY,2033-06-07,283.622,0.0,283.622
10194,SUSC,2021-12-31,MATURITY,2033-06-08,136.651,0.0,136.651
10195,SUSC,2021-12-31,MATURITY,2033-06-09,448.509,0.0,448.509
10196,SUSC,2021-12-31,MATURITY,2033-06-10,551.355,0.0,551.355
10197,SUSC,2021-12-31,MATURITY,2033-06-14,665.64,0.0,665.64
10198,SUSC,2021-12-31,MATURITY,2033-06-15,11802.187,0.0,11802.187
10199,SUSC,2021-12-31,MATURITY,2033-06-16,350.377,0.0,350.377
10200,SUSC,2021-12-31,MATURITY,2033-06-17,108.66,0.0,108.66
10201,SUSC,2021-12-31,MATURITY,2033-06-20,796.616,0.0,796.616
10202,SUSC,2021-12-31,MATURITY,2033-06-21,126.28,0.0,126.28
10203,SUSC,2021-12-31,MATURITY,2033-06-22,159.804,0.0,159.804
10204,SUSC,2021-12-31,MATURITY,2033-06-23,158.923,0.0,158.923
10205,SUSC,2021-12-31,MATURITY,2033-06-24,69.277,0.0,69.277
10206,SUSC,2021-12-31,MATURITY,2033-06-27,9.714,0.0,9.714
10207,SUSC,2021-12-31,MATURITY,2033-06-29,120.762,0.0,120.762
10208,SUSC,2021-12-31,MATURITY,2033-06-30,260.15,0.0,260.15
10209,SUSC,2021-12-31,MATURITY,2033-07-01,1287.941,0.0,1287.941
10210,SUSC,2021-12-31,MATURITY,2033-07-05,425.388,0.0,425.388
10211,SUSC,2021-12-31,MATURITY,2033-07-06,285.452,0.0,285.452
10212,SUSC,2021-12-31,MATURITY,2033-07-08,720.7,0.0,720.7
10213,SUSC,2021-12-31,MATURITY,2033-07-11,965.937,0.0,965.937
10214,SUSC,2021-12-31,MATURITY,2033-07-12,128.224,0.0,128.224
10215,SUSC,2021-12-31,MATURITY,2033-07-13,675.203,0.0,675.203
10216,SUSC,2021-12-31,MATURITY,2033-07-14,378.844,0.0,378.844
10217,SUSC,2021-12-31,MATURITY,2033-07-15,13017.489,10150.602,23168.091
10218,SUSC,2021-12-31,MATURITY,2033-07-18,601.566,0.0,601.566
10219,SUSC,2021-12-31,MATURITY,2033-07-19,138.403,0.0,138.403
10220,SUSC,2021-12-31,MATURITY,2033-07-20,1201.128,0.0,1201.128
10221,SUSC,2021-12-31,MATURITY,2033-07-21,436.551,0.0,436.551
10222,SUSC,2021-12-31,MATURITY,2033-07-22,591.195,0.0,591.195
10223,SUSC,2021-12-31,MATURITY,2033-07-25,3293.461,0.0,3293.461
10224,SUSC,2021-12-31,MATURITY,2033-07-26,199.086,0.0,199.086
10225,SUSC,2021-12-31,MATURITY,2033-07-27,492.169,0.0,492.169
10226,SUSC,2021-12-31,MATURITY,2033-07-28,206.871,0.0,206.871
10227,SUSC,2021-12-31,MATURITY,2033-07-29,749.393,0.0,749.393
10228,SUSC,2021-12-31,MATURITY,2033-08-01,9888.416,3222.892,13111.308
10229,SUSC,2021-12-31,MATURITY,2033-08-02,132.53,0.0,132.53
10230,SUSC,2021-12-31,MATURITY,2033-08-03,242.417,0.0,242.417
10231,SUSC,2021-12-31,MATURITY,2033-08-04,387.214,0.0,387.214
10232,SUSC,2021-12-31,MATURITY,2033-08-05,352.688,0.0,352.688
10233,SUSC,2021-12-31,MATURITY,2033-08-08,1481.723,0.0,1481.723
10234,SUSC,2021-12-31,MATURITY,2033-08-09,330.06,0.0,330.06
10235,SUSC,2021-12-31,MATURITY,2033-08-10,1064.443,35331.325,36395.768
10236,SUSC,2021-12-31,MATURITY,2033-08-11,182.304,0.0,182.304
10237,SUSC,2021-12-31,MATURITY,2033-08-12,785.078,0.0,785.078
10238,SUSC,2021-12-31,MATURITY,2033-08-15,10872.004,2710.843,13582.847
10239,SUSC,2021-12-31,MATURITY,2033-08-16,270.004,0.0,270.004
10240,SUSC,2021-12-31,MATURITY,2033-08-17,399.285,0.0,399.285
10241,SUSC,2021-12-31,MATURITY,2033-08-18,232.53,0.0,232.53
10242,SUSC,2021-12-31,MATURITY,2033-08-19,300.365,0.0,300.365
10243,SUSC,2021-12-31,MATURITY,2033-08-22,2034.311,0.0,2034.311
10244,SUSC,2021-12-31,MATURITY,2033-08-23,455.196,0.0,455.196
10245,SUSC,2021-12-31,MATURITY,2033-08-24,152.259,0.0,152.259
10246,SUSC,2021-12-31,MATURITY,2033-08-25,412.526,0.0,412.526
10247,SUSC,2021-12-31,MATURITY,2033-08-26,313.588,0.0,313.588
10248,SUSC,2021-12-31,MATURITY,2033-08-29,481.242,0.0,481.242
10249,SUSC,2021-12-31,MATURITY,2033-09-01,11807.709,0.0,11807.709
10250,SUSC,2021-12-31,MATURITY,2033-09-02,98.788,0.0,98.788
10251,SUSC,2021-12-31,MATURITY,2033-09-06,1022.648,0.0,1022.648
10252,SUSC,2021-12-31,MATURITY,2033-09-07,438.123,0.0,438.123
10253,SUSC,2021-12-31,MATURITY,2033-09-08,269.286,0.0,269.286
10254,SUSC,2021-12-31,MATURITY,2033-09-09,328.08,0.0,328.08
10255,SUSC,2021-12-31,MATURITY,2033-09-12,582.715,0.0,582.715
10256,SUSC,2021-12-31,MATURITY,2033-09-13,617.672,0.0,617.672
10257,SUSC,2021-12-31,MATURITY,2033-09-14,402.41,0.0,402.41
10258,SUSC,2021-12-31,MATURITY,2033-09-15,17559.237,0.0,17559.237
10259,SUSC,2021-12-31,MATURITY,2033-09-16,482.907,0.0,482.907
10260,SUSC,2021-12-31,MATURITY,2033-09-19,1945.755,0.0,1945.755
10261,SUSC,2021-12-31,MATURITY,2033-09-20,978.705,0.0,978.705
10262,SUSC,2021-12-31,MATURITY,2033-09-21,259.036,0.0,259.036
10263,SUSC,2021-12-31,MATURITY,2033-09-22,837.538,0.0,837.538
10264,SUSC,2021-12-31,MATURITY,2033-09-23,307.549,0.0,307.549
10265,SUSC,2021-12-31,MATURITY,2033-09-26,3078.667,0.0,3078.667
10266,SUSC,2021-12-31,MATURITY,2033-09-27,267.913,0.0,267.913
10267,SUSC,2021-12-31,MATURITY,2033-09-28,109.834,0.0,109.834
10268,SUSC,2021-12-31,MATURITY,2033-09-29,9.413,0.0,9.413
10269,SUSC,2021-12-31,MATURITY,2033-09-30,1253.035,0.0,1253.035
10270,SUSC,2021-12-31,MATURITY,2033-10-03,14292.786,6024.096,20316.883
10271,SUSC,2021-12-31,MATURITY,2033-10-05,319.587,0.0,319.587
10272,SUSC,2021-12-31,MATURITY,2033-10-06,279.912,0.0,279.912
10273,SUSC,2021-12-31,MATURITY,2033-10-11,106.024,0.0,106.024
10274,SUSC,2021-12-31,MATURITY,2033-10-14,422.214,0.0,422.214
10275,SUSC,2021-12-31,MATURITY,2033-10-17,12151.312,0.0,12151.312
10276,SUSC,2021-12-31,MATURITY,2033-10-20,139.307,0.0,139.307
10277,SUSC,2021-12-31,MATURITY,2033-10-21,314.458,0.0,314.458
10278,SUSC,2021-12-31,MATURITY,2033-10-24,2659.782,0.0,2659.782
10279,SUSC,2021-12-31,MATURITY,2033-10-25,65.956,0.0,65.956
10280,SUSC,2021-12-31,MATURITY,2033-10-26,213.14,0.0,213.14
10281,SUSC,2021-12-31,MATURITY,2033-10-27,490.281,0.0,490.281
10282,SUSC,2021-12-31,MATURITY,2033-10-28,73.908,0.0,73.908
10283,SUSC,2021-12-31,MATURITY,2033-10-31,1060.768,11716.867,12777.636
10284,SUSC,2021-12-31,MATURITY,2033-11-01,8201.758,0.0,8201.758
10285,SUSC,2021-12-31,MATURITY,2033-11-02,736.325,0.0,736.325
10286,SUSC,2021-12-31,MATURITY,2033-11-03,411.265,0.0,411.265
10287,SUSC,2021-12-31,MATURITY,2033-11-04,380.512,0.0,380.512
10288,SUSC,2021-12-31,MATURITY,2033-11-07,751.152,0.0,751.152
10289,SUSC,2021-12-31,MATURITY,2033-11-08,6.589,0.0,6.589
10290,SUSC,2021-12-31,MATURITY,2033-11-09,126.099,0.0,126.099
10291,SUSC,2021-12-31,MATURITY,2033-11-10,164.334,0.0,164.334
10292,SUSC,2021-12-31,MATURITY,2033-11-14,3153.106,0.0,3153.106
10293,SUSC,2021-12-31,MATURITY,2033-11-15,16922.894,16024.096,32946.99
10294,SUSC,2021-12-31,MATURITY,2033-11-16,806.619,0.0,806.619
10295,SUSC,2021-12-31,MATURITY,2033-11-17,212.892,0.0,212.892
10296,SUSC,2021-12-31,MATURITY,2033-11-18,223.26,0.0,223.26
10297,SUSC,2021-12-31,MATURITY,2033-11-21,1724.65,0.0,1724.65
10298,SUSC,2021-12-31,MATURITY,2033-11-22,80.663,0.0,80.663
10299,SUSC,2021-12-31,MATURITY,2033-11-23,129.337,0.0,129.337
10300,SUSC,2021-12-31,MATURITY,2033-11-25,424.014,0.0,424.014
10301,SUSC,2021-12-31,MATURITY,2033-11-28,493.486,0.0,493.486
10302,SUSC,2021-12-31,MATURITY,2033-11-29,234.525,0.0,234.525
10303,SUSC,2021-12-31,MATURITY,2033-11-30,2207.417,0.0,2207.417
10304,SUSC,2021-12-31,MATURITY,2033-12-01,9833.849,5180.723,15014.572
10305,SUSC,2021-12-31,MATURITY,2033-12-02,112.093,0.0,112.093
10306,SUSC,2021-12-31,MATURITY,2033-12-05,1264.734,5150.602,6415.336
10307,SUSC,2021-12-31,MATURITY,2033-12-06,632.006,0.0,632.006
10308,SUSC,2021-12-31,MATURITY,2033-12-07,283.622,0.0,283.622
10309,SUSC,2021-12-31,MATURITY,2033-12-08,136.651,0.0,136.651
10310,SUSC,2021-12-31,MATURITY,2033-12-09,448.509,0.0,448.509
10311,SUSC,2021-12-31,MATURITY,2033-12-12,551.355,0.0,551.355
10312,SUSC,2021-12-31,MATURITY,2033-12-14,665.64,0.0,665.64
10313,SUSC,2021-12-31,MATURITY,2033-12-15,11802.187,7379.518,19181.705
10314,SUSC,2021-12-31,MATURITY,2033-12-16,350.377,0.0,350.377
10315,SUSC,2021-12-31,MATURITY,2033-12-19,271.942,0.0,271.942
10316,SUSC,2021-12-31,MATURITY,2033-12-20,633.334,0.0,633.334
10317,SUSC,2021-12-31,MATURITY,2033-12-21,126.28,0.0,126.28
10318,SUSC,2021-12-31,MATURITY,2033-12-22,159.804,0.0,159.804
10319,SUSC,2021-12-31,MATURITY,2033-12-23,158.923,0.0,158.923
10320,SUSC,2021-12-31,MATURITY,2033-12-27,78.991,0.0,78.991
10321,SUSC,2021-12-31,MATURITY,2033-12-29,120.762,0.0,120.762
10322,SUSC,2021-12-31,MATURITY,2033-12-30,260.15,0.0,260.15
10323,SUSC,2021-12-31,MATURITY,2034-01-03,1713.328,0.0,1713.328
10324,SUSC,2021-12-31,MATURITY,2034-01-06,285.452,0.0,285.452
10325,SUSC,2021-12-31,MATURITY,2034-01-09,990.892,0.0,990.892
10326,SUSC,2021-12-31,MATURITY,2034-01-10,695.745,0.0,695.745
10327,SUSC,2021-12-31,MATURITY,2034-01-12,128.224,0.0,128.224
10328,SUSC,2021-12-31,MATURITY,2034-01-13,675.203,0.0,675.203
10329,SUSC,2021-12-31,MATURITY,2034-01-17,13616.725,9126.506,22743.231
10330,SUSC,2021-12-31,MATURITY,2034-01-18,138.403,0.0,138.403
10331,SUSC,2021-12-31,MATURITY,2034-01-20,1201.128,0.0,1201.128
10332,SUSC,2021-12-31,MATURITY,2034-01-23,2737.354,0.0,2737.354
10333,SUSC,2021-12-31,MATURITY,2034-01-24,1176.969,0.0,1176.969
10334,SUSC,2021-12-31,MATURITY,2034-01-25,406.884,0.0,406.884
10335,SUSC,2021-12-31,MATURITY,2034-01-26,199.086,0.0,199.086
10336,SUSC,2021-12-31,MATURITY,2034-01-27,492.169,0.0,492.169
10337,SUSC,2021-12-31,MATURITY,2034-01-30,1482.198,0.0,1482.198
10338,SUSC,2021-12-31,MATURITY,2034-01-31,239.232,0.0,239.232
10339,SUSC,2021-12-31,MATURITY,2034-02-01,9028.578,0.0,9028.578
10340,SUSC,2021-12-31,MATURITY,2034-02-02,132.53,0.0,132.53
10341,SUSC,2021-12-31,MATURITY,2034-02-03,242.417,0.0,242.417
10342,SUSC,2021-12-31,MATURITY,2034-02-06,1101.143,0.0,1101.143
10343,SUSC,2021-12-31,MATURITY,2034-02-07,513.63,0.0,513.63
10344,SUSC,2021-12-31,MATURITY,2034-02-08,606.853,0.0,606.853
10345,SUSC,2021-12-31,MATURITY,2034-02-09,330.06,0.0,330.06
10346,SUSC,2021-12-31,MATURITY,2034-02-10,269.488,0.0,269.488
10347,SUSC,2021-12-31,MATURITY,2034-02-13,1099.122,0.0,1099.122
10348,SUSC,2021-12-31,MATURITY,2034-02-14,203.878,0.0,203.878
10349,SUSC,2021-12-31,MATURITY,2034-02-15,10437.441,7500.0,17937.441
10350,SUSC,2021-12-31,MATURITY,2034-02-16,270.004,0.0,270.004
10351,SUSC,2021-12-31,MATURITY,2034-02-17,399.285,0.0,399.285
10352,SUSC,2021-12-31,MATURITY,2034-02-21,1828.549,0.0,1828.549
10353,SUSC,2021-12-31,MATURITY,2034-02-22,738.657,0.0,738.657
10354,SUSC,2021-12-31,MATURITY,2034-02-23,455.196,0.0,455.196
10355,SUSC,2021-12-31,MATURITY,2034-02-24,152.259,0.0,152.259
10356,SUSC,2021-12-31,MATURITY,2034-02-27,1008.607,0.0,1008.607
10357,SUSC,2021-12-31,MATURITY,2034-02-28,198.75,0.0,198.75
10358,SUSC,2021-12-31,MATURITY,2034-03-01,11807.709,4548.193,16355.902
10359,SUSC,2021-12-31,MATURITY,2034-03-02,98.788,0.0,98.788
10360,SUSC,2021-12-31,MATURITY,2034-03-03,350.508,0.0,350.508
10361,SUSC,2021-12-31,MATURITY,2034-03-06,672.139,0.0,672.139
10362,SUSC,2021-12-31,MATURITY,2034-03-07,438.123,0.0,438.123
10363,SUSC,2021-12-31,MATURITY,2034-03-08,269.286,0.0,269.286
10364,SUSC,2021-12-31,MATURITY,2034-03-09,328.08,0.0,328.08
10365,SUSC,2021-12-31,MATURITY,2034-03-10,115.889,0.0,115.889
10366,SUSC,2021-12-31,MATURITY,2034-03-13,1084.498,0.0,1084.498
10367,SUSC,2021-12-31,MATURITY,2034-03-14,402.41,0.0,402.41
10368,SUSC,2021-12-31,MATURITY,2034-03-15,17559.237,0.0,17559.237
10369,SUSC,2021-12-31,MATURITY,2034-03-16,482.907,0.0,482.907
10370,SUSC,2021-12-31,MATURITY,2034-03-17,1134.28,0.0,1134.28
10371,SUSC,2021-12-31,MATURITY,2034-03-20,1790.181,0.0,1790.181
10372,SUSC,2021-12-31,MATURITY,2034-03-21,259.036,0.0,259.036
10373,SUSC,2021-12-31,MATURITY,2034-03-22,837.538,0.0,837.538
10374,SUSC,2021-12-31,MATURITY,2034-03-23,307.549,0.0,307.549
10375,SUSC,2021-12-31,MATURITY,2034-03-24,223.024,0.0,223.024
10376,SUSC,2021-12-31,MATURITY,2034-03-27,3123.556,0.0,3123.556
10377,SUSC,2021-12-31,MATURITY,2034-03-28,109.834,0.0,109.834
10378,SUSC,2021-12-31,MATURITY,2034-03-29,9.413,0.0,9.413
10379,SUSC,2021-12-31,MATURITY,2034-03-30,914.857,0.0,914.857
10380,SUSC,2021-12-31,MATURITY,2034-03-31,338.178,3765.06,4103.238
10381,SUSC,2021-12-31,MATURITY,2034-04-03,14218.991,5451.807,19670.798
10382,SUSC,2021-12-31,MATURITY,2034-04-05,319.587,0.0,319.587
10383,SUSC,2021-12-31,MATURITY,2034-04-06,279.912,0.0,279.912
10384,SUSC,2021-12-31,MATURITY,2034-04-10,106.024,0.0,106.024
10385,SUSC,2021-12-31,MATURITY,2034-04-14,422.214,0.0,422.214
10386,SUSC,2021-12-31,MATURITY,2034-04-17,12151.312,2891.566,15042.878
10387,SUSC,2021-12-31,MATURITY,2034-04-20,139.307,0.0,139.307
10388,SUSC,2021-12-31,MATURITY,2034-04-21,314.458,0.0,314.458
10389,SUSC,2021-12-31,MATURITY,2034-04-24,2659.782,0.0,2659.782
10390,SUSC,2021-12-31,MATURITY,2034-04-25,65.956,0.0,65.956
10391,SUSC,2021-12-31,MATURITY,2034-04-26,213.14,0.0,213.14
10392,SUSC,2021-12-31,MATURITY,2034-04-27,490.281,0.0,490.281
10393,SUSC,2021-12-31,MATURITY,2034-04-28,73.908,0.0,73.908
10394,SUSC,2021-12-31,MATURITY,2034-05-01,8850.024,2981.928,11831.952
10395,SUSC,2021-12-31,MATURITY,2034-05-02,914.791,0.0,914.791
10396,SUSC,2021-12-31,MATURITY,2034-05-03,411.265,0.0,411.265
10397,SUSC,2021-12-31,MATURITY,2034-05-04,380.512,0.0,380.512
10398,SUSC,2021-12-31,MATURITY,2034-05-08,757.741,0.0,757.741
10399,SUSC,2021-12-31,MATURITY,2034-05-09,126.099,0.0,126.099
10400,SUSC,2021-12-31,MATURITY,2034-05-10,164.334,0.0,164.334
10401,SUSC,2021-12-31,MATURITY,2034-05-11,586.302,0.0,586.302
10402,SUSC,2021-12-31,MATURITY,2034-05-12,126.845,0.0,126.845
10403,SUSC,2021-12-31,MATURITY,2034-05-15,18926.196,0.0,18926.196
10404,SUSC,2021-12-31,MATURITY,2034-05-16,806.619,0.0,806.619
10405,SUSC,2021-12-31,MATURITY,2034-05-17,212.892,0.0,212.892
10406,SUSC,2021-12-31,MATURITY,2034-05-18,223.26,0.0,223.26
10407,SUSC,2021-12-31,MATURITY,2034-05-19,179.631,0.0,179.631
10408,SUSC,2021-12-31,MATURITY,2034-05-22,1625.682,0.0,1625.682
10409,SUSC,2021-12-31,MATURITY,2034-05-23,129.337,0.0,129.337
10410,SUSC,2021-12-31,MATURITY,2034-05-24,264.872,0.0,264.872
10411,SUSC,2021-12-31,MATURITY,2034-05-25,159.142,0.0,159.142
10412,SUSC,2021-12-31,MATURITY,2034-05-26,85.904,0.0,85.904
10413,SUSC,2021-12-31,MATURITY,2034-05-30,2471.844,0.0,2471.844
10414,SUSC,2021-12-31,MATURITY,2034-05-31,377.681,0.0,377.681
10415,SUSC,2021-12-31,MATURITY,2034-06-01,9665.476,0.0,9665.476
10416,SUSC,2021-12-31,MATURITY,2034-06-02,112.093,0.0,112.093
10417,SUSC,2021-12-31,MATURITY,2034-06-05,1152.064,0.0,1152.064
10418,SUSC,2021-12-31,MATURITY,2034-06-06,632.006,0.0,632.006
10419,SUSC,2021-12-31,MATURITY,2034-06-07,283.622,0.0,283.622
10420,SUSC,2021-12-31,MATURITY,2034-06-08,136.651,0.0,136.651
10421,SUSC,2021-12-31,MATURITY,2034-06-09,448.509,0.0,448.509
10422,SUSC,2021-12-31,MATURITY,2034-06-12,551.355,0.0,551.355
10423,SUSC,2021-12-31,MATURITY,2034-06-14,665.64,0.0,665.64
10424,SUSC,2021-12-31,MATURITY,2034-06-15,11576.189,753.012,12329.201
10425,SUSC,2021-12-31,MATURITY,2034-06-16,350.377,0.0,350.377
10426,SUSC,2021-12-31,MATURITY,2034-06-19,271.942,0.0,271.942
10427,SUSC,2021-12-31,MATURITY,2034-06-20,633.334,0.0,633.334
10428,SUSC,2021-12-31,MATURITY,2034-06-21,126.28,0.0,126.28
10429,SUSC,2021-12-31,MATURITY,2034-06-22,159.804,0.0,159.804
10430,SUSC,2021-12-31,MATURITY,2034-06-23,158.923,0.0,158.923
10431,SUSC,2021-12-31,MATURITY,2034-06-26,78.991,0.0,78.991
10432,SUSC,2021-12-31,MATURITY,2034-06-29,120.762,0.0,120.762
10433,SUSC,2021-12-31,MATURITY,2034-06-30,260.15,0.0,260.15
10434,SUSC,2021-12-31,MATURITY,2034-07-03,1713.328,0.0,1713.328
10435,SUSC,2021-12-31,MATURITY,2034-07-06,285.452,0.0,285.452
10436,SUSC,2021-12-31,MATURITY,2034-07-10,1686.637,8945.783,10632.42
10437,SUSC,2021-12-31,MATURITY,2034-07-12,128.224,0.0,128.224
10438,SUSC,2021-12-31,MATURITY,2034-07-13,675.203,0.0,675.203
10439,SUSC,2021-12-31,MATURITY,2034-07-14,378.844,0.0,378.844
10440,SUSC,2021-12-31,MATURITY,2034-07-17,12985.621,0.0,12985.621
10441,SUSC,2021-12-31,MATURITY,2034-07-18,138.403,0.0,138.403
10442,SUSC,2021-12-31,MATURITY,2034-07-20,1201.128,0.0,1201.128
10443,SUSC,2021-12-31,MATURITY,2034-07-21,436.551,0.0,436.551
10444,SUSC,2021-12-31,MATURITY,2034-07-24,3477.772,0.0,3477.772
10445,SUSC,2021-12-31,MATURITY,2034-07-25,406.884,0.0,406.884
10446,SUSC,2021-12-31,MATURITY,2034-07-26,199.086,0.0,199.086
10447,SUSC,2021-12-31,MATURITY,2034-07-27,492.169,0.0,492.169
10448,SUSC,2021-12-31,MATURITY,2034-07-28,206.871,0.0,206.871
10449,SUSC,2021-12-31,MATURITY,2034-07-31,1514.559,0.0,1514.559
10450,SUSC,2021-12-31,MATURITY,2034-08-01,9028.578,2620.482,11649.06
10451,SUSC,2021-12-31,MATURITY,2034-08-02,132.53,0.0,132.53
10452,SUSC,2021-12-31,MATURITY,2034-08-03,242.417,0.0,242.417
10453,SUSC,2021-12-31,MATURITY,2034-08-04,387.214,0.0,387.214
10454,SUSC,2021-12-31,MATURITY,2034-08-07,1227.559,0.0,1227.559
10455,SUSC,2021-12-31,MATURITY,2034-08-08,606.853,0.0,606.853
10456,SUSC,2021-12-31,MATURITY,2034-08-09,330.06,0.0,330.06
10457,SUSC,2021-12-31,MATURITY,2034-08-10,269.488,0.0,269.488
10458,SUSC,2021-12-31,MATURITY,2034-08-11,182.304,0.0,182.304
10459,SUSC,2021-12-31,MATURITY,2034-08-14,1120.696,0.0,1120.696
10460,SUSC,2021-12-31,MATURITY,2034-08-15,10199.503,29156.627,39356.13
10461,SUSC,2021-12-31,MATURITY,2034-08-16,270.004,0.0,270.004
10462,SUSC,2021-12-31,MATURITY,2034-08-17,399.285,0.0,399.285
10463,SUSC,2021-12-31,MATURITY,2034-08-18,232.53,0.0,232.53
10464,SUSC,2021-12-31,MATURITY,2034-08-21,1596.019,0.0,1596.019
10465,SUSC,2021-12-31,MATURITY,2034-08-22,738.657,0.0,738.657
10466,SUSC,2021-12-31,MATURITY,2034-08-23,455.196,0.0,455.196
10467,SUSC,2021-12-31,MATURITY,2034-08-24,152.259,0.0,152.259
10468,SUSC,2021-12-31,MATURITY,2034-08-25,412.526,0.0,412.526
10469,SUSC,2021-12-31,MATURITY,2034-08-28,794.831,0.0,794.831
10470,SUSC,2021-12-31,MATURITY,2034-09-01,11702.532,0.0,11702.532
10471,SUSC,2021-12-31,MATURITY,2034-09-05,900.749,0.0,900.749
10472,SUSC,2021-12-31,MATURITY,2034-09-06,220.686,0.0,220.686
10473,SUSC,2021-12-31,MATURITY,2034-09-07,438.123,0.0,438.123
10474,SUSC,2021-12-31,MATURITY,2034-09-08,269.286,0.0,269.286
10475,SUSC,2021-12-31,MATURITY,2034-09-11,703.483,0.0,703.483
10476,SUSC,2021-12-31,MATURITY,2034-09-12,207.312,0.0,207.312
10477,SUSC,2021-12-31,MATURITY,2034-09-13,617.672,0.0,617.672
10478,SUSC,2021-12-31,MATURITY,2034-09-14,402.41,0.0,402.41
10479,SUSC,2021-12-31,MATURITY,2034-09-15,17559.237,5090.361,22649.599
10480,SUSC,2021-12-31,MATURITY,2034-09-18,1883.12,0.0,1883.12
10481,SUSC,2021-12-31,MATURITY,2034-09-19,545.542,0.0,545.542
10482,SUSC,2021-12-31,MATURITY,2034-09-20,978.705,0.0,978.705
10483,SUSC,2021-12-31,MATURITY,2034-09-21,259.036,0.0,259.036
10484,SUSC,2021-12-31,MATURITY,2034-09-22,837.538,0.0,837.538
10485,SUSC,2021-12-31,MATURITY,2034-09-25,2908.393,0.0,2908.393
10486,SUSC,2021-12-31,MATURITY,2034-09-26,477.822,0.0,477.822
10487,SUSC,2021-12-31,MATURITY,2034-09-27,267.913,0.0,267.913
10488,SUSC,2021-12-31,MATURITY,2034-09-28,109.834,0.0,109.834
10489,SUSC,2021-12-31,MATURITY,2034-09-29,9.413,0.0,9.413
10490,SUSC,2021-12-31,MATURITY,2034-10-02,14955.798,8765.06,23720.858
10491,SUSC,2021-12-31,MATURITY,2034-10-03,257.474,0.0,257.474
10492,SUSC,2021-12-31,MATURITY,2034-10-05,319.587,0.0,319.587
10493,SUSC,2021-12-31,MATURITY,2034-10-06,279.912,0.0,279.912
10494,SUSC,2021-12-31,MATURITY,2034-10-10,106.024,0.0,106.024
10495,SUSC,2021-12-31,MATURITY,2034-10-16,12343.316,361.446,12704.761
10496,SUSC,2021-12-31,MATURITY,2034-10-17,164.556,0.0,164.556
10497,SUSC,2021-12-31,MATURITY,2034-10-20,139.307,0.0,139.307
10498,SUSC,2021-12-31,MATURITY,2034-10-23,2453.722,0.0,2453.722
10499,SUSC,2021-12-31,MATURITY,2034-10-24,520.517,0.0,520.517
10500,SUSC,2021-12-31,MATURITY,2034-10-25,65.956,0.0,65.956
10501,SUSC,2021-12-31,MATURITY,2034-10-26,213.14,0.0,213.14
10502,SUSC,2021-12-31,MATURITY,2034-10-27,490.281,0.0,490.281
10503,SUSC,2021-12-31,MATURITY,2034-10-30,722.174,0.0,722.174
10504,SUSC,2021-12-31,MATURITY,2034-10-31,178.466,0.0,178.466
10505,SUSC,2021-12-31,MATURITY,2034-11-01,8092.172,15150.602,23242.774
10506,SUSC,2021-12-31,MATURITY,2034-11-02,736.325,0.0,736.325
10507,SUSC,2021-12-31,MATURITY,2034-11-03,411.265,0.0,411.265
10508,SUSC,2021-12-31,MATURITY,2034-11-06,1014.044,0.0,1014.044
10509,SUSC,2021-12-31,MATURITY,2034-11-07,117.62,0.0,117.62
10510,SUSC,2021-12-31,MATURITY,2034-11-08,6.589,0.0,6.589
10511,SUSC,2021-12-31,MATURITY,2034-11-09,126.099,0.0,126.099
10512,SUSC,2021-12-31,MATURITY,2034-11-10,164.334,0.0,164.334
10513,SUSC,2021-12-31,MATURITY,2034-11-13,1355.787,0.0,1355.787
10514,SUSC,2021-12-31,MATURITY,2034-11-14,1797.319,0.0,1797.319
10515,SUSC,2021-12-31,MATURITY,2034-11-15,16486.237,5602.41,22088.647
10516,SUSC,2021-12-31,MATURITY,2034-11-16,806.619,0.0,806.619
10517,SUSC,2021-12-31,MATURITY,2034-11-17,212.892,0.0,212.892
10518,SUSC,2021-12-31,MATURITY,2034-11-20,955.108,0.0,955.108
10519,SUSC,2021-12-31,MATURITY,2034-11-21,992.802,3945.783,4938.585
10520,SUSC,2021-12-31,MATURITY,2034-11-22,80.663,0.0,80.663
10521,SUSC,2021-12-31,MATURITY,2034-11-24,394.209,0.0,394.209
10522,SUSC,2021-12-31,MATURITY,2034-11-27,391.145,0.0,391.145
10523,SUSC,2021-12-31,MATURITY,2034-11-28,261.483,2560.241,2821.724
10524,SUSC,2021-12-31,MATURITY,2034-11-29,234.525,0.0,234.525
10525,SUSC,2021-12-31,MATURITY,2034-11-30,2207.417,0.0,2207.417
10526,SUSC,2021-12-31,MATURITY,2034-12-01,9665.476,6204.819,15870.295
10527,SUSC,2021-12-31,MATURITY,2034-12-04,805.099,0.0,805.099
10528,SUSC,2021-12-31,MATURITY,2034-12-05,459.059,2560.241,3019.3
10529,SUSC,2021-12-31,MATURITY,2034-12-06,632.006,0.0,632.006
10530,SUSC,2021-12-31,MATURITY,2034-12-07,283.622,0.0,283.622
10531,SUSC,2021-12-31,MATURITY,2034-12-08,136.651,0.0,136.651
10532,SUSC,2021-12-31,MATURITY,2034-12-11,999.864,0.0,999.864
10533,SUSC,2021-12-31,MATURITY,2034-12-14,665.64,0.0,665.64
10534,SUSC,2021-12-31,MATURITY,2034-12-15,11552.187,4819.277,16371.464
10535,SUSC,2021-12-31,MATURITY,2034-12-18,459.036,0.0,459.036
10536,SUSC,2021-12-31,MATURITY,2034-12-19,163.282,0.0,163.282
10537,SUSC,2021-12-31,MATURITY,2034-12-20,633.334,0.0,633.334
10538,SUSC,2021-12-31,MATURITY,2034-12-21,126.28,0.0,126.28
10539,SUSC,2021-12-31,MATURITY,2034-12-22,159.804,0.0,159.804
10540,SUSC,2021-12-31,MATURITY,2034-12-26,237.914,0.0,237.914
10541,SUSC,2021-12-31,MATURITY,2034-12-29,120.762,0.0,120.762
10542,SUSC,2021-12-31,MATURITY,2035-01-02,1973.478,0.0,1973.478
10543,SUSC,2021-12-31,MATURITY,2035-01-08,813.818,0.0,813.818
10544,SUSC,2021-12-31,MATURITY,2035-01-09,519.608,0.0,519.608
10545,SUSC,2021-12-31,MATURITY,2035-01-10,446.329,0.0,446.329
10546,SUSC,2021-12-31,MATURITY,2035-01-12,128.224,0.0,128.224
10547,SUSC,2021-12-31,MATURITY,2035-01-16,13800.64,5210.843,19011.484
10548,SUSC,2021-12-31,MATURITY,2035-01-17,239.029,0.0,239.029
10549,SUSC,2021-12-31,MATURITY,2035-01-18,138.403,0.0,138.403
10550,SUSC,2021-12-31,MATURITY,2035-01-22,2228.875,0.0,2228.875
10551,SUSC,2021-12-31,MATURITY,2035-01-23,1709.608,0.0,1709.608
10552,SUSC,2021-12-31,MATURITY,2035-01-24,1176.969,0.0,1176.969
10553,SUSC,2021-12-31,MATURITY,2035-01-25,406.884,0.0,406.884
10554,SUSC,2021-12-31,MATURITY,2035-01-26,199.086,0.0,199.086
10555,SUSC,2021-12-31,MATURITY,2035-01-29,1356.822,0.0,1356.822
10556,SUSC,2021-12-31,MATURITY,2035-01-30,617.545,0.0,617.545
10557,SUSC,2021-12-31,MATURITY,2035-01-31,239.232,0.0,239.232
10558,SUSC,2021-12-31,MATURITY,2035-02-01,8919.579,3915.663,12835.242
10559,SUSC,2021-12-31,MATURITY,2035-02-02,132.53,0.0,132.53
10560,SUSC,2021-12-31,MATURITY,2035-02-05,982.319,0.0,982.319
10561,SUSC,2021-12-31,MATURITY,2035-02-06,361.241,0.0,361.241
10562,SUSC,2021-12-31,MATURITY,2035-02-07,513.63,0.0,513.63
10563,SUSC,2021-12-31,MATURITY,2035-02-08,606.853,0.0,606.853
10564,SUSC,2021-12-31,MATURITY,2035-02-09,330.06,0.0,330.06
10565,SUSC,2021-12-31,MATURITY,2035-02-12,1236.871,19277.108,20513.979
10566,SUSC,2021-12-31,MATURITY,2035-02-13,131.739,0.0,131.739
10567,SUSC,2021-12-31,MATURITY,2035-02-14,203.878,0.0,203.878
10568,SUSC,2021-12-31,MATURITY,2035-02-15,9295.964,2018.072,11314.036
10569,SUSC,2021-12-31,MATURITY,2035-02-16,270.004,0.0,270.004
10570,SUSC,2021-12-31,MATURITY,2035-02-20,1259.936,0.0,1259.936
10571,SUSC,2021-12-31,MATURITY,2035-02-21,967.897,0.0,967.897
10572,SUSC,2021-12-31,MATURITY,2035-02-22,738.657,0.0,738.657
10573,SUSC,2021-12-31,MATURITY,2035-02-23,455.196,0.0,455.196
10574,SUSC,2021-12-31,MATURITY,2035-02-26,878.373,0.0,878.373
10575,SUSC,2021-12-31,MATURITY,2035-02-27,282.492,0.0,282.492
10576,SUSC,2021-12-31,MATURITY,2035-02-28,198.75,0.0,198.75
10577,SUSC,2021-12-31,MATURITY,2035-03-01,11702.532,2259.036,13961.568
10578,SUSC,2021-12-31,MATURITY,2035-03-02,98.788,0.0,98.788
10579,SUSC,2021-12-31,MATURITY,2035-03-05,801.962,0.0,801.962
10580,SUSC,2021-12-31,MATURITY,2035-03-06,220.686,0.0,220.686
10581,SUSC,2021-12-31,MATURITY,2035-03-07,438.123,0.0,438.123
10582,SUSC,2021-12-31,MATURITY,2035-03-08,269.286,0.0,269.286
10583,SUSC,2021-12-31,MATURITY,2035-03-09,328.08,0.0,328.08
10584,SUSC,2021-12-31,MATURITY,2035-03-12,582.715,0.0,582.715
10585,SUSC,2021-12-31,MATURITY,2035-03-13,617.672,0.0,617.672
10586,SUSC,2021-12-31,MATURITY,2035-03-14,402.41,0.0,402.41
10587,SUSC,2021-12-31,MATURITY,2035-03-15,17402.709,20301.205,37703.914
10588,SUSC,2021-12-31,MATURITY,2035-03-16,482.907,0.0,482.907
10589,SUSC,2021-12-31,MATURITY,2035-03-19,1945.755,0.0,1945.755
10590,SUSC,2021-12-31,MATURITY,2035-03-20,978.705,0.0,978.705
10591,SUSC,2021-12-31,MATURITY,2035-03-21,259.036,0.0,259.036
10592,SUSC,2021-12-31,MATURITY,2035-03-22,837.538,0.0,837.538
10593,SUSC,2021-12-31,MATURITY,2035-03-23,307.549,0.0,307.549
10594,SUSC,2021-12-31,MATURITY,2035-03-26,3078.667,0.0,3078.667
10595,SUSC,2021-12-31,MATURITY,2035-03-27,267.913,0.0,267.913
10596,SUSC,2021-12-31,MATURITY,2035-03-28,109.834,0.0,109.834
10597,SUSC,2021-12-31,MATURITY,2035-03-29,9.413,0.0,9.413
10598,SUSC,2021-12-31,MATURITY,2035-03-30,914.857,0.0,914.857
10599,SUSC,2021-12-31,MATURITY,2035-04-02,13795.384,14126.506,27921.89
10600,SUSC,2021-12-31,MATURITY,2035-04-03,257.474,0.0,257.474
10601,SUSC,2021-12-31,MATURITY,2035-04-05,319.587,0.0,319.587
10602,SUSC,2021-12-31,MATURITY,2035-04-06,279.912,0.0,279.912
10603,SUSC,2021-12-31,MATURITY,2035-04-09,106.024,0.0,106.024
10604,SUSC,2021-12-31,MATURITY,2035-04-16,12331.297,11445.783,23777.081
10605,SUSC,2021-12-31,MATURITY,2035-04-17,164.556,0.0,164.556
10606,SUSC,2021-12-31,MATURITY,2035-04-20,139.307,0.0,139.307
10607,SUSC,2021-12-31,MATURITY,2035-04-23,2453.722,0.0,2453.722
10608,SUSC,2021-12-31,MATURITY,2035-04-24,520.517,0.0,520.517
10609,SUSC,2021-12-31,MATURITY,2035-04-25,65.956,0.0,65.956
10610,SUSC,2021-12-31,MATURITY,2035-04-26,213.14,0.0,213.14
10611,SUSC,2021-12-31,MATURITY,2035-04-27,490.281,10030.12,10520.402
10612,SUSC,2021-12-31,MATURITY,2035-04-30,900.64,0.0,900.64
10613,SUSC,2021-12-31,MATURITY,2035-05-01,7758.859,451.807,8210.666
10614,SUSC,2021-12-31,MATURITY,2035-05-02,736.325,0.0,736.325
10615,SUSC,2021-12-31,MATURITY,2035-05-03,411.265,0.0,411.265
10616,SUSC,2021-12-31,MATURITY,2035-05-04,380.512,0.0,380.512
10617,SUSC,2021-12-31,MATURITY,2035-05-07,751.152,0.0,751.152
10618,SUSC,2021-12-31,MATURITY,2035-05-08,6.589,0.0,6.589
10619,SUSC,2021-12-31,MATURITY,2035-05-09,126.099,1686.747,1812.846
10620,SUSC,2021-12-31,MATURITY,2035-05-10,164.334,0.0,164.334
10621,SUSC,2021-12-31,MATURITY,2035-05-11,586.302,0.0,586.302
10622,SUSC,2021-12-31,MATURITY,2035-05-14,2566.803,15512.048,18078.852
10623,SUSC,2021-12-31,MATURITY,2035-05-15,16355.981,22981.928,39337.909
10624,SUSC,2021-12-31,MATURITY,2035-05-16,806.619,0.0,806.619
10625,SUSC,2021-12-31,MATURITY,2035-05-17,212.892,0.0,212.892
10626,SUSC,2021-12-31,MATURITY,2035-05-18,223.26,0.0,223.26
10627,SUSC,2021-12-31,MATURITY,2035-05-21,1641.789,0.0,1641.789
10628,SUSC,2021-12-31,MATURITY,2035-05-22,80.663,0.0,80.663
10629,SUSC,2021-12-31,MATURITY,2035-05-23,129.337,0.0,129.337
10630,SUSC,2021-12-31,MATURITY,2035-05-24,264.872,0.0,264.872
10631,SUSC,2021-12-31,MATURITY,2035-05-25,159.142,0.0,159.142
10632,SUSC,2021-12-31,MATURITY,2035-05-29,670.406,0.0,670.406
10633,SUSC,2021-12-31,MATURITY,2035-05-30,1829.736,0.0,1829.736
10634,SUSC,2021-12-31,MATURITY,2035-05-31,377.681,0.0,377.681
10635,SUSC,2021-12-31,MATURITY,2035-06-01,9501.048,11204.819,20705.867
10636,SUSC,2021-12-31,MATURITY,2035-06-04,805.099,0.0,805.099
10637,SUSC,2021-12-31,MATURITY,2035-06-05,397.613,0.0,397.613
10638,SUSC,2021-12-31,MATURITY,2035-06-06,632.006,0.0,632.006
10639,SUSC,2021-12-31,MATURITY,2035-06-07,283.622,0.0,283.622
10640,SUSC,2021-12-31,MATURITY,2035-06-08,136.651,0.0,136.651
10641,SUSC,2021-12-31,MATURITY,2035-06-11,999.864,0.0,999.864
10642,SUSC,2021-12-31,MATURITY,2035-06-14,665.64,0.0,665.64
10643,SUSC,2021-12-31,MATURITY,2035-06-15,11402.79,23795.181,35197.97
10644,SUSC,2021-12-31,MATURITY,2035-06-18,459.036,0.0,459.036
10645,SUSC,2021-12-31,MATURITY,2035-06-19,163.282,0.0,163.282
10646,SUSC,2021-12-31,MATURITY,2035-06-20,633.334,0.0,633.334
10647,SUSC,2021-12-31,MATURITY,2035-06-21,126.28,0.0,126.28
10648,SUSC,2021-12-31,MATURITY,2035-06-22,159.804,0.0,159.804
10649,SUSC,2021-12-31,MATURITY,2035-06-25,228.2,0.0,228.2
10650,SUSC,2021-12-31,MATURITY,2035-06-26,9.714,0.0,9.714
10651,SUSC,2021-12-31,MATURITY,2035-06-29,120.762,0.0,120.762
10652,SUSC,2021-12-31,MATURITY,2035-07-02,1973.478,0.0,1973.478
10653,SUSC,2021-12-31,MATURITY,2035-07-06,285.452,0.0,285.452
10654,SUSC,2021-12-31,MATURITY,2035-07-09,1047.974,0.0,1047.974
10655,SUSC,2021-12-31,MATURITY,2035-07-10,446.329,3734.94,4181.269
10656,SUSC,2021-12-31,MATURITY,2035-07-12,128.224,0.0,128.224
10657,SUSC,2021-12-31,MATURITY,2035-07-13,675.203,0.0,675.203
10658,SUSC,2021-12-31,MATURITY,2035-07-16,13024.477,5993.976,19018.453
10659,SUSC,2021-12-31,MATURITY,2035-07-17,239.029,0.0,239.029
10660,SUSC,2021-12-31,MATURITY,2035-07-18,138.403,0.0,138.403
10661,SUSC,2021-12-31,MATURITY,2035-07-20,1201.128,13885.542,15086.67
10662,SUSC,2021-12-31,MATURITY,2035-07-23,2737.354,0.0,2737.354
10663,SUSC,2021-12-31,MATURITY,2035-07-24,1176.969,0.0,1176.969
10664,SUSC,2021-12-31,MATURITY,2035-07-25,406.884,0.0,406.884
10665,SUSC,2021-12-31,MATURITY,2035-07-26,199.086,0.0,199.086
10666,SUSC,2021-12-31,MATURITY,2035-07-27,492.169,0.0,492.169
10667,SUSC,2021-12-31,MATURITY,2035-07-30,1482.198,0.0,1482.198
10668,SUSC,2021-12-31,MATURITY,2035-07-31,239.232,0.0,239.232
10669,SUSC,2021-12-31,MATURITY,2035-08-01,8845.201,0.0,8845.201
10670,SUSC,2021-12-31,MATURITY,2035-08-02,132.53,0.0,132.53
10671,SUSC,2021-12-31,MATURITY,2035-08-03,242.417,0.0,242.417
10672,SUSC,2021-12-31,MATURITY,2035-08-06,1101.143,0.0,1101.143
10673,SUSC,2021-12-31,MATURITY,2035-08-07,513.63,0.0,513.63
10674,SUSC,2021-12-31,MATURITY,2035-08-08,606.853,0.0,606.853
10675,SUSC,2021-12-31,MATURITY,2035-08-09,330.06,0.0,330.06
10676,SUSC,2021-12-31,MATURITY,2035-08-10,269.488,0.0,269.488
10677,SUSC,2021-12-31,MATURITY,2035-08-13,761.773,0.0,761.773
10678,SUSC,2021-12-31,MATURITY,2035-08-14,203.878,0.0,203.878
10679,SUSC,2021-12-31,MATURITY,2035-08-15,9235.422,9337.349,18572.771
10680,SUSC,2021-12-31,MATURITY,2035-08-16,270.004,0.0,270.004
10681,SUSC,2021-12-31,MATURITY,2035-08-17,399.285,0.0,399.285
10682,SUSC,2021-12-31,MATURITY,2035-08-20,860.651,0.0,860.651
10683,SUSC,2021-12-31,MATURITY,2035-08-21,967.897,0.0,967.897
10684,SUSC,2021-12-31,MATURITY,2035-08-22,738.657,0.0,738.657
10685,SUSC,2021-12-31,MATURITY,2035-08-23,455.196,0.0,455.196
10686,SUSC,2021-12-31,MATURITY,2035-08-24,152.259,0.0,152.259
10687,SUSC,2021-12-31,MATURITY,2035-08-27,1008.607,0.0,1008.607
10688,SUSC,2021-12-31,MATURITY,2035-08-28,198.75,0.0,198.75
10689,SUSC,2021-12-31,MATURITY,2035-09-04,12474.855,13765.06,26239.916
10690,SUSC,2021-12-31,MATURITY,2035-09-05,68.562,0.0,68.562
10691,SUSC,2021-12-31,MATURITY,2035-09-06,220.686,0.0,220.686
10692,SUSC,2021-12-31,MATURITY,2035-09-07,438.123,0.0,438.123
10693,SUSC,2021-12-31,MATURITY,2035-09-10,713.254,0.0,713.254
10694,SUSC,2021-12-31,MATURITY,2035-09-11,259.514,0.0,259.514
10695,SUSC,2021-12-31,MATURITY,2035-09-12,207.312,0.0,207.312
10696,SUSC,2021-12-31,MATURITY,2035-09-13,617.672,0.0,617.672
10697,SUSC,2021-12-31,MATURITY,2035-09-14,402.41,0.0,402.41
10698,SUSC,2021-12-31,MATURITY,2035-09-17,18571.793,6355.422,24927.214
10699,SUSC,2021-12-31,MATURITY,2035-09-18,265.934,0.0,265.934
10700,SUSC,2021-12-31,MATURITY,2035-09-19,545.542,0.0,545.542
10701,SUSC,2021-12-31,MATURITY,2035-09-20,978.705,0.0,978.705
10702,SUSC,2021-12-31,MATURITY,2035-09-21,259.036,1204.819,1463.855
10703,SUSC,2021-12-31,MATURITY,2035-09-24,1368.11,0.0,1368.11
10704,SUSC,2021-12-31,MATURITY,2035-09-25,2377.821,0.0,2377.821
10705,SUSC,2021-12-31,MATURITY,2035-09-26,477.822,0.0,477.822
10706,SUSC,2021-12-31,MATURITY,2035-09-27,267.913,0.0,267.913
10707,SUSC,2021-12-31,MATURITY,2035-09-28,109.834,0.0,109.834
10708,SUSC,2021-12-31,MATURITY,2035-10-01,14082.79,5963.855,20046.645
10709,SUSC,2021-12-31,MATURITY,2035-10-02,269.202,0.0,269.202
10710,SUSC,2021-12-31,MATURITY,2035-10-03,257.474,0.0,257.474
10711,SUSC,2021-12-31,MATURITY,2035-10-05,319.587,0.0,319.587
10712,SUSC,2021-12-31,MATURITY,2035-10-09,385.936,0.0,385.936
10713,SUSC,2021-12-31,MATURITY,2035-10-15,11710.128,17048.193,28758.32
10714,SUSC,2021-12-31,MATURITY,2035-10-16,194.814,0.0,194.814
10715,SUSC,2021-12-31,MATURITY,2035-10-17,164.556,0.0,164.556
10716,SUSC,2021-12-31,MATURITY,2035-10-22,1040.208,0.0,1040.208
10717,SUSC,2021-12-31,MATURITY,2035-10-23,1552.821,20030.12,21582.942
10718,SUSC,2021-12-31,MATURITY,2035-10-24,520.517,0.0,520.517
10719,SUSC,2021-12-31,MATURITY,2035-10-25,65.956,0.0,65.956
10720,SUSC,2021-12-31,MATURITY,2035-10-26,213.14,0.0,213.14
10721,SUSC,2021-12-31,MATURITY,2035-10-29,320.758,0.0,320.758
10722,SUSC,2021-12-31,MATURITY,2035-10-30,648.266,0.0,648.266
10723,SUSC,2021-12-31,MATURITY,2035-10-31,178.466,0.0,178.466
10724,SUSC,2021-12-31,MATURITY,2035-11-01,7746.66,0.0,7746.66
10725,SUSC,2021-12-31,MATURITY,2035-11-02,736.325,0.0,736.325
10726,SUSC,2021-12-31,MATURITY,2035-11-05,791.777,3463.855,4255.633
10727,SUSC,2021-12-31,MATURITY,2035-11-06,633.532,0.0,633.532
10728,SUSC,2021-12-31,MATURITY,2035-11-07,117.62,0.0,117.62
10729,SUSC,2021-12-31,MATURITY,2035-11-08,6.589,0.0,6.589
10730,SUSC,2021-12-31,MATURITY,2035-11-09,79.292,0.0,79.292
10731,SUSC,2021-12-31,MATURITY,2035-11-13,1520.12,0.0,1520.12
10732,SUSC,2021-12-31,MATURITY,2035-11-14,1448.298,0.0,1448.298
10733,SUSC,2021-12-31,MATURITY,2035-11-15,15840.831,37198.795,53039.626
10734,SUSC,2021-12-31,MATURITY,2035-11-16,806.619,0.0,806.619
10735,SUSC,2021-12-31,MATURITY,2035-11-19,615.782,0.0,615.782
10736,SUSC,2021-12-31,MATURITY,2035-11-20,552.218,0.0,552.218
10737,SUSC,2021-12-31,MATURITY,2035-11-21,909.94,0.0,909.94
10738,SUSC,2021-12-31,MATURITY,2035-11-23,210.0,0.0,210.0
10739,SUSC,2021-12-31,MATURITY,2035-11-26,509.918,0.0,509.918
10740,SUSC,2021-12-31,MATURITY,2035-11-27,146.099,0.0,146.099
10741,SUSC,2021-12-31,MATURITY,2035-11-28,203.878,11295.181,11499.059
10742,SUSC,2021-12-31,MATURITY,2035-11-29,234.525,0.0,234.525
10743,SUSC,2021-12-31,MATURITY,2035-11-30,2207.417,0.0,2207.417
10744,SUSC,2021-12-31,MATURITY,2035-12-03,9860.325,0.0,9860.325
10745,SUSC,2021-12-31,MATURITY,2035-12-04,158.744,0.0,158.744
10746,SUSC,2021-12-31,MATURITY,2035-12-05,397.613,0.0,397.613
10747,SUSC,2021-12-31,MATURITY,2035-12-06,632.006,0.0,632.006
10748,SUSC,2021-12-31,MATURITY,2035-12-07,283.622,0.0,283.622
10749,SUSC,2021-12-31,MATURITY,2035-12-10,1136.515,6114.458,7250.973
10750,SUSC,2021-12-31,MATURITY,2035-12-14,665.64,11536.145,12201.785
10751,SUSC,2021-12-31,MATURITY,2035-12-17,11208.166,3012.048,14220.214
10752,SUSC,2021-12-31,MATURITY,2035-12-19,163.282,0.0,163.282
10753,SUSC,2021-12-31,MATURITY,2035-12-20,633.334,0.0,633.334
10754,SUSC,2021-12-31,MATURITY,2035-12-21,126.28,0.0,126.28
10755,SUSC,2021-12-31,MATURITY,2035-12-24,388.005,0.0,388.005
10756,SUSC,2021-12-31,MATURITY,2035-12-26,9.714,0.0,9.714
10757,SUSC,2021-12-31,MATURITY,2035-12-31,380.912,0.0,380.912
10758,SUSC,2021-12-31,MATURITY,2036-01-02,1713.328,0.0,1713.328
10759,SUSC,2021-12-31,MATURITY,2036-01-07,285.452,0.0,285.452
10760,SUSC,2021-12-31,MATURITY,2036-01-08,528.366,0.0,528.366
10761,SUSC,2021-12-31,MATURITY,2036-01-09,519.608,0.0,519.608
10762,SUSC,2021-12-31,MATURITY,2036-01-10,358.558,0.0,358.558
10763,SUSC,2021-12-31,MATURITY,2036-01-14,1182.271,0.0,1182.271
10764,SUSC,2021-12-31,MATURITY,2036-01-15,12137.824,16987.952,29125.776
10765,SUSC,2021-12-31,MATURITY,2036-01-16,362.538,0.0,362.538
10766,SUSC,2021-12-31,MATURITY,2036-01-17,239.029,0.0,239.029
10767,SUSC,2021-12-31,MATURITY,2036-01-18,138.403,0.0,138.403
10768,SUSC,2021-12-31,MATURITY,2036-01-22,1890.415,0.0,1890.415
10769,SUSC,2021-12-31,MATURITY,2036-01-23,1709.608,0.0,1709.608
10770,SUSC,2021-12-31,MATURITY,2036-01-24,1176.969,0.0,1176.969
10771,SUSC,2021-12-31,MATURITY,2036-01-25,406.884,0.0,406.884
10772,SUSC,2021-12-31,MATURITY,2036-01-28,898.125,0.0,898.125
10773,SUSC,2021-12-31,MATURITY,2036-01-29,657.782,0.0,657.782
10774,SUSC,2021-12-31,MATURITY,2036-01-30,617.545,0.0,617.545
10775,SUSC,2021-12-31,MATURITY,2036-01-31,239.232,0.0,239.232
10776,SUSC,2021-12-31,MATURITY,2036-02-01,8845.201,29457.831,38303.032
10777,SUSC,2021-12-31,MATURITY,2036-02-04,762.161,0.0,762.161
10778,SUSC,2021-12-31,MATURITY,2036-02-05,352.688,0.0,352.688
10779,SUSC,2021-12-31,MATURITY,2036-02-06,361.241,0.0,361.241
10780,SUSC,2021-12-31,MATURITY,2036-02-07,513.63,0.0,513.63
10781,SUSC,2021-12-31,MATURITY,2036-02-08,606.853,0.0,606.853
10782,SUSC,2021-12-31,MATURITY,2036-02-11,781.852,0.0,781.852
10783,SUSC,2021-12-31,MATURITY,2036-02-12,447.729,0.0,447.729
10784,SUSC,2021-12-31,MATURITY,2036-02-13,131.739,0.0,131.739
10785,SUSC,2021-12-31,MATURITY,2036-02-14,203.878,0.0,203.878
10786,SUSC,2021-12-31,MATURITY,2036-02-15,8983.509,0.0,8983.509
10787,SUSC,2021-12-31,MATURITY,2036-02-19,1202.184,0.0,1202.184
10788,SUSC,2021-12-31,MATURITY,2036-02-20,327.756,0.0,327.756
10789,SUSC,2021-12-31,MATURITY,2036-02-21,967.897,0.0,967.897
10790,SUSC,2021-12-31,MATURITY,2036-02-22,738.657,0.0,738.657
10791,SUSC,2021-12-31,MATURITY,2036-02-25,1019.981,0.0,1019.981
10792,SUSC,2021-12-31,MATURITY,2036-02-26,313.588,0.0,313.588
10793,SUSC,2021-12-31,MATURITY,2036-02-27,282.492,0.0,282.492
10794,SUSC,2021-12-31,MATURITY,2036-02-28,198.75,0.0,198.75
10795,SUSC,2021-12-31,MATURITY,2036-03-03,11775.367,3373.494,15148.861
10796,SUSC,2021-12-31,MATURITY,2036-03-04,382.892,0.0,382.892
10797,SUSC,2021-12-31,MATURITY,2036-03-05,68.562,0.0,68.562
10798,SUSC,2021-12-31,MATURITY,2036-03-06,220.686,0.0,220.686
10799,SUSC,2021-12-31,MATURITY,2036-03-07,438.123,0.0,438.123
10800,SUSC,2021-12-31,MATURITY,2036-03-10,713.254,0.0,713.254
10801,SUSC,2021-12-31,MATURITY,2036-03-11,259.514,0.0,259.514
10802,SUSC,2021-12-31,MATURITY,2036-03-12,207.312,0.0,207.312
10803,SUSC,2021-12-31,MATURITY,2036-03-13,617.672,0.0,617.672
10804,SUSC,2021-12-31,MATURITY,2036-03-14,402.41,0.0,402.41
10805,SUSC,2021-12-31,MATURITY,2036-03-17,18402.595,18915.663,37318.257
10806,SUSC,2021-12-31,MATURITY,2036-03-18,265.934,0.0,265.934
10807,SUSC,2021-12-31,MATURITY,2036-03-19,545.542,0.0,545.542
10808,SUSC,2021-12-31,MATURITY,2036-03-20,978.705,0.0,978.705
10809,SUSC,2021-12-31,MATURITY,2036-03-21,226.657,0.0,226.657
10810,SUSC,2021-12-31,MATURITY,2036-03-24,1368.11,0.0,1368.11
10811,SUSC,2021-12-31,MATURITY,2036-03-25,2377.821,0.0,2377.821
10812,SUSC,2021-12-31,MATURITY,2036-03-26,477.822,0.0,477.822
10813,SUSC,2021-12-31,MATURITY,2036-03-27,267.913,0.0,267.913
10814,SUSC,2021-12-31,MATURITY,2036-03-28,109.834,0.0,109.834
10815,SUSC,2021-12-31,MATURITY,2036-03-31,1157.026,0.0,1157.026
10816,SUSC,2021-12-31,MATURITY,2036-04-01,12773.686,20873.494,33647.18
10817,SUSC,2021-12-31,MATURITY,2036-04-02,269.202,0.0,269.202
10818,SUSC,2021-12-31,MATURITY,2036-04-03,257.474,0.0,257.474
10819,SUSC,2021-12-31,MATURITY,2036-04-07,599.499,0.0,599.499
10820,SUSC,2021-12-31,MATURITY,2036-04-09,106.024,0.0,106.024
10821,SUSC,2021-12-31,MATURITY,2036-04-14,422.214,0.0,422.214
10822,SUSC,2021-12-31,MATURITY,2036-04-15,10774.439,0.0,10774.439
10823,SUSC,2021-12-31,MATURITY,2036-04-16,194.814,0.0,194.814
10824,SUSC,2021-12-31,MATURITY,2036-04-17,164.556,0.0,164.556
10825,SUSC,2021-12-31,MATURITY,2036-04-21,453.765,0.0,453.765
10826,SUSC,2021-12-31,MATURITY,2036-04-22,586.443,0.0,586.443
10827,SUSC,2021-12-31,MATURITY,2036-04-23,913.46,0.0,913.46
10828,SUSC,2021-12-31,MATURITY,2036-04-24,520.517,0.0,520.517
10829,SUSC,2021-12-31,MATURITY,2036-04-25,65.956,0.0,65.956
10830,SUSC,2021-12-31,MATURITY,2036-04-28,533.898,0.0,533.898
10831,SUSC,2021-12-31,MATURITY,2036-04-30,826.732,5662.651,6489.383
10832,SUSC,2021-12-31,MATURITY,2036-05-01,7746.66,9638.554,17385.214
10833,SUSC,2021-12-31,MATURITY,2036-05-02,736.325,10391.566,11127.892
10834,SUSC,2021-12-31,MATURITY,2036-05-05,719.036,0.0,719.036
10835,SUSC,2021-12-31,MATURITY,2036-05-06,633.532,0.0,633.532
10836,SUSC,2021-12-31,MATURITY,2036-05-07,117.62,0.0,117.62
10837,SUSC,2021-12-31,MATURITY,2036-05-08,6.589,0.0,6.589
10838,SUSC,2021-12-31,MATURITY,2036-05-09,79.292,0.0,79.292
10839,SUSC,2021-12-31,MATURITY,2036-05-12,877.481,0.0,877.481
10840,SUSC,2021-12-31,MATURITY,2036-05-13,642.639,0.0,642.639
10841,SUSC,2021-12-31,MATURITY,2036-05-14,1448.298,13313.253,14761.551
10842,SUSC,2021-12-31,MATURITY,2036-05-15,15027.167,0.0,15027.167
10843,SUSC,2021-12-31,MATURITY,2036-05-16,806.619,0.0,806.619
10844,SUSC,2021-12-31,MATURITY,2036-05-19,615.782,0.0,615.782
10845,SUSC,2021-12-31,MATURITY,2036-05-20,552.218,0.0,552.218
10846,SUSC,2021-12-31,MATURITY,2036-05-21,909.94,0.0,909.94
10847,SUSC,2021-12-31,MATURITY,2036-05-22,80.663,0.0,80.663
10848,SUSC,2021-12-31,MATURITY,2036-05-23,129.337,0.0,129.337
10849,SUSC,2021-12-31,MATURITY,2036-05-27,656.017,0.0,656.017
10850,SUSC,2021-12-31,MATURITY,2036-05-29,234.525,0.0,234.525
10851,SUSC,2021-12-31,MATURITY,2036-05-30,1829.736,0.0,1829.736
10852,SUSC,2021-12-31,MATURITY,2036-06-02,9703.744,2801.205,12504.949
10853,SUSC,2021-12-31,MATURITY,2036-06-03,534.262,0.0,534.262
10854,SUSC,2021-12-31,MATURITY,2036-06-04,158.744,0.0,158.744
10855,SUSC,2021-12-31,MATURITY,2036-06-05,397.613,0.0,397.613
10856,SUSC,2021-12-31,MATURITY,2036-06-06,632.006,0.0,632.006
10857,SUSC,2021-12-31,MATURITY,2036-06-09,725.092,0.0,725.092
10858,SUSC,2021-12-31,MATURITY,2036-06-10,551.355,0.0,551.355
10859,SUSC,2021-12-31,MATURITY,2036-06-16,11429.386,5150.602,16579.988
10860,SUSC,2021-12-31,MATURITY,2036-06-17,108.66,0.0,108.66
10861,SUSC,2021-12-31,MATURITY,2036-06-19,163.282,0.0,163.282
10862,SUSC,2021-12-31,MATURITY,2036-06-20,633.334,15271.084,15904.418
10863,SUSC,2021-12-31,MATURITY,2036-06-23,445.008,0.0,445.008
10864,SUSC,2021-12-31,MATURITY,2036-06-24,69.277,0.0,69.277
10865,SUSC,2021-12-31,MATURITY,2036-06-26,9.714,0.0,9.714
10866,SUSC,2021-12-31,MATURITY,2036-06-30,380.912,0.0,380.912
10867,SUSC,2021-12-31,MATURITY,2036-07-01,1287.941,0.0,1287.941
10868,SUSC,2021-12-31,MATURITY,2036-07-02,425.388,0.0,425.388
10869,SUSC,2021-12-31,MATURITY,2036-07-07,285.452,0.0,285.452
10870,SUSC,2021-12-31,MATURITY,2036-07-08,528.366,0.0,528.366
10871,SUSC,2021-12-31,MATURITY,2036-07-09,519.608,0.0,519.608
10872,SUSC,2021-12-31,MATURITY,2036-07-10,358.558,0.0,358.558
10873,SUSC,2021-12-31,MATURITY,2036-07-14,890.856,0.0,890.856
10874,SUSC,2021-12-31,MATURITY,2036-07-15,12036.623,44397.59,56434.213
10875,SUSC,2021-12-31,MATURITY,2036-07-16,362.538,0.0,362.538
10876,SUSC,2021-12-31,MATURITY,2036-07-17,239.029,0.0,239.029
10877,SUSC,2021-12-31,MATURITY,2036-07-18,138.403,0.0,138.403
10878,SUSC,2021-12-31,MATURITY,2036-07-21,1299.219,0.0,1299.219
10879,SUSC,2021-12-31,MATURITY,2036-07-22,591.195,0.0,591.195
10880,SUSC,2021-12-31,MATURITY,2036-07-23,1709.608,0.0,1709.608
10881,SUSC,2021-12-31,MATURITY,2036-07-24,1176.969,0.0,1176.969
10882,SUSC,2021-12-31,MATURITY,2036-07-25,406.884,0.0,406.884
10883,SUSC,2021-12-31,MATURITY,2036-07-28,898.125,0.0,898.125
10884,SUSC,2021-12-31,MATURITY,2036-07-29,657.782,0.0,657.782
10885,SUSC,2021-12-31,MATURITY,2036-07-30,617.545,0.0,617.545
10886,SUSC,2021-12-31,MATURITY,2036-07-31,239.232,0.0,239.232
10887,SUSC,2021-12-31,MATURITY,2036-08-01,8135.25,0.0,8135.25
10888,SUSC,2021-12-31,MATURITY,2036-08-04,762.161,0.0,762.161
10889,SUSC,2021-12-31,MATURITY,2036-08-05,352.688,0.0,352.688
10890,SUSC,2021-12-31,MATURITY,2036-08-06,361.241,0.0,361.241
10891,SUSC,2021-12-31,MATURITY,2036-08-07,513.63,0.0,513.63
10892,SUSC,2021-12-31,MATURITY,2036-08-08,606.853,6265.06,6871.913
10893,SUSC,2021-12-31,MATURITY,2036-08-11,781.852,0.0,781.852
10894,SUSC,2021-12-31,MATURITY,2036-08-12,447.729,0.0,447.729
10895,SUSC,2021-12-31,MATURITY,2036-08-13,131.739,0.0,131.739
10896,SUSC,2021-12-31,MATURITY,2036-08-14,203.878,0.0,203.878
10897,SUSC,2021-12-31,MATURITY,2036-08-15,8983.509,12650.602,21634.112
10898,SUSC,2021-12-31,MATURITY,2036-08-18,901.818,0.0,901.818
10899,SUSC,2021-12-31,MATURITY,2036-08-19,300.365,0.0,300.365
10900,SUSC,2021-12-31,MATURITY,2036-08-20,327.756,0.0,327.756
10901,SUSC,2021-12-31,MATURITY,2036-08-21,967.897,0.0,967.897
10902,SUSC,2021-12-31,MATURITY,2036-08-22,738.657,0.0,738.657
10903,SUSC,2021-12-31,MATURITY,2036-08-25,867.722,6475.904,7343.626
10904,SUSC,2021-12-31,MATURITY,2036-08-26,465.847,0.0,465.847
10905,SUSC,2021-12-31,MATURITY,2036-08-27,282.492,0.0,282.492
10906,SUSC,2021-12-31,MATURITY,2036-08-28,198.75,0.0,198.75
10907,SUSC,2021-12-31,MATURITY,2036-09-02,11364.98,5722.892,17087.871
10908,SUSC,2021-12-31,MATURITY,2036-09-03,350.508,0.0,350.508
10909,SUSC,2021-12-31,MATURITY,2036-09-04,382.892,0.0,382.892
10910,SUSC,2021-12-31,MATURITY,2036-09-05,68.562,0.0,68.562
10911,SUSC,2021-12-31,MATURITY,2036-09-08,928.095,0.0,928.095
10912,SUSC,2021-12-31,MATURITY,2036-09-09,328.08,0.0,328.08
10913,SUSC,2021-12-31,MATURITY,2036-09-10,115.889,0.0,115.889
10914,SUSC,2021-12-31,MATURITY,2036-09-11,259.514,0.0,259.514
10915,SUSC,2021-12-31,MATURITY,2036-09-12,207.312,0.0,207.312
10916,SUSC,2021-12-31,MATURITY,2036-09-15,17251.514,0.0,17251.514
10917,SUSC,2021-12-31,MATURITY,2036-09-16,482.907,0.0,482.907
10918,SUSC,2021-12-31,MATURITY,2036-09-17,1134.28,0.0,1134.28
10919,SUSC,2021-12-31,MATURITY,2036-09-18,265.934,0.0,265.934
10920,SUSC,2021-12-31,MATURITY,2036-09-19,545.542,0.0,545.542
10921,SUSC,2021-12-31,MATURITY,2036-09-22,2042.9,0.0,2042.9
10922,SUSC,2021-12-31,MATURITY,2036-09-23,307.549,0.0,307.549
10923,SUSC,2021-12-31,MATURITY,2036-09-24,223.024,0.0,223.024
10924,SUSC,2021-12-31,MATURITY,2036-09-25,2377.821,0.0,2377.821
10925,SUSC,2021-12-31,MATURITY,2036-09-26,477.822,0.0,477.822
10926,SUSC,2021-12-31,MATURITY,2036-09-29,387.16,0.0,387.16
10927,SUSC,2021-12-31,MATURITY,2036-09-30,1147.613,2831.325,3978.938
10928,SUSC,2021-12-31,MATURITY,2036-10-01,12095.629,15000.0,27095.629
10929,SUSC,2021-12-31,MATURITY,2036-10-02,269.202,0.0,269.202
10930,SUSC,2021-12-31,MATURITY,2036-10-03,257.474,0.0,257.474
10931,SUSC,2021-12-31,MATURITY,2036-10-06,599.499,0.0,599.499
10932,SUSC,2021-12-31,MATURITY,2036-10-09,106.024,0.0,106.024
10933,SUSC,2021-12-31,MATURITY,2036-10-14,422.214,0.0,422.214
10934,SUSC,2021-12-31,MATURITY,2036-10-15,10774.439,17740.964,28515.402
10935,SUSC,2021-12-31,MATURITY,2036-10-16,194.814,0.0,194.814
10936,SUSC,2021-12-31,MATURITY,2036-10-17,164.556,0.0,164.556
10937,SUSC,2021-12-31,MATURITY,2036-10-20,139.307,0.0,139.307
10938,SUSC,2021-12-31,MATURITY,2036-10-21,314.458,0.0,314.458
10939,SUSC,2021-12-31,MATURITY,2036-10-22,586.443,0.0,586.443
10940,SUSC,2021-12-31,MATURITY,2036-10-23,913.46,0.0,913.46
10941,SUSC,2021-12-31,MATURITY,2036-10-24,520.517,0.0,520.517
10942,SUSC,2021-12-31,MATURITY,2036-10-27,525.947,0.0,525.947
10943,SUSC,2021-12-31,MATURITY,2036-10-28,73.908,0.0,73.908
10944,SUSC,2021-12-31,MATURITY,2036-10-30,453.612,0.0,453.612
10945,SUSC,2021-12-31,MATURITY,2036-10-31,178.466,0.0,178.466
10946,SUSC,2021-12-31,MATURITY,2036-11-03,8172.94,0.0,8172.94
10947,SUSC,2021-12-31,MATURITY,2036-11-04,380.512,0.0,380.512
10948,SUSC,2021-12-31,MATURITY,2036-11-06,633.532,0.0,633.532
10949,SUSC,2021-12-31,MATURITY,2036-11-07,117.62,0.0,117.62
10950,SUSC,2021-12-31,MATURITY,2036-11-10,250.215,0.0,250.215
10951,SUSC,2021-12-31,MATURITY,2036-11-12,713.147,0.0,713.147
10952,SUSC,2021-12-31,MATURITY,2036-11-13,642.639,0.0,642.639
10953,SUSC,2021-12-31,MATURITY,2036-11-14,1162.063,0.0,1162.063
10954,SUSC,2021-12-31,MATURITY,2036-11-17,16019.005,10180.723,26199.728
10955,SUSC,2021-12-31,MATURITY,2036-11-18,250.933,0.0,250.933
10956,SUSC,2021-12-31,MATURITY,2036-11-19,179.631,0.0,179.631
10957,SUSC,2021-12-31,MATURITY,2036-11-20,552.218,0.0,552.218
10958,SUSC,2021-12-31,MATURITY,2036-11-21,909.94,0.0,909.94
10959,SUSC,2021-12-31,MATURITY,2036-11-24,474.872,0.0,474.872
10960,SUSC,2021-12-31,MATURITY,2036-11-25,159.142,0.0,159.142
10961,SUSC,2021-12-31,MATURITY,2036-11-26,85.904,0.0,85.904
10962,SUSC,2021-12-31,MATURITY,2036-11-28,146.099,0.0,146.099
10963,SUSC,2021-12-31,MATURITY,2036-12-01,11569.075,13945.783,25514.858
10964,SUSC,2021-12-31,MATURITY,2036-12-02,112.093,0.0,112.093
10965,SUSC,2021-12-31,MATURITY,2036-12-03,534.262,0.0,534.262
10966,SUSC,2021-12-31,MATURITY,2036-12-04,158.744,0.0,158.744
10967,SUSC,2021-12-31,MATURITY,2036-12-05,397.613,0.0,397.613
10968,SUSC,2021-12-31,MATURITY,2036-12-08,1052.278,0.0,1052.278
10969,SUSC,2021-12-31,MATURITY,2036-12-09,304.819,0.0,304.819
10970,SUSC,2021-12-31,MATURITY,2036-12-10,551.355,0.0,551.355
10971,SUSC,2021-12-31,MATURITY,2036-12-15,10909.036,11385.542,22294.578
10972,SUSC,2021-12-31,MATURITY,2036-12-16,350.377,11927.711,12278.087
10973,SUSC,2021-12-31,MATURITY,2036-12-17,108.66,0.0,108.66
10974,SUSC,2021-12-31,MATURITY,2036-12-19,163.282,0.0,163.282
10975,SUSC,2021-12-31,MATURITY,2036-12-22,387.892,0.0,387.892
10976,SUSC,2021-12-31,MATURITY,2036-12-23,158.923,0.0,158.923
10977,SUSC,2021-12-31,MATURITY,2036-12-24,69.277,0.0,69.277
10978,SUSC,2021-12-31,MATURITY,2036-12-26,9.714,0.0,9.714
10979,SUSC,2021-12-31,MATURITY,2036-12-29,120.762,0.0,120.762
10980,SUSC,2021-12-31,MATURITY,2036-12-30,260.15,0.0,260.15
10981,SUSC,2021-12-31,MATURITY,2037-01-02,1713.328,0.0,1713.328
10982,SUSC,2021-12-31,MATURITY,2037-01-06,285.452,0.0,285.452
10983,SUSC,2021-12-31,MATURITY,2037-01-08,528.366,0.0,528.366
10984,SUSC,2021-12-31,MATURITY,2037-01-09,519.608,0.0,519.608
10985,SUSC,2021-12-31,MATURITY,2037-01-12,486.782,0.0,486.782
10986,SUSC,2021-12-31,MATURITY,2037-01-13,675.203,0.0,675.203
10987,SUSC,2021-12-31,MATURITY,2037-01-14,378.844,0.0,378.844
10988,SUSC,2021-12-31,MATURITY,2037-01-15,10473.848,5963.855,16437.703
10989,SUSC,2021-12-31,MATURITY,2037-01-16,362.538,0.0,362.538
10990,SUSC,2021-12-31,MATURITY,2037-01-20,1240.1,0.0,1240.1
10991,SUSC,2021-12-31,MATURITY,2037-01-21,436.551,0.0,436.551
10992,SUSC,2021-12-31,MATURITY,2037-01-22,591.195,0.0,591.195
10993,SUSC,2021-12-31,MATURITY,2037-01-23,1709.608,0.0,1709.608
10994,SUSC,2021-12-31,MATURITY,2037-01-26,1609.162,0.0,1609.162
10995,SUSC,2021-12-31,MATURITY,2037-01-27,665.946,0.0,665.946
10996,SUSC,2021-12-31,MATURITY,2037-01-28,206.871,0.0,206.871
10997,SUSC,2021-12-31,MATURITY,2037-01-29,657.782,8493.976,9151.758
10998,SUSC,2021-12-31,MATURITY,2037-01-30,709.157,0.0,709.157
10999,SUSC,2021-12-31,MATURITY,2037-02-02,8415.4,3765.06,12180.46
11000,SUSC,2021-12-31,MATURITY,2037-02-03,242.417,0.0,242.417
11001,SUSC,2021-12-31,MATURITY,2037-02-04,387.214,0.0,387.214
11002,SUSC,2021-12-31,MATURITY,2037-02-05,352.688,0.0,352.688
11003,SUSC,2021-12-31,MATURITY,2037-02-06,361.241,0.0,361.241
11004,SUSC,2021-12-31,MATURITY,2037-02-09,1342.47,0.0,1342.47
11005,SUSC,2021-12-31,MATURITY,2037-02-10,269.488,0.0,269.488
11006,SUSC,2021-12-31,MATURITY,2037-02-11,182.304,0.0,182.304
11007,SUSC,2021-12-31,MATURITY,2037-02-12,447.729,0.0,447.729
11008,SUSC,2021-12-31,MATURITY,2037-02-13,131.739,0.0,131.739
11009,SUSC,2021-12-31,MATURITY,2037-02-17,9651.727,0.0,9651.727
11010,SUSC,2021-12-31,MATURITY,2037-02-18,232.53,0.0,232.53
11011,SUSC,2021-12-31,MATURITY,2037-02-19,300.365,0.0,300.365
11012,SUSC,2021-12-31,MATURITY,2037-02-20,327.756,0.0,327.756
11013,SUSC,2021-12-31,MATURITY,2037-02-23,2161.751,0.0,2161.751
11014,SUSC,2021-12-31,MATURITY,2037-02-24,152.259,0.0,152.259
11015,SUSC,2021-12-31,MATURITY,2037-02-25,214.202,0.0,214.202
11016,SUSC,2021-12-31,MATURITY,2037-02-26,313.588,0.0,313.588
11017,SUSC,2021-12-31,MATURITY,2037-02-27,282.492,9186.747,9469.239
11018,SUSC,2021-12-31,MATURITY,2037-03-02,11449.272,11475.904,22925.175
11019,SUSC,2021-12-31,MATURITY,2037-03-03,350.508,5030.12,5380.629
11020,SUSC,2021-12-31,MATURITY,2037-03-04,382.892,0.0,382.892
11021,SUSC,2021-12-31,MATURITY,2037-03-05,68.562,1656.627,1725.188
11022,SUSC,2021-12-31,MATURITY,2037-03-06,220.686,0.0,220.686
11023,SUSC,2021-12-31,MATURITY,2037-03-09,1035.488,0.0,1035.488
11024,SUSC,2021-12-31,MATURITY,2037-03-10,115.889,0.0,115.889
11025,SUSC,2021-12-31,MATURITY,2037-03-11,259.514,0.0,259.514
11026,SUSC,2021-12-31,MATURITY,2037-03-12,207.312,0.0,207.312
11027,SUSC,2021-12-31,MATURITY,2037-03-13,617.672,0.0,617.672
11028,SUSC,2021-12-31,MATURITY,2037-03-16,17116.749,22078.313,39195.062
11029,SUSC,2021-12-31,MATURITY,2037-03-17,1134.28,0.0,1134.28
11030,SUSC,2021-12-31,MATURITY,2037-03-18,265.934,0.0,265.934
11031,SUSC,2021-12-31,MATURITY,2037-03-19,545.542,0.0,545.542
11032,SUSC,2021-12-31,MATURITY,2037-03-20,978.705,0.0,978.705
11033,SUSC,2021-12-31,MATURITY,2037-03-23,1371.743,0.0,1371.743
11034,SUSC,2021-12-31,MATURITY,2037-03-24,223.024,0.0,223.024
11035,SUSC,2021-12-31,MATURITY,2037-03-25,2377.821,0.0,2377.821
11036,SUSC,2021-12-31,MATURITY,2037-03-26,477.822,0.0,477.822
11037,SUSC,2021-12-31,MATURITY,2037-03-27,267.913,0.0,267.913
11038,SUSC,2021-12-31,MATURITY,2037-03-30,950.934,0.0,950.934
11039,SUSC,2021-12-31,MATURITY,2037-03-31,232.756,0.0,232.756
11040,SUSC,2021-12-31,MATURITY,2037-04-01,11614.168,0.0,11614.168
11041,SUSC,2021-12-31,MATURITY,2037-04-02,269.202,0.0,269.202
11042,SUSC,2021-12-31,MATURITY,2037-04-03,257.474,0.0,257.474
11043,SUSC,2021-12-31,MATURITY,2037-04-06,404.29,0.0,404.29
11044,SUSC,2021-12-31,MATURITY,2037-04-07,195.209,0.0,195.209
11045,SUSC,2021-12-31,MATURITY,2037-04-09,106.024,0.0,106.024
11046,SUSC,2021-12-31,MATURITY,2037-04-14,422.214,0.0,422.214
11047,SUSC,2021-12-31,MATURITY,2037-04-15,10243.896,0.0,10243.896
11048,SUSC,2021-12-31,MATURITY,2037-04-16,194.814,0.0,194.814
11049,SUSC,2021-12-31,MATURITY,2037-04-17,164.556,0.0,164.556
11050,SUSC,2021-12-31,MATURITY,2037-04-20,139.307,0.0,139.307
11051,SUSC,2021-12-31,MATURITY,2037-04-21,314.458,0.0,314.458
11052,SUSC,2021-12-31,MATURITY,2037-04-22,586.443,0.0,586.443
11053,SUSC,2021-12-31,MATURITY,2037-04-23,913.46,0.0,913.46
11054,SUSC,2021-12-31,MATURITY,2037-04-24,520.517,0.0,520.517
11055,SUSC,2021-12-31,MATURITY,2037-04-27,525.947,0.0,525.947
11056,SUSC,2021-12-31,MATURITY,2037-04-28,73.908,0.0,73.908
11057,SUSC,2021-12-31,MATURITY,2037-04-30,632.078,0.0,632.078
11058,SUSC,2021-12-31,MATURITY,2037-05-01,7435.817,14668.675,22104.491
11059,SUSC,2021-12-31,MATURITY,2037-05-04,823.178,0.0,823.178
11060,SUSC,2021-12-31,MATURITY,2037-05-05,294.458,0.0,294.458
11061,SUSC,2021-12-31,MATURITY,2037-05-06,633.532,0.0,633.532
11062,SUSC,2021-12-31,MATURITY,2037-05-07,117.62,0.0,117.62
11063,SUSC,2021-12-31,MATURITY,2037-05-08,6.589,0.0,6.589
11064,SUSC,2021-12-31,MATURITY,2037-05-11,829.928,0.0,829.928
11065,SUSC,2021-12-31,MATURITY,2037-05-12,126.845,0.0,126.845
11066,SUSC,2021-12-31,MATURITY,2037-05-13,642.639,0.0,642.639
11067,SUSC,2021-12-31,MATURITY,2037-05-14,1162.063,0.0,1162.063
11068,SUSC,2021-12-31,MATURITY,2037-05-15,14953.141,9518.072,24471.213
11069,SUSC,2021-12-31,MATURITY,2037-05-18,1029.879,0.0,1029.879
11070,SUSC,2021-12-31,MATURITY,2037-05-19,179.631,0.0,179.631
11071,SUSC,2021-12-31,MATURITY,2037-05-20,552.218,0.0,552.218
11072,SUSC,2021-12-31,MATURITY,2037-05-21,909.94,0.0,909.94
11073,SUSC,2021-12-31,MATURITY,2037-05-22,80.663,0.0,80.663
11074,SUSC,2021-12-31,MATURITY,2037-05-26,639.255,0.0,639.255
11075,SUSC,2021-12-31,MATURITY,2037-05-27,146.099,0.0,146.099
11076,SUSC,2021-12-31,MATURITY,2037-05-29,234.525,0.0,234.525
11077,SUSC,2021-12-31,MATURITY,2037-06-01,10975.043,0.0,10975.043
11078,SUSC,2021-12-31,MATURITY,2037-06-02,112.093,0.0,112.093
11079,SUSC,2021-12-31,MATURITY,2037-06-03,534.262,0.0,534.262
11080,SUSC,2021-12-31,MATURITY,2037-06-04,158.744,0.0,158.744
11081,SUSC,2021-12-31,MATURITY,2037-06-05,397.613,0.0,397.613
11082,SUSC,2021-12-31,MATURITY,2037-06-08,1052.278,0.0,1052.278
11083,SUSC,2021-12-31,MATURITY,2037-06-09,304.819,0.0,304.819
11084,SUSC,2021-12-31,MATURITY,2037-06-10,551.355,0.0,551.355
11085,SUSC,2021-12-31,MATURITY,2037-06-15,10552.507,18012.048,28564.555
11086,SUSC,2021-12-31,MATURITY,2037-06-17,108.66,0.0,108.66
11087,SUSC,2021-12-31,MATURITY,2037-06-19,163.282,0.0,163.282
11088,SUSC,2021-12-31,MATURITY,2037-06-22,387.892,0.0,387.892
11089,SUSC,2021-12-31,MATURITY,2037-06-23,158.923,0.0,158.923
11090,SUSC,2021-12-31,MATURITY,2037-06-24,69.277,0.0,69.277
11091,SUSC,2021-12-31,MATURITY,2037-06-26,9.714,301.205,310.919
11092,SUSC,2021-12-31,MATURITY,2037-06-29,120.762,0.0,120.762
11093,SUSC,2021-12-31,MATURITY,2037-06-30,260.15,0.0,260.15
11094,SUSC,2021-12-31,MATURITY,2037-07-01,1287.941,0.0,1287.941
11095,SUSC,2021-12-31,MATURITY,2037-07-02,425.388,0.0,425.388
11096,SUSC,2021-12-31,MATURITY,2037-07-06,285.452,0.0,285.452
11097,SUSC,2021-12-31,MATURITY,2037-07-08,528.366,0.0,528.366
11098,SUSC,2021-12-31,MATURITY,2037-07-09,519.608,0.0,519.608
11099,SUSC,2021-12-31,MATURITY,2037-07-10,358.558,0.0,358.558
11100,SUSC,2021-12-31,MATURITY,2037-07-13,512.011,0.0,512.011
11101,SUSC,2021-12-31,MATURITY,2037-07-14,378.844,0.0,378.844
11102,SUSC,2021-12-31,MATURITY,2037-07-15,10567.794,0.0,10567.794
11103,SUSC,2021-12-31,MATURITY,2037-07-16,362.538,0.0,362.538
11104,SUSC,2021-12-31,MATURITY,2037-07-17,239.029,0.0,239.029
11105,SUSC,2021-12-31,MATURITY,2037-07-20,862.668,0.0,862.668
11106,SUSC,2021-12-31,MATURITY,2037-07-21,574.954,0.0,574.954
11107,SUSC,2021-12-31,MATURITY,2037-07-22,591.195,0.0,591.195
11108,SUSC,2021-12-31,MATURITY,2037-07-23,1709.608,0.0,1709.608
11109,SUSC,2021-12-31,MATURITY,2037-07-24,1176.969,0.0,1176.969
11110,SUSC,2021-12-31,MATURITY,2037-07-27,1098.139,0.0,1098.139
11111,SUSC,2021-12-31,MATURITY,2037-07-28,206.871,0.0,206.871
11112,SUSC,2021-12-31,MATURITY,2037-07-29,398.291,0.0,398.291
11113,SUSC,2021-12-31,MATURITY,2037-07-30,617.545,0.0,617.545
11114,SUSC,2021-12-31,MATURITY,2037-07-31,239.232,0.0,239.232
11115,SUSC,2021-12-31,MATURITY,2037-08-03,8396.409,4186.747,12583.156
11116,SUSC,2021-12-31,MATURITY,2037-08-04,387.214,0.0,387.214
11117,SUSC,2021-12-31,MATURITY,2037-08-05,352.688,0.0,352.688
11118,SUSC,2021-12-31,MATURITY,2037-08-06,361.241,0.0,361.241
11119,SUSC,2021-12-31,MATURITY,2037-08-07,513.63,0.0,513.63
11120,SUSC,2021-12-31,MATURITY,2037-08-10,1098.328,0.0,1098.328
11121,SUSC,2021-12-31,MATURITY,2037-08-11,182.304,0.0,182.304
11122,SUSC,2021-12-31,MATURITY,2037-08-12,447.729,0.0,447.729
11123,SUSC,2021-12-31,MATURITY,2037-08-13,131.739,0.0,131.739
11124,SUSC,2021-12-31,MATURITY,2037-08-14,175.836,0.0,175.836
11125,SUSC,2021-12-31,MATURITY,2037-08-17,9476.047,8102.41,17578.457
11126,SUSC,2021-12-31,MATURITY,2037-08-18,232.53,0.0,232.53
11127,SUSC,2021-12-31,MATURITY,2037-08-19,300.365,0.0,300.365
11128,SUSC,2021-12-31,MATURITY,2037-08-20,327.756,0.0,327.756
11129,SUSC,2021-12-31,MATURITY,2037-08-21,967.897,0.0,967.897
11130,SUSC,2021-12-31,MATURITY,2037-08-24,1346.112,2801.205,4147.317
11131,SUSC,2021-12-31,MATURITY,2037-08-25,214.202,0.0,214.202
11132,SUSC,2021-12-31,MATURITY,2037-08-26,313.588,0.0,313.588
11133,SUSC,2021-12-31,MATURITY,2037-08-28,198.75,0.0,198.75
11134,SUSC,2021-12-31,MATURITY,2037-09-01,10848.458,0.0,10848.458
11135,SUSC,2021-12-31,MATURITY,2037-09-02,98.788,0.0,98.788
11136,SUSC,2021-12-31,MATURITY,2037-09-03,259.337,0.0,259.337
11137,SUSC,2021-12-31,MATURITY,2037-09-04,382.892,0.0,382.892
11138,SUSC,2021-12-31,MATURITY,2037-09-08,950.685,0.0,950.685
11139,SUSC,2021-12-31,MATURITY,2037-09-09,328.08,0.0,328.08
11140,SUSC,2021-12-31,MATURITY,2037-09-10,115.889,0.0,115.889
11141,SUSC,2021-12-31,MATURITY,2037-09-11,259.514,0.0,259.514
11142,SUSC,2021-12-31,MATURITY,2037-09-14,1227.393,0.0,1227.393
11143,SUSC,2021-12-31,MATURITY,2037-09-15,16103.014,24548.193,40651.207
11144,SUSC,2021-12-31,MATURITY,2037-09-16,30.648,0.0,30.648
11145,SUSC,2021-12-31,MATURITY,2037-09-17,1134.28,0.0,1134.28
11146,SUSC,2021-12-31,MATURITY,2037-09-18,265.934,0.0,265.934
11147,SUSC,2021-12-31,MATURITY,2037-09-21,1750.904,3433.735,5184.639
11148,SUSC,2021-12-31,MATURITY,2037-09-22,837.538,0.0,837.538
11149,SUSC,2021-12-31,MATURITY,2037-09-23,307.549,0.0,307.549
11150,SUSC,2021-12-31,MATURITY,2037-09-24,223.024,0.0,223.024
11151,SUSC,2021-12-31,MATURITY,2037-09-25,2377.821,0.0,2377.821
11152,SUSC,2021-12-31,MATURITY,2037-09-28,855.569,0.0,855.569
11153,SUSC,2021-12-31,MATURITY,2037-09-29,9.413,0.0,9.413
11154,SUSC,2021-12-31,MATURITY,2037-09-30,1064.443,0.0,1064.443
11155,SUSC,2021-12-31,MATURITY,2037-10-01,11614.168,30933.735,42547.903
11156,SUSC,2021-12-31,MATURITY,2037-10-02,269.202,0.0,269.202
11157,SUSC,2021-12-31,MATURITY,2037-10-05,577.061,0.0,577.061
11158,SUSC,2021-12-31,MATURITY,2037-10-06,279.912,0.0,279.912
11159,SUSC,2021-12-31,MATURITY,2037-10-09,106.024,1656.627,1762.651
11160,SUSC,2021-12-31,MATURITY,2037-10-14,422.214,0.0,422.214
11161,SUSC,2021-12-31,MATURITY,2037-10-15,10243.896,20692.771,30936.667
11162,SUSC,2021-12-31,MATURITY,2037-10-16,194.814,0.0,194.814
11163,SUSC,2021-12-31,MATURITY,2037-10-19,164.556,0.0,164.556
11164,SUSC,2021-12-31,MATURITY,2037-10-20,139.307,0.0,139.307
11165,SUSC,2021-12-31,MATURITY,2037-10-21,314.458,0.0,314.458
11166,SUSC,2021-12-31,MATURITY,2037-10-22,586.443,0.0,586.443
11167,SUSC,2021-12-31,MATURITY,2037-10-23,913.46,0.0,913.46
11168,SUSC,2021-12-31,MATURITY,2037-10-26,640.072,0.0,640.072
11169,SUSC,2021-12-31,MATURITY,2037-10-27,246.85,0.0,246.85
11170,SUSC,2021-12-31,MATURITY,2037-10-28,73.908,0.0,73.908
11171,SUSC,2021-12-31,MATURITY,2037-10-30,453.612,0.0,453.612
11172,SUSC,2021-12-31,MATURITY,2037-11-02,7545.992,0.0,7545.992
11173,SUSC,2021-12-31,MATURITY,2037-11-03,338.524,0.0,338.524
11174,SUSC,2021-12-31,MATURITY,2037-11-04,380.512,0.0,380.512
11175,SUSC,2021-12-31,MATURITY,2037-11-06,633.532,0.0,633.532
11176,SUSC,2021-12-31,MATURITY,2037-11-09,203.502,0.0,203.502
11177,SUSC,2021-12-31,MATURITY,2037-11-10,164.334,0.0,164.334
11178,SUSC,2021-12-31,MATURITY,2037-11-12,713.147,0.0,713.147
11179,SUSC,2021-12-31,MATURITY,2037-11-13,642.639,0.0,642.639
11180,SUSC,2021-12-31,MATURITY,2037-11-16,16581.597,19849.398,36430.994
11181,SUSC,2021-12-31,MATURITY,2037-11-17,27.673,903.614,931.288
11182,SUSC,2021-12-31,MATURITY,2037-11-18,223.26,0.0,223.26
11183,SUSC,2021-12-31,MATURITY,2037-11-19,179.631,0.0,179.631
11184,SUSC,2021-12-31,MATURITY,2037-11-20,552.218,0.0,552.218
11185,SUSC,2021-12-31,MATURITY,2037-11-23,1119.94,0.0,1119.94
11186,SUSC,2021-12-31,MATURITY,2037-11-24,264.872,0.0,264.872
11187,SUSC,2021-12-31,MATURITY,2037-11-25,159.142,0.0,159.142
11188,SUSC,2021-12-31,MATURITY,2037-11-27,232.003,0.0,232.003
11189,SUSC,2021-12-31,MATURITY,2037-11-30,2178.689,5361.446,7540.135
11190,SUSC,2021-12-31,MATURITY,2037-12-01,9030.879,1596.386,10627.264
11191,SUSC,2021-12-31,MATURITY,2037-12-02,112.093,0.0,112.093
11192,SUSC,2021-12-31,MATURITY,2037-12-03,534.262,0.0,534.262
11193,SUSC,2021-12-31,MATURITY,2037-12-04,158.744,0.0,158.744
11194,SUSC,2021-12-31,MATURITY,2037-12-07,1313.241,753.012,2066.253
11195,SUSC,2021-12-31,MATURITY,2037-12-08,136.651,0.0,136.651
11196,SUSC,2021-12-31,MATURITY,2037-12-09,304.819,0.0,304.819
11197,SUSC,2021-12-31,MATURITY,2037-12-10,551.355,8674.699,9226.054
11198,SUSC,2021-12-31,MATURITY,2037-12-14,376.476,0.0,376.476
11199,SUSC,2021-12-31,MATURITY,2037-12-15,9592.296,4969.88,14562.176
11200,SUSC,2021-12-31,MATURITY,2037-12-17,108.66,0.0,108.66
11201,SUSC,2021-12-31,MATURITY,2037-12-21,391.369,0.0,391.369
11202,SUSC,2021-12-31,MATURITY,2037-12-22,159.804,0.0,159.804
11203,SUSC,2021-12-31,MATURITY,2037-12-23,158.923,0.0,158.923
11204,SUSC,2021-12-31,MATURITY,2037-12-24,69.277,0.0,69.277
11205,SUSC,2021-12-31,MATURITY,2037-12-29,120.762,0.0,120.762
11206,SUSC,2021-12-31,MATURITY,2037-12-30,260.15,0.0,260.15
11207,SUSC,2021-12-31,MATURITY,2038-01-04,1713.328,0.0,1713.328
11208,SUSC,2021-12-31,MATURITY,2038-01-06,285.452,0.0,285.452
11209,SUSC,2021-12-31,MATURITY,2038-01-08,528.366,0.0,528.366
11210,SUSC,2021-12-31,MATURITY,2038-01-11,628.75,0.0,628.75
11211,SUSC,2021-12-31,MATURITY,2038-01-12,377.64,0.0,377.64
11212,SUSC,2021-12-31,MATURITY,2038-01-13,675.203,0.0,675.203
11213,SUSC,2021-12-31,MATURITY,2038-01-14,378.844,0.0,378.844
11214,SUSC,2021-12-31,MATURITY,2038-01-15,10276.378,29698.795,39975.173
11215,SUSC,2021-12-31,MATURITY,2038-01-19,739.969,0.0,739.969
11216,SUSC,2021-12-31,MATURITY,2038-01-20,862.668,0.0,862.668
11217,SUSC,2021-12-31,MATURITY,2038-01-21,436.551,0.0,436.551
11218,SUSC,2021-12-31,MATURITY,2038-01-22,479.326,0.0,479.326
11219,SUSC,2021-12-31,MATURITY,2038-01-25,3214.391,0.0,3214.391
11220,SUSC,2021-12-31,MATURITY,2038-01-26,199.086,0.0,199.086
11221,SUSC,2021-12-31,MATURITY,2038-01-27,492.169,0.0,492.169
11222,SUSC,2021-12-31,MATURITY,2038-01-28,206.871,0.0,206.871
11223,SUSC,2021-12-31,MATURITY,2038-01-29,489.902,0.0,489.902
11224,SUSC,2021-12-31,MATURITY,2038-02-01,8647.942,20542.169,29190.11
11225,SUSC,2021-12-31,MATURITY,2038-02-02,132.53,0.0,132.53
11226,SUSC,2021-12-31,MATURITY,2038-02-03,242.417,0.0,242.417
11227,SUSC,2021-12-31,MATURITY,2038-02-04,387.214,0.0,387.214
11228,SUSC,2021-12-31,MATURITY,2038-02-05,352.688,0.0,352.688
11229,SUSC,2021-12-31,MATURITY,2038-02-08,1373.651,0.0,1373.651
11230,SUSC,2021-12-31,MATURITY,2038-02-09,330.06,0.0,330.06
11231,SUSC,2021-12-31,MATURITY,2038-02-10,269.488,0.0,269.488
11232,SUSC,2021-12-31,MATURITY,2038-02-11,182.304,0.0,182.304
11233,SUSC,2021-12-31,MATURITY,2038-02-12,447.729,0.0,447.729
11234,SUSC,2021-12-31,MATURITY,2038-02-16,9144.355,3554.217,12698.572
11235,SUSC,2021-12-31,MATURITY,2038-02-17,399.285,0.0,399.285
11236,SUSC,2021-12-31,MATURITY,2038-02-18,232.53,0.0,232.53
11237,SUSC,2021-12-31,MATURITY,2038-02-19,300.365,0.0,300.365
11238,SUSC,2021-12-31,MATURITY,2038-02-22,1980.038,0.0,1980.038
11239,SUSC,2021-12-31,MATURITY,2038-02-23,455.196,0.0,455.196
11240,SUSC,2021-12-31,MATURITY,2038-02-24,152.259,0.0,152.259
11241,SUSC,2021-12-31,MATURITY,2038-02-25,214.202,0.0,214.202
11242,SUSC,2021-12-31,MATURITY,2038-02-26,313.588,0.0,313.588
11243,SUSC,2021-12-31,MATURITY,2038-03-01,11047.208,16024.096,27071.305
11244,SUSC,2021-12-31,MATURITY,2038-03-02,98.788,0.0,98.788
11245,SUSC,2021-12-31,MATURITY,2038-03-03,259.337,0.0,259.337
11246,SUSC,2021-12-31,MATURITY,2038-03-04,382.892,0.0,382.892
11247,SUSC,2021-12-31,MATURITY,2038-03-05,22.59,0.0,22.59
11248,SUSC,2021-12-31,MATURITY,2038-03-08,928.095,3614.458,4542.553
11249,SUSC,2021-12-31,MATURITY,2038-03-09,328.08,0.0,328.08
11250,SUSC,2021-12-31,MATURITY,2038-03-10,115.889,0.0,115.889
11251,SUSC,2021-12-31,MATURITY,2038-03-11,259.514,5753.012,6012.526
11252,SUSC,2021-12-31,MATURITY,2038-03-12,207.312,0.0,207.312
11253,SUSC,2021-12-31,MATURITY,2038-03-15,16350.377,0.0,16350.377
11254,SUSC,2021-12-31,MATURITY,2038-03-16,30.648,0.0,30.648
11255,SUSC,2021-12-31,MATURITY,2038-03-17,1134.28,0.0,1134.28
11256,SUSC,2021-12-31,MATURITY,2038-03-18,265.934,0.0,265.934
11257,SUSC,2021-12-31,MATURITY,2038-03-19,545.542,0.0,545.542
11258,SUSC,2021-12-31,MATURITY,2038-03-22,1957.056,0.0,1957.056
11259,SUSC,2021-12-31,MATURITY,2038-03-23,307.549,0.0,307.549
11260,SUSC,2021-12-31,MATURITY,2038-03-24,223.024,0.0,223.024
11261,SUSC,2021-12-31,MATURITY,2038-03-25,2377.821,13433.735,15811.556
11262,SUSC,2021-12-31,MATURITY,2038-03-26,477.822,0.0,477.822
11263,SUSC,2021-12-31,MATURITY,2038-03-29,387.16,0.0,387.16
11264,SUSC,2021-12-31,MATURITY,2038-03-30,831.687,0.0,831.687
11265,SUSC,2021-12-31,MATURITY,2038-03-31,232.756,0.0,232.756
11266,SUSC,2021-12-31,MATURITY,2038-04-01,10570.753,9277.108,19847.861
11267,SUSC,2021-12-31,MATURITY,2038-04-02,269.202,0.0,269.202
11268,SUSC,2021-12-31,MATURITY,2038-04-05,577.061,0.0,577.061
11269,SUSC,2021-12-31,MATURITY,2038-04-06,279.912,0.0,279.912
11270,SUSC,2021-12-31,MATURITY,2038-04-09,53.84,0.0,53.84
11271,SUSC,2021-12-31,MATURITY,2038-04-14,422.214,0.0,422.214
11272,SUSC,2021-12-31,MATURITY,2038-04-15,9572.739,23072.289,32645.028
11273,SUSC,2021-12-31,MATURITY,2038-04-16,194.814,0.0,194.814
11274,SUSC,2021-12-31,MATURITY,2038-04-19,164.556,0.0,164.556
11275,SUSC,2021-12-31,MATURITY,2038-04-20,139.307,0.0,139.307
11276,SUSC,2021-12-31,MATURITY,2038-04-21,314.458,0.0,314.458
11277,SUSC,2021-12-31,MATURITY,2038-04-22,586.443,0.0,586.443
11278,SUSC,2021-12-31,MATURITY,2038-04-23,913.46,0.0,913.46
11279,SUSC,2021-12-31,MATURITY,2038-04-26,489.851,14367.47,14857.32
11280,SUSC,2021-12-31,MATURITY,2038-04-27,397.072,0.0,397.072
11281,SUSC,2021-12-31,MATURITY,2038-04-28,73.908,0.0,73.908
11282,SUSC,2021-12-31,MATURITY,2038-04-30,523.903,0.0,523.903
11283,SUSC,2021-12-31,MATURITY,2038-05-03,7411.592,0.0,7411.592
11284,SUSC,2021-12-31,MATURITY,2038-05-04,674.97,0.0,674.97
11285,SUSC,2021-12-31,MATURITY,2038-05-06,633.532,0.0,633.532
11286,SUSC,2021-12-31,MATURITY,2038-05-07,117.62,0.0,117.62
11287,SUSC,2021-12-31,MATURITY,2038-05-10,250.215,0.0,250.215
11288,SUSC,2021-12-31,MATURITY,2038-05-11,586.302,0.0,586.302
11289,SUSC,2021-12-31,MATURITY,2038-05-12,126.845,0.0,126.845
11290,SUSC,2021-12-31,MATURITY,2038-05-13,642.639,0.0,642.639
11291,SUSC,2021-12-31,MATURITY,2038-05-14,1162.063,6837.349,7999.413
11292,SUSC,2021-12-31,MATURITY,2038-05-17,14848.419,41957.831,56806.25
11293,SUSC,2021-12-31,MATURITY,2038-05-18,223.26,0.0,223.26
11294,SUSC,2021-12-31,MATURITY,2038-05-19,179.631,0.0,179.631
11295,SUSC,2021-12-31,MATURITY,2038-05-20,552.218,0.0,552.218
11296,SUSC,2021-12-31,MATURITY,2038-05-21,909.94,0.0,909.94
11297,SUSC,2021-12-31,MATURITY,2038-05-24,474.872,0.0,474.872
11298,SUSC,2021-12-31,MATURITY,2038-05-25,159.142,3644.578,3803.721
11299,SUSC,2021-12-31,MATURITY,2038-05-26,85.904,0.0,85.904
11300,SUSC,2021-12-31,MATURITY,2038-05-27,146.099,0.0,146.099
11301,SUSC,2021-12-31,MATURITY,2038-06-01,10992.84,17168.675,28161.514
11302,SUSC,2021-12-31,MATURITY,2038-06-02,112.093,0.0,112.093
11303,SUSC,2021-12-31,MATURITY,2038-06-03,534.262,0.0,534.262
11304,SUSC,2021-12-31,MATURITY,2038-06-04,158.744,0.0,158.744
11305,SUSC,2021-12-31,MATURITY,2038-06-07,1298.18,0.0,1298.18
11306,SUSC,2021-12-31,MATURITY,2038-06-08,136.651,0.0,136.651
11307,SUSC,2021-12-31,MATURITY,2038-06-09,304.819,0.0,304.819
11308,SUSC,2021-12-31,MATURITY,2038-06-10,231.476,0.0,231.476
11309,SUSC,2021-12-31,MATURITY,2038-06-14,376.476,0.0,376.476
11310,SUSC,2021-12-31,MATURITY,2038-06-15,9424.563,0.0,9424.563
11311,SUSC,2021-12-31,MATURITY,2038-06-17,108.66,0.0,108.66
11312,SUSC,2021-12-31,MATURITY,2038-06-21,391.369,0.0,391.369
11313,SUSC,2021-12-31,MATURITY,2038-06-22,159.804,0.0,159.804
11314,SUSC,2021-12-31,MATURITY,2038-06-23,158.923,0.0,158.923
11315,SUSC,2021-12-31,MATURITY,2038-06-24,69.277,0.0,69.277
11316,SUSC,2021-12-31,MATURITY,2038-06-29,120.762,0.0,120.762
11317,SUSC,2021-12-31,MATURITY,2038-06-30,260.15,0.0,260.15
11318,SUSC,2021-12-31,MATURITY,2038-07-01,1287.941,2801.205,4089.145
11319,SUSC,2021-12-31,MATURITY,2038-07-02,425.388,0.0,425.388
11320,SUSC,2021-12-31,MATURITY,2038-07-06,285.452,0.0,285.452
11321,SUSC,2021-12-31,MATURITY,2038-07-08,528.366,0.0,528.366
11322,SUSC,2021-12-31,MATURITY,2038-07-09,519.608,0.0,519.608
11323,SUSC,2021-12-31,MATURITY,2038-07-12,486.782,0.0,486.782
11324,SUSC,2021-12-31,MATURITY,2038-07-13,675.203,0.0,675.203
11325,SUSC,2021-12-31,MATURITY,2038-07-14,378.844,0.0,378.844
11326,SUSC,2021-12-31,MATURITY,2038-07-15,9410.971,3072.289,12483.261
11327,SUSC,2021-12-31,MATURITY,2038-07-16,362.538,0.0,362.538
11328,SUSC,2021-12-31,MATURITY,2038-07-19,239.029,0.0,239.029
11329,SUSC,2021-12-31,MATURITY,2038-07-20,1001.071,0.0,1001.071
11330,SUSC,2021-12-31,MATURITY,2038-07-21,436.551,0.0,436.551
11331,SUSC,2021-12-31,MATURITY,2038-07-22,479.326,9698.795,10178.121
11332,SUSC,2021-12-31,MATURITY,2038-07-23,1709.608,0.0,1709.608
11333,SUSC,2021-12-31,MATURITY,2038-07-26,1590.878,14307.229,15898.107
11334,SUSC,2021-12-31,MATURITY,2038-07-27,492.169,0.0,492.169
11335,SUSC,2021-12-31,MATURITY,2038-07-28,206.871,0.0,206.871
11336,SUSC,2021-12-31,MATURITY,2038-07-29,398.291,0.0,398.291
11337,SUSC,2021-12-31,MATURITY,2038-07-30,709.157,0.0,709.157
11338,SUSC,2021-12-31,MATURITY,2038-08-02,7671.473,0.0,7671.473
11339,SUSC,2021-12-31,MATURITY,2038-08-03,242.417,0.0,242.417
11340,SUSC,2021-12-31,MATURITY,2038-08-04,387.214,0.0,387.214
11341,SUSC,2021-12-31,MATURITY,2038-08-05,352.688,0.0,352.688
11342,SUSC,2021-12-31,MATURITY,2038-08-06,361.241,0.0,361.241
11343,SUSC,2021-12-31,MATURITY,2038-08-09,1342.47,0.0,1342.47
11344,SUSC,2021-12-31,MATURITY,2038-08-10,269.488,0.0,269.488
11345,SUSC,2021-12-31,MATURITY,2038-08-11,182.304,0.0,182.304
11346,SUSC,2021-12-31,MATURITY,2038-08-12,447.729,0.0,447.729
11347,SUSC,2021-12-31,MATURITY,2038-08-13,131.739,0.0,131.739
11348,SUSC,2021-12-31,MATURITY,2038-08-16,8890.44,20180.723,29071.163
11349,SUSC,2021-12-31,MATURITY,2038-08-17,399.285,0.0,399.285
11350,SUSC,2021-12-31,MATURITY,2038-08-18,232.53,0.0,232.53
11351,SUSC,2021-12-31,MATURITY,2038-08-19,300.365,0.0,300.365
11352,SUSC,2021-12-31,MATURITY,2038-08-20,327.756,0.0,327.756
11353,SUSC,2021-12-31,MATURITY,2038-08-23,2107.477,0.0,2107.477
11354,SUSC,2021-12-31,MATURITY,2038-08-24,152.259,0.0,152.259
11355,SUSC,2021-12-31,MATURITY,2038-08-25,214.202,0.0,214.202
11356,SUSC,2021-12-31,MATURITY,2038-08-26,313.588,0.0,313.588
11357,SUSC,2021-12-31,MATURITY,2038-08-30,198.75,0.0,198.75
11358,SUSC,2021-12-31,MATURITY,2038-09-01,10285.348,2259.036,12544.385
11359,SUSC,2021-12-31,MATURITY,2038-09-02,98.788,0.0,98.788
11360,SUSC,2021-12-31,MATURITY,2038-09-03,259.337,0.0,259.337
11361,SUSC,2021-12-31,MATURITY,2038-09-07,979.983,0.0,979.983
11362,SUSC,2021-12-31,MATURITY,2038-09-08,269.286,0.0,269.286
11363,SUSC,2021-12-31,MATURITY,2038-09-09,328.08,0.0,328.08
11364,SUSC,2021-12-31,MATURITY,2038-09-10,115.889,0.0,115.889
11365,SUSC,2021-12-31,MATURITY,2038-09-13,886.738,0.0,886.738
11366,SUSC,2021-12-31,MATURITY,2038-09-14,402.41,0.0,402.41
11367,SUSC,2021-12-31,MATURITY,2038-09-15,15330.295,7560.241,22890.536
11368,SUSC,2021-12-31,MATURITY,2038-09-16,30.648,0.0,30.648
11369,SUSC,2021-12-31,MATURITY,2038-09-17,1134.28,0.0,1134.28
11370,SUSC,2021-12-31,MATURITY,2038-09-20,1704.337,0.0,1704.337
11371,SUSC,2021-12-31,MATURITY,2038-09-21,226.657,0.0,226.657
11372,SUSC,2021-12-31,MATURITY,2038-09-22,837.538,0.0,837.538
11373,SUSC,2021-12-31,MATURITY,2038-09-23,307.549,0.0,307.549
11374,SUSC,2021-12-31,MATURITY,2038-09-24,223.024,0.0,223.024
11375,SUSC,2021-12-31,MATURITY,2038-09-27,2802.489,0.0,2802.489
11376,SUSC,2021-12-31,MATURITY,2038-09-28,109.834,0.0,109.834
11377,SUSC,2021-12-31,MATURITY,2038-09-29,9.413,0.0,9.413
11378,SUSC,2021-12-31,MATURITY,2038-09-30,1064.443,0.0,1064.443
11379,SUSC,2021-12-31,MATURITY,2038-10-01,10302.492,0.0,10302.492
11380,SUSC,2021-12-31,MATURITY,2038-10-04,526.675,0.0,526.675
11381,SUSC,2021-12-31,MATURITY,2038-10-05,319.587,0.0,319.587
11382,SUSC,2021-12-31,MATURITY,2038-10-06,279.912,0.0,279.912
11383,SUSC,2021-12-31,MATURITY,2038-10-12,53.84,0.0,53.84
11384,SUSC,2021-12-31,MATURITY,2038-10-14,422.214,0.0,422.214
11385,SUSC,2021-12-31,MATURITY,2038-10-15,8938.417,3313.253,12251.67
11386,SUSC,2021-12-31,MATURITY,2038-10-18,359.37,0.0,359.37
11387,SUSC,2021-12-31,MATURITY,2038-10-20,139.307,0.0,139.307
11388,SUSC,2021-12-31,MATURITY,2038-10-21,314.458,0.0,314.458
11389,SUSC,2021-12-31,MATURITY,2038-10-22,507.537,0.0,507.537
11390,SUSC,2021-12-31,MATURITY,2038-10-25,1051.802,0.0,1051.802
11391,SUSC,2021-12-31,MATURITY,2038-10-26,213.14,0.0,213.14
11392,SUSC,2021-12-31,MATURITY,2038-10-27,246.85,0.0,246.85
11393,SUSC,2021-12-31,MATURITY,2038-10-28,73.908,0.0,73.908
11394,SUSC,2021-12-31,MATURITY,2038-11-01,7492.829,16144.578,23637.408
11395,SUSC,2021-12-31,MATURITY,2038-11-02,398.599,0.0,398.599
11396,SUSC,2021-12-31,MATURITY,2038-11-03,338.524,0.0,338.524
11397,SUSC,2021-12-31,MATURITY,2038-11-04,380.512,0.0,380.512
11398,SUSC,2021-12-31,MATURITY,2038-11-08,757.741,0.0,757.741
11399,SUSC,2021-12-31,MATURITY,2038-11-09,79.292,0.0,79.292
11400,SUSC,2021-12-31,MATURITY,2038-11-10,164.334,0.0,164.334
11401,SUSC,2021-12-31,MATURITY,2038-11-12,713.147,0.0,713.147
11402,SUSC,2021-12-31,MATURITY,2038-11-15,14281.687,8765.06,23046.747
11403,SUSC,2021-12-31,MATURITY,2038-11-16,806.619,4638.554,5445.173
11404,SUSC,2021-12-31,MATURITY,2038-11-18,223.26,0.0,223.26
11405,SUSC,2021-12-31,MATURITY,2038-11-19,179.631,0.0,179.631
11406,SUSC,2021-12-31,MATURITY,2038-11-22,1542.82,0.0,1542.82
11407,SUSC,2021-12-31,MATURITY,2038-11-23,129.337,0.0,129.337
11408,SUSC,2021-12-31,MATURITY,2038-11-24,264.872,0.0,264.872
11409,SUSC,2021-12-31,MATURITY,2038-11-26,154.205,0.0,154.205
11410,SUSC,2021-12-31,MATURITY,2038-11-29,380.624,0.0,380.624
11411,SUSC,2021-12-31,MATURITY,2038-11-30,1481.86,0.0,1481.86
11412,SUSC,2021-12-31,MATURITY,2038-12-01,8799.798,0.0,8799.798
11413,SUSC,2021-12-31,MATURITY,2038-12-02,112.093,0.0,112.093
11414,SUSC,2021-12-31,MATURITY,2038-12-03,534.262,0.0,534.262
11415,SUSC,2021-12-31,MATURITY,2038-12-06,1173.302,0.0,1173.302
11416,SUSC,2021-12-31,MATURITY,2038-12-07,283.622,0.0,283.622
11417,SUSC,2021-12-31,MATURITY,2038-12-08,136.651,0.0,136.651
11418,SUSC,2021-12-31,MATURITY,2038-12-09,304.819,0.0,304.819
11419,SUSC,2021-12-31,MATURITY,2038-12-10,231.476,0.0,231.476
11420,SUSC,2021-12-31,MATURITY,2038-12-14,376.476,0.0,376.476
11421,SUSC,2021-12-31,MATURITY,2038-12-15,9424.563,0.0,9424.563
11422,SUSC,2021-12-31,MATURITY,2038-12-17,108.66,0.0,108.66
11423,SUSC,2021-12-31,MATURITY,2038-12-20,265.089,0.0,265.089
11424,SUSC,2021-12-31,MATURITY,2038-12-21,126.28,0.0,126.28
11425,SUSC,2021-12-31,MATURITY,2038-12-22,159.804,0.0,159.804
11426,SUSC,2021-12-31,MATURITY,2038-12-23,158.923,0.0,158.923
11427,SUSC,2021-12-31,MATURITY,2038-12-24,69.277,0.0,69.277
11428,SUSC,2021-12-31,MATURITY,2038-12-29,120.762,0.0,120.762
11429,SUSC,2021-12-31,MATURITY,2038-12-30,260.15,0.0,260.15
11430,SUSC,2021-12-31,MATURITY,2039-01-03,1185.697,0.0,1185.697
11431,SUSC,2021-12-31,MATURITY,2039-01-04,425.388,0.0,425.388
11432,SUSC,2021-12-31,MATURITY,2039-01-06,285.452,0.0,285.452
11433,SUSC,2021-12-31,MATURITY,2039-01-10,1157.116,150.602,1307.718
11434,SUSC,2021-12-31,MATURITY,2039-01-11,249.416,0.0,249.416
11435,SUSC,2021-12-31,MATURITY,2039-01-12,128.224,0.0,128.224
11436,SUSC,2021-12-31,MATURITY,2039-01-13,675.203,0.0,675.203
11437,SUSC,2021-12-31,MATURITY,2039-01-14,378.844,0.0,378.844
11438,SUSC,2021-12-31,MATURITY,2039-01-18,10060.662,19578.313,29638.975
11439,SUSC,2021-12-31,MATURITY,2039-01-20,862.668,0.0,862.668
11440,SUSC,2021-12-31,MATURITY,2039-01-21,436.551,0.0,436.551
11441,SUSC,2021-12-31,MATURITY,2039-01-24,3039.498,16234.94,19274.438
11442,SUSC,2021-12-31,MATURITY,2039-01-25,406.884,5210.843,5617.728
11443,SUSC,2021-12-31,MATURITY,2039-01-26,39.006,0.0,39.006
11444,SUSC,2021-12-31,MATURITY,2039-01-27,492.169,0.0,492.169
11445,SUSC,2021-12-31,MATURITY,2039-01-28,206.871,0.0,206.871
11446,SUSC,2021-12-31,MATURITY,2039-01-31,1255.068,0.0,1255.068
11447,SUSC,2021-12-31,MATURITY,2039-02-01,7391.323,15481.928,22873.25
11448,SUSC,2021-12-31,MATURITY,2039-02-02,132.53,0.0,132.53
11449,SUSC,2021-12-31,MATURITY,2039-02-03,242.417,0.0,242.417
11450,SUSC,2021-12-31,MATURITY,2039-02-04,387.214,0.0,387.214
11451,SUSC,2021-12-31,MATURITY,2039-02-07,1227.559,0.0,1227.559
11452,SUSC,2021-12-31,MATURITY,2039-02-08,498.78,0.0,498.78
11453,SUSC,2021-12-31,MATURITY,2039-02-09,330.06,0.0,330.06
11454,SUSC,2021-12-31,MATURITY,2039-02-10,269.488,0.0,269.488
11455,SUSC,2021-12-31,MATURITY,2039-02-11,182.304,0.0,182.304
11456,SUSC,2021-12-31,MATURITY,2039-02-14,755.304,0.0,755.304
11457,SUSC,2021-12-31,MATURITY,2039-02-15,7868.004,12831.325,20699.329
11458,SUSC,2021-12-31,MATURITY,2039-02-16,270.004,0.0,270.004
11459,SUSC,2021-12-31,MATURITY,2039-02-17,399.285,0.0,399.285
11460,SUSC,2021-12-31,MATURITY,2039-02-18,232.53,0.0,232.53
11461,SUSC,2021-12-31,MATURITY,2039-02-22,2280.403,0.0,2280.403
11462,SUSC,2021-12-31,MATURITY,2039-02-23,455.196,0.0,455.196
11463,SUSC,2021-12-31,MATURITY,2039-02-24,152.259,0.0,152.259
11464,SUSC,2021-12-31,MATURITY,2039-02-25,214.202,0.0,214.202
11465,SUSC,2021-12-31,MATURITY,2039-02-28,512.338,0.0,512.338
11466,SUSC,2021-12-31,MATURITY,2039-03-01,10200.635,9367.47,19568.105
11467,SUSC,2021-12-31,MATURITY,2039-03-02,98.788,0.0,98.788
11468,SUSC,2021-12-31,MATURITY,2039-03-03,259.337,0.0,259.337
11469,SUSC,2021-12-31,MATURITY,2039-03-04,382.892,0.0,382.892
11470,SUSC,2021-12-31,MATURITY,2039-03-07,597.092,10090.361,10687.453
11471,SUSC,2021-12-31,MATURITY,2039-03-08,269.286,0.0,269.286
11472,SUSC,2021-12-31,MATURITY,2039-03-09,328.08,0.0,328.08
11473,SUSC,2021-12-31,MATURITY,2039-03-10,115.889,0.0,115.889
11474,SUSC,2021-12-31,MATURITY,2039-03-11,61.755,0.0,61.755
11475,SUSC,2021-12-31,MATURITY,2039-03-14,1227.393,0.0,1227.393
11476,SUSC,2021-12-31,MATURITY,2039-03-15,15077.027,19668.675,34745.702
11477,SUSC,2021-12-31,MATURITY,2039-03-16,30.648,0.0,30.648
11478,SUSC,2021-12-31,MATURITY,2039-03-17,1134.28,0.0,1134.28
11479,SUSC,2021-12-31,MATURITY,2039-03-18,265.934,0.0,265.934
11480,SUSC,2021-12-31,MATURITY,2039-03-21,1665.06,0.0,1665.06
11481,SUSC,2021-12-31,MATURITY,2039-03-22,837.538,0.0,837.538
11482,SUSC,2021-12-31,MATURITY,2039-03-23,307.549,0.0,307.549
11483,SUSC,2021-12-31,MATURITY,2039-03-24,223.024,0.0,223.024
11484,SUSC,2021-12-31,MATURITY,2039-03-25,2056.755,0.0,2056.755
11485,SUSC,2021-12-31,MATURITY,2039-03-28,855.569,0.0,855.569
11486,SUSC,2021-12-31,MATURITY,2039-03-29,9.413,0.0,9.413
11487,SUSC,2021-12-31,MATURITY,2039-03-30,831.687,301.205,1132.892
11488,SUSC,2021-12-31,MATURITY,2039-03-31,232.756,0.0,232.756
11489,SUSC,2021-12-31,MATURITY,2039-04-01,10302.492,7228.916,17531.408
11490,SUSC,2021-12-31,MATURITY,2039-04-04,526.675,0.0,526.675
11491,SUSC,2021-12-31,MATURITY,2039-04-05,319.587,0.0,319.587
11492,SUSC,2021-12-31,MATURITY,2039-04-06,279.912,0.0,279.912
11493,SUSC,2021-12-31,MATURITY,2039-04-11,53.84,0.0,53.84
11494,SUSC,2021-12-31,MATURITY,2039-04-14,422.214,0.0,422.214
11495,SUSC,2021-12-31,MATURITY,2039-04-15,8862.212,0.0,8862.212
11496,SUSC,2021-12-31,MATURITY,2039-04-18,359.37,0.0,359.37
11497,SUSC,2021-12-31,MATURITY,2039-04-20,139.307,0.0,139.307
11498,SUSC,2021-12-31,MATURITY,2039-04-21,314.458,0.0,314.458
11499,SUSC,2021-12-31,MATURITY,2039-04-22,507.537,5602.41,6109.947
11500,SUSC,2021-12-31,MATURITY,2039-04-25,1051.802,10843.373,11895.175
11501,SUSC,2021-12-31,MATURITY,2039-04-26,213.14,0.0,213.14
11502,SUSC,2021-12-31,MATURITY,2039-04-27,246.85,0.0,246.85
11503,SUSC,2021-12-31,MATURITY,2039-04-28,73.908,0.0,73.908
11504,SUSC,2021-12-31,MATURITY,2039-05-02,7334.316,0.0,7334.316
11505,SUSC,2021-12-31,MATURITY,2039-05-03,632.982,0.0,632.982
11506,SUSC,2021-12-31,MATURITY,2039-05-04,380.512,0.0,380.512
11507,SUSC,2021-12-31,MATURITY,2039-05-06,633.532,0.0,633.532
11508,SUSC,2021-12-31,MATURITY,2039-05-09,203.502,0.0,203.502
11509,SUSC,2021-12-31,MATURITY,2039-05-10,164.334,0.0,164.334
11510,SUSC,2021-12-31,MATURITY,2039-05-11,586.302,0.0,586.302
11511,SUSC,2021-12-31,MATURITY,2039-05-12,126.845,0.0,126.845
11512,SUSC,2021-12-31,MATURITY,2039-05-13,642.639,0.0,642.639
11513,SUSC,2021-12-31,MATURITY,2039-05-16,14109.352,12771.084,26880.436
11514,SUSC,2021-12-31,MATURITY,2039-05-18,223.26,0.0,223.26
11515,SUSC,2021-12-31,MATURITY,2039-05-19,179.631,0.0,179.631
11516,SUSC,2021-12-31,MATURITY,2039-05-20,552.218,0.0,552.218
11517,SUSC,2021-12-31,MATURITY,2039-05-23,1119.94,0.0,1119.94
11518,SUSC,2021-12-31,MATURITY,2039-05-24,264.872,0.0,264.872
11519,SUSC,2021-12-31,MATURITY,2039-05-25,68.301,0.0,68.301
11520,SUSC,2021-12-31,MATURITY,2039-05-26,85.904,0.0,85.904
11521,SUSC,2021-12-31,MATURITY,2039-05-27,146.099,0.0,146.099
11522,SUSC,2021-12-31,MATURITY,2039-05-31,1716.385,0.0,1716.385
11523,SUSC,2021-12-31,MATURITY,2039-06-01,8799.798,210.843,9010.642
11524,SUSC,2021-12-31,MATURITY,2039-06-02,112.093,0.0,112.093
11525,SUSC,2021-12-31,MATURITY,2039-06-03,534.262,0.0,534.262
11526,SUSC,2021-12-31,MATURITY,2039-06-06,1173.302,0.0,1173.302
11527,SUSC,2021-12-31,MATURITY,2039-06-07,283.622,0.0,283.622
11528,SUSC,2021-12-31,MATURITY,2039-06-08,136.651,0.0,136.651
11529,SUSC,2021-12-31,MATURITY,2039-06-09,304.819,0.0,304.819
11530,SUSC,2021-12-31,MATURITY,2039-06-10,231.476,0.0,231.476
11531,SUSC,2021-12-31,MATURITY,2039-06-14,376.476,0.0,376.476
11532,SUSC,2021-12-31,MATURITY,2039-06-15,9424.563,14849.398,24273.96
11533,SUSC,2021-12-31,MATURITY,2039-06-17,108.66,0.0,108.66
11534,SUSC,2021-12-31,MATURITY,2039-06-20,265.089,0.0,265.089
11535,SUSC,2021-12-31,MATURITY,2039-06-21,126.28,0.0,126.28
11536,SUSC,2021-12-31,MATURITY,2039-06-22,159.804,0.0,159.804
11537,SUSC,2021-12-31,MATURITY,2039-06-23,158.923,0.0,158.923
11538,SUSC,2021-12-31,MATURITY,2039-06-24,69.277,0.0,69.277
11539,SUSC,2021-12-31,MATURITY,2039-06-29,120.762,0.0,120.762
11540,SUSC,2021-12-31,MATURITY,2039-06-30,260.15,0.0,260.15
11541,SUSC,2021-12-31,MATURITY,2039-07-01,1185.697,0.0,1185.697
11542,SUSC,2021-12-31,MATURITY,2039-07-05,425.388,0.0,425.388
11543,SUSC,2021-12-31,MATURITY,2039-07-06,285.452,0.0,285.452
11544,SUSC,2021-12-31,MATURITY,2039-07-08,528.366,3072.289,3600.655
11545,SUSC,2021-12-31,MATURITY,2039-07-11,872.989,0.0,872.989
11546,SUSC,2021-12-31,MATURITY,2039-07-12,128.224,0.0,128.224
11547,SUSC,2021-12-31,MATURITY,2039-07-13,675.203,0.0,675.203
11548,SUSC,2021-12-31,MATURITY,2039-07-14,378.844,0.0,378.844
11549,SUSC,2021-12-31,MATURITY,2039-07-15,8584.334,13042.169,21626.502
11550,SUSC,2021-12-31,MATURITY,2039-07-18,601.566,0.0,601.566
11551,SUSC,2021-12-31,MATURITY,2039-07-19,138.403,7379.518,7517.921
11552,SUSC,2021-12-31,MATURITY,2039-07-20,862.668,0.0,862.668
11553,SUSC,2021-12-31,MATURITY,2039-07-21,436.551,0.0,436.551
11554,SUSC,2021-12-31,MATURITY,2039-07-22,398.626,0.0,398.626
11555,SUSC,2021-12-31,MATURITY,2039-07-25,2646.697,7861.446,10508.143
11556,SUSC,2021-12-31,MATURITY,2039-07-26,39.006,0.0,39.006
11557,SUSC,2021-12-31,MATURITY,2039-07-27,492.169,0.0,492.169
11558,SUSC,2021-12-31,MATURITY,2039-07-28,206.871,0.0,206.871
11559,SUSC,2021-12-31,MATURITY,2039-07-29,489.902,0.0,489.902
11560,SUSC,2021-12-31,MATURITY,2039-08-01,7670.434,0.0,7670.434
11561,SUSC,2021-12-31,MATURITY,2039-08-02,132.53,0.0,132.53
11562,SUSC,2021-12-31,MATURITY,2039-08-03,242.417,0.0,242.417
11563,SUSC,2021-12-31,MATURITY,2039-08-04,387.214,0.0,387.214
11564,SUSC,2021-12-31,MATURITY,2039-08-05,352.688,0.0,352.688
11565,SUSC,2021-12-31,MATURITY,2039-08-08,1373.651,0.0,1373.651
11566,SUSC,2021-12-31,MATURITY,2039-08-09,330.06,0.0,330.06
11567,SUSC,2021-12-31,MATURITY,2039-08-10,269.488,0.0,269.488
11568,SUSC,2021-12-31,MATURITY,2039-08-11,182.304,0.0,182.304
11569,SUSC,2021-12-31,MATURITY,2039-08-12,447.729,0.0,447.729
11570,SUSC,2021-12-31,MATURITY,2039-08-15,7797.055,5903.614,13700.67
11571,SUSC,2021-12-31,MATURITY,2039-08-16,270.004,5090.361,5360.365
11572,SUSC,2021-12-31,MATURITY,2039-08-17,399.285,0.0,399.285
11573,SUSC,2021-12-31,MATURITY,2039-08-18,232.53,0.0,232.53
11574,SUSC,2021-12-31,MATURITY,2039-08-19,300.365,0.0,300.365
11575,SUSC,2021-12-31,MATURITY,2039-08-22,1980.038,0.0,1980.038
11576,SUSC,2021-12-31,MATURITY,2039-08-23,455.196,0.0,455.196
11577,SUSC,2021-12-31,MATURITY,2039-08-24,152.259,0.0,152.259
11578,SUSC,2021-12-31,MATURITY,2039-08-25,214.202,0.0,214.202
11579,SUSC,2021-12-31,MATURITY,2039-08-26,313.588,0.0,313.588
11580,SUSC,2021-12-31,MATURITY,2039-08-29,198.75,0.0,198.75
11581,SUSC,2021-12-31,MATURITY,2039-09-01,9975.778,2801.205,12776.983
11582,SUSC,2021-12-31,MATURITY,2039-09-02,98.788,0.0,98.788
11583,SUSC,2021-12-31,MATURITY,2039-09-06,801.198,0.0,801.198
11584,SUSC,2021-12-31,MATURITY,2039-09-07,229.816,0.0,229.816
11585,SUSC,2021-12-31,MATURITY,2039-09-08,269.286,0.0,269.286
11586,SUSC,2021-12-31,MATURITY,2039-09-09,328.08,0.0,328.08
11587,SUSC,2021-12-31,MATURITY,2039-09-12,384.955,0.0,384.955
11588,SUSC,2021-12-31,MATURITY,2039-09-13,617.672,0.0,617.672
11589,SUSC,2021-12-31,MATURITY,2039-09-14,402.41,0.0,402.41
11590,SUSC,2021-12-31,MATURITY,2039-09-15,14587.186,8072.289,22659.475
11591,SUSC,2021-12-31,MATURITY,2039-09-16,30.648,0.0,30.648
11592,SUSC,2021-12-31,MATURITY,2039-09-19,1945.755,0.0,1945.755
11593,SUSC,2021-12-31,MATURITY,2039-09-20,892.862,0.0,892.862
11594,SUSC,2021-12-31,MATURITY,2039-09-21,226.657,0.0,226.657
11595,SUSC,2021-12-31,MATURITY,2039-09-22,837.538,0.0,837.538
11596,SUSC,2021-12-31,MATURITY,2039-09-23,307.549,0.0,307.549
11597,SUSC,2021-12-31,MATURITY,2039-09-26,2757.6,0.0,2757.6
11598,SUSC,2021-12-31,MATURITY,2039-09-27,267.913,0.0,267.913
11599,SUSC,2021-12-31,MATURITY,2039-09-28,109.834,0.0,109.834
11600,SUSC,2021-12-31,MATURITY,2039-09-29,9.413,0.0,9.413
11601,SUSC,2021-12-31,MATURITY,2039-09-30,1057.666,0.0,1057.666
11602,SUSC,2021-12-31,MATURITY,2039-10-03,10613.156,13283.133,23896.288
11603,SUSC,2021-12-31,MATURITY,2039-10-05,319.587,0.0,319.587
11604,SUSC,2021-12-31,MATURITY,2039-10-06,279.912,0.0,279.912
11605,SUSC,2021-12-31,MATURITY,2039-10-11,53.84,0.0,53.84
11606,SUSC,2021-12-31,MATURITY,2039-10-14,422.214,0.0,422.214
11607,SUSC,2021-12-31,MATURITY,2039-10-17,9221.582,11445.783,20667.365
11608,SUSC,2021-12-31,MATURITY,2039-10-20,139.307,0.0,139.307
11609,SUSC,2021-12-31,MATURITY,2039-10-21,314.458,0.0,314.458
11610,SUSC,2021-12-31,MATURITY,2039-10-24,1265.173,0.0,1265.173
11611,SUSC,2021-12-31,MATURITY,2039-10-25,65.956,0.0,65.956
11612,SUSC,2021-12-31,MATURITY,2039-10-26,213.14,0.0,213.14
11613,SUSC,2021-12-31,MATURITY,2039-10-27,246.85,0.0,246.85
11614,SUSC,2021-12-31,MATURITY,2039-10-28,73.908,0.0,73.908
11615,SUSC,2021-12-31,MATURITY,2039-10-31,453.612,0.0,453.612
11616,SUSC,2021-12-31,MATURITY,2039-11-01,6776.562,5331.325,12107.887
11617,SUSC,2021-12-31,MATURITY,2039-11-02,398.599,0.0,398.599
11618,SUSC,2021-12-31,MATURITY,2039-11-03,338.524,0.0,338.524
11619,SUSC,2021-12-31,MATURITY,2039-11-04,380.512,0.0,380.512
11620,SUSC,2021-12-31,MATURITY,2039-11-07,751.152,0.0,751.152
11621,SUSC,2021-12-31,MATURITY,2039-11-08,6.589,0.0,6.589
11622,SUSC,2021-12-31,MATURITY,2039-11-09,79.292,0.0,79.292
11623,SUSC,2021-12-31,MATURITY,2039-11-10,164.334,0.0,164.334
11624,SUSC,2021-12-31,MATURITY,2039-11-14,2252.903,0.0,2252.903
11625,SUSC,2021-12-31,MATURITY,2039-11-15,12126.016,9608.434,21734.45
11626,SUSC,2021-12-31,MATURITY,2039-11-16,703.411,0.0,703.411
11627,SUSC,2021-12-31,MATURITY,2039-11-18,223.26,0.0,223.26
11628,SUSC,2021-12-31,MATURITY,2039-11-21,1641.789,12349.398,13991.186
11629,SUSC,2021-12-31,MATURITY,2039-11-22,80.663,0.0,80.663
11630,SUSC,2021-12-31,MATURITY,2039-11-23,129.337,0.0,129.337
11631,SUSC,2021-12-31,MATURITY,2039-11-25,333.173,0.0,333.173
11632,SUSC,2021-12-31,MATURITY,2039-11-28,232.003,0.0,232.003
11633,SUSC,2021-12-31,MATURITY,2039-11-29,234.525,0.0,234.525
11634,SUSC,2021-12-31,MATURITY,2039-11-30,1481.86,3795.181,5277.041
11635,SUSC,2021-12-31,MATURITY,2039-12-01,8793.473,7289.157,16082.63
11636,SUSC,2021-12-31,MATURITY,2039-12-02,112.093,0.0,112.093
11637,SUSC,2021-12-31,MATURITY,2039-12-05,1090.619,0.0,1090.619
11638,SUSC,2021-12-31,MATURITY,2039-12-06,616.945,0.0,616.945
11639,SUSC,2021-12-31,MATURITY,2039-12-07,283.622,0.0,283.622
11640,SUSC,2021-12-31,MATURITY,2039-12-08,136.651,0.0,136.651
11641,SUSC,2021-12-31,MATURITY,2039-12-09,304.819,0.0,304.819
11642,SUSC,2021-12-31,MATURITY,2039-12-12,231.476,0.0,231.476
11643,SUSC,2021-12-31,MATURITY,2039-12-14,376.476,0.0,376.476
11644,SUSC,2021-12-31,MATURITY,2039-12-15,8981.396,0.0,8981.396
11645,SUSC,2021-12-31,MATURITY,2039-12-19,271.942,0.0,271.942
11646,SUSC,2021-12-31,MATURITY,2039-12-20,101.807,0.0,101.807
11647,SUSC,2021-12-31,MATURITY,2039-12-21,126.28,0.0,126.28
11648,SUSC,2021-12-31,MATURITY,2039-12-22,159.804,0.0,159.804
11649,SUSC,2021-12-31,MATURITY,2039-12-23,158.923,0.0,158.923
11650,SUSC,2021-12-31,MATURITY,2039-12-27,69.277,0.0,69.277
11651,SUSC,2021-12-31,MATURITY,2039-12-29,120.762,0.0,120.762
11652,SUSC,2021-12-31,MATURITY,2039-12-30,260.15,0.0,260.15
11653,SUSC,2021-12-31,MATURITY,2040-01-03,1611.084,0.0,1611.084
11654,SUSC,2021-12-31,MATURITY,2040-01-06,285.452,0.0,285.452
11655,SUSC,2021-12-31,MATURITY,2040-01-09,704.469,0.0,704.469
11656,SUSC,2021-12-31,MATURITY,2040-01-10,602.797,0.0,602.797
11657,SUSC,2021-12-31,MATURITY,2040-01-12,128.224,0.0,128.224
11658,SUSC,2021-12-31,MATURITY,2040-01-13,675.203,0.0,675.203
11659,SUSC,2021-12-31,MATURITY,2040-01-17,9034.906,35512.048,44546.954
11660,SUSC,2021-12-31,MATURITY,2040-01-20,862.668,0.0,862.668
11661,SUSC,2021-12-31,MATURITY,2040-01-23,2348.617,0.0,2348.617
11662,SUSC,2021-12-31,MATURITY,2040-01-24,695.268,0.0,695.268
11663,SUSC,2021-12-31,MATURITY,2040-01-25,264.211,0.0,264.211
11664,SUSC,2021-12-31,MATURITY,2040-01-26,39.006,0.0,39.006
11665,SUSC,2021-12-31,MATURITY,2040-01-27,492.169,0.0,492.169
11666,SUSC,2021-12-31,MATURITY,2040-01-30,1222.707,0.0,1222.707
11667,SUSC,2021-12-31,MATURITY,2040-01-31,239.232,0.0,239.232
11668,SUSC,2021-12-31,MATURITY,2040-02-01,6905.268,2439.759,9345.027
11669,SUSC,2021-12-31,MATURITY,2040-02-02,132.53,0.0,132.53
11670,SUSC,2021-12-31,MATURITY,2040-02-03,242.417,0.0,242.417
11671,SUSC,2021-12-31,MATURITY,2040-02-06,1101.143,0.0,1101.143
11672,SUSC,2021-12-31,MATURITY,2040-02-07,513.63,0.0,513.63
11673,SUSC,2021-12-31,MATURITY,2040-02-08,498.78,0.0,498.78
11674,SUSC,2021-12-31,MATURITY,2040-02-09,330.06,0.0,330.06
11675,SUSC,2021-12-31,MATURITY,2040-02-10,269.488,0.0,269.488
11676,SUSC,2021-12-31,MATURITY,2040-02-13,761.773,0.0,761.773
11677,SUSC,2021-12-31,MATURITY,2040-02-14,175.836,0.0,175.836
11678,SUSC,2021-12-31,MATURITY,2040-02-15,7385.286,0.0,7385.286
11679,SUSC,2021-12-31,MATURITY,2040-02-16,193.775,0.0,193.775
11680,SUSC,2021-12-31,MATURITY,2040-02-17,399.285,0.0,399.285
11681,SUSC,2021-12-31,MATURITY,2040-02-21,1828.549,4819.277,6647.826
11682,SUSC,2021-12-31,MATURITY,2040-02-22,684.384,0.0,684.384
11683,SUSC,2021-12-31,MATURITY,2040-02-23,455.196,0.0,455.196
11684,SUSC,2021-12-31,MATURITY,2040-02-24,152.259,0.0,152.259
11685,SUSC,2021-12-31,MATURITY,2040-02-27,527.79,0.0,527.79
11686,SUSC,2021-12-31,MATURITY,2040-02-28,198.75,0.0,198.75
11687,SUSC,2021-12-31,MATURITY,2040-03-01,9884.739,7379.518,17264.257
11688,SUSC,2021-12-31,MATURITY,2040-03-02,98.788,0.0,98.788
11689,SUSC,2021-12-31,MATURITY,2040-03-05,664.819,0.0,664.819
11690,SUSC,2021-12-31,MATURITY,2040-03-06,136.379,0.0,136.379
11691,SUSC,2021-12-31,MATURITY,2040-03-07,229.816,0.0,229.816
11692,SUSC,2021-12-31,MATURITY,2040-03-08,269.286,0.0,269.286
11693,SUSC,2021-12-31,MATURITY,2040-03-09,328.08,0.0,328.08
11694,SUSC,2021-12-31,MATURITY,2040-03-12,384.955,1265.06,1650.015
11695,SUSC,2021-12-31,MATURITY,2040-03-13,617.672,0.0,617.672
11696,SUSC,2021-12-31,MATURITY,2040-03-14,402.41,0.0,402.41
11697,SUSC,2021-12-31,MATURITY,2040-03-15,14302.258,16234.94,30537.197
11698,SUSC,2021-12-31,MATURITY,2040-03-16,30.648,0.0,30.648
11699,SUSC,2021-12-31,MATURITY,2040-03-19,1945.755,5120.482,7066.237
11700,SUSC,2021-12-31,MATURITY,2040-03-20,892.862,0.0,892.862
11701,SUSC,2021-12-31,MATURITY,2040-03-21,226.657,0.0,226.657
11702,SUSC,2021-12-31,MATURITY,2040-03-22,837.538,0.0,837.538
11703,SUSC,2021-12-31,MATURITY,2040-03-23,307.549,4728.916,5036.465
11704,SUSC,2021-12-31,MATURITY,2040-03-26,2757.6,4698.795,7456.396
11705,SUSC,2021-12-31,MATURITY,2040-03-27,267.913,7018.072,7285.985
11706,SUSC,2021-12-31,MATURITY,2040-03-28,109.834,0.0,109.834
11707,SUSC,2021-12-31,MATURITY,2040-03-29,9.413,0.0,9.413
11708,SUSC,2021-12-31,MATURITY,2040-03-30,575.851,0.0,575.851
11709,SUSC,2021-12-31,MATURITY,2040-04-02,10414.492,39518.072,49932.565
11710,SUSC,2021-12-31,MATURITY,2040-04-03,257.474,0.0,257.474
11711,SUSC,2021-12-31,MATURITY,2040-04-05,319.587,8072.289,8391.876
11712,SUSC,2021-12-31,MATURITY,2040-04-06,279.912,0.0,279.912
11713,SUSC,2021-12-31,MATURITY,2040-04-09,53.84,0.0,53.84
11714,SUSC,2021-12-31,MATURITY,2040-04-16,9131.631,34668.675,43800.306
11715,SUSC,2021-12-31,MATURITY,2040-04-17,164.556,0.0,164.556
11716,SUSC,2021-12-31,MATURITY,2040-04-20,139.307,0.0,139.307
11717,SUSC,2021-12-31,MATURITY,2040-04-23,1363.991,6777.108,8141.099
11718,SUSC,2021-12-31,MATURITY,2040-04-24,215.64,0.0,215.64
11719,SUSC,2021-12-31,MATURITY,2040-04-25,65.956,0.0,65.956
11720,SUSC,2021-12-31,MATURITY,2040-04-26,213.14,0.0,213.14
11721,SUSC,2021-12-31,MATURITY,2040-04-27,246.85,0.0,246.85
11722,SUSC,2021-12-31,MATURITY,2040-04-30,527.52,1596.386,2123.906
11723,SUSC,2021-12-31,MATURITY,2040-05-01,6667.579,1536.145,8203.723
11724,SUSC,2021-12-31,MATURITY,2040-05-02,398.599,0.0,398.599
11725,SUSC,2021-12-31,MATURITY,2040-05-03,338.524,0.0,338.524
11726,SUSC,2021-12-31,MATURITY,2040-05-04,380.512,0.0,380.512
11727,SUSC,2021-12-31,MATURITY,2040-05-07,751.152,0.0,751.152
11728,SUSC,2021-12-31,MATURITY,2040-05-08,6.589,0.0,6.589
11729,SUSC,2021-12-31,MATURITY,2040-05-09,79.292,0.0,79.292
11730,SUSC,2021-12-31,MATURITY,2040-05-10,164.334,0.0,164.334
11731,SUSC,2021-12-31,MATURITY,2040-05-11,586.302,0.0,586.302
11732,SUSC,2021-12-31,MATURITY,2040-05-14,1666.6,0.0,1666.6
11733,SUSC,2021-12-31,MATURITY,2040-05-15,11874.232,0.0,11874.232
11734,SUSC,2021-12-31,MATURITY,2040-05-16,703.411,0.0,703.411
11735,SUSC,2021-12-31,MATURITY,2040-05-18,223.26,0.0,223.26
11736,SUSC,2021-12-31,MATURITY,2040-05-21,1391.713,0.0,1391.713
11737,SUSC,2021-12-31,MATURITY,2040-05-22,80.663,0.0,80.663
11738,SUSC,2021-12-31,MATURITY,2040-05-23,129.337,0.0,129.337
11739,SUSC,2021-12-31,MATURITY,2040-05-24,264.872,0.0,264.872
11740,SUSC,2021-12-31,MATURITY,2040-05-25,68.301,0.0,68.301
11741,SUSC,2021-12-31,MATURITY,2040-05-29,466.528,4006.024,4472.552
11742,SUSC,2021-12-31,MATURITY,2040-05-30,1295.354,0.0,1295.354
11743,SUSC,2021-12-31,MATURITY,2040-05-31,80.241,0.0,80.241
11744,SUSC,2021-12-31,MATURITY,2040-06-01,8593.021,16807.229,25400.25
11745,SUSC,2021-12-31,MATURITY,2040-06-04,805.099,0.0,805.099
11746,SUSC,2021-12-31,MATURITY,2040-06-05,397.613,0.0,397.613
11747,SUSC,2021-12-31,MATURITY,2040-06-06,616.945,0.0,616.945
11748,SUSC,2021-12-31,MATURITY,2040-06-07,283.622,0.0,283.622
11749,SUSC,2021-12-31,MATURITY,2040-06-08,136.651,0.0,136.651
11750,SUSC,2021-12-31,MATURITY,2040-06-11,536.295,0.0,536.295
11751,SUSC,2021-12-31,MATURITY,2040-06-14,376.476,0.0,376.476
11752,SUSC,2021-12-31,MATURITY,2040-06-15,8981.396,9277.108,18258.505
11753,SUSC,2021-12-31,MATURITY,2040-06-18,108.66,0.0,108.66
11754,SUSC,2021-12-31,MATURITY,2040-06-19,163.282,0.0,163.282
11755,SUSC,2021-12-31,MATURITY,2040-06-20,101.807,0.0,101.807
11756,SUSC,2021-12-31,MATURITY,2040-06-21,126.28,3493.976,3620.256
11757,SUSC,2021-12-31,MATURITY,2040-06-22,159.804,0.0,159.804
11758,SUSC,2021-12-31,MATURITY,2040-06-25,228.2,0.0,228.2
11759,SUSC,2021-12-31,MATURITY,2040-06-29,120.762,0.0,120.762
11760,SUSC,2021-12-31,MATURITY,2040-07-02,1871.234,0.0,1871.234
11761,SUSC,2021-12-31,MATURITY,2040-07-06,285.452,0.0,285.452
11762,SUSC,2021-12-31,MATURITY,2040-07-09,953.885,0.0,953.885
11763,SUSC,2021-12-31,MATURITY,2040-07-10,353.381,0.0,353.381
11764,SUSC,2021-12-31,MATURITY,2040-07-12,128.224,0.0,128.224
11765,SUSC,2021-12-31,MATURITY,2040-07-13,675.203,0.0,675.203
11766,SUSC,2021-12-31,MATURITY,2040-07-16,7749.303,23162.651,30911.954
11767,SUSC,2021-12-31,MATURITY,2040-07-17,239.029,0.0,239.029
11768,SUSC,2021-12-31,MATURITY,2040-07-20,862.668,0.0,862.668
11769,SUSC,2021-12-31,MATURITY,2040-07-23,2348.617,0.0,2348.617
11770,SUSC,2021-12-31,MATURITY,2040-07-24,695.268,0.0,695.268
11771,SUSC,2021-12-31,MATURITY,2040-07-25,264.211,0.0,264.211
11772,SUSC,2021-12-31,MATURITY,2040-07-26,39.006,0.0,39.006
11773,SUSC,2021-12-31,MATURITY,2040-07-27,492.169,0.0,492.169
11774,SUSC,2021-12-31,MATURITY,2040-07-30,1222.707,0.0,1222.707
11775,SUSC,2021-12-31,MATURITY,2040-07-31,239.232,0.0,239.232
11776,SUSC,2021-12-31,MATURITY,2040-08-01,6822.927,0.0,6822.927
11777,SUSC,2021-12-31,MATURITY,2040-08-02,132.53,0.0,132.53
11778,SUSC,2021-12-31,MATURITY,2040-08-03,242.417,0.0,242.417
11779,SUSC,2021-12-31,MATURITY,2040-08-06,1101.143,0.0,1101.143
11780,SUSC,2021-12-31,MATURITY,2040-08-07,513.63,0.0,513.63
11781,SUSC,2021-12-31,MATURITY,2040-08-08,498.78,0.0,498.78
11782,SUSC,2021-12-31,MATURITY,2040-08-09,330.06,0.0,330.06
11783,SUSC,2021-12-31,MATURITY,2040-08-10,269.488,0.0,269.488
11784,SUSC,2021-12-31,MATURITY,2040-08-13,761.773,0.0,761.773
11785,SUSC,2021-12-31,MATURITY,2040-08-14,175.836,0.0,175.836
11786,SUSC,2021-12-31,MATURITY,2040-08-15,7385.286,9006.024,16391.31
11787,SUSC,2021-12-31,MATURITY,2040-08-16,193.775,0.0,193.775
11788,SUSC,2021-12-31,MATURITY,2040-08-17,399.285,0.0,399.285
11789,SUSC,2021-12-31,MATURITY,2040-08-20,860.651,0.0,860.651
11790,SUSC,2021-12-31,MATURITY,2040-08-21,891.994,0.0,891.994
11791,SUSC,2021-12-31,MATURITY,2040-08-22,684.384,0.0,684.384
11792,SUSC,2021-12-31,MATURITY,2040-08-23,455.196,0.0,455.196
11793,SUSC,2021-12-31,MATURITY,2040-08-24,152.259,0.0,152.259
11794,SUSC,2021-12-31,MATURITY,2040-08-27,527.79,0.0,527.79
11795,SUSC,2021-12-31,MATURITY,2040-08-28,198.75,0.0,198.75
11796,SUSC,2021-12-31,MATURITY,2040-09-04,10416.041,25030.12,35446.162
11797,SUSC,2021-12-31,MATURITY,2040-09-05,22.59,0.0,22.59
11798,SUSC,2021-12-31,MATURITY,2040-09-06,136.379,0.0,136.379
11799,SUSC,2021-12-31,MATURITY,2040-09-07,229.816,0.0,229.816
11800,SUSC,2021-12-31,MATURITY,2040-09-10,694.278,0.0,694.278
11801,SUSC,2021-12-31,MATURITY,2040-09-11,61.755,0.0,61.755
11802,SUSC,2021-12-31,MATURITY,2040-09-12,207.312,0.0,207.312
11803,SUSC,2021-12-31,MATURITY,2040-09-13,617.672,0.0,617.672
11804,SUSC,2021-12-31,MATURITY,2040-09-14,402.41,0.0,402.41
11805,SUSC,2021-12-31,MATURITY,2040-09-17,15020.905,26506.024,41526.929
11806,SUSC,2021-12-31,MATURITY,2040-09-18,265.934,0.0,265.934
11807,SUSC,2021-12-31,MATURITY,2040-09-19,437.32,0.0,437.32
11808,SUSC,2021-12-31,MATURITY,2040-09-20,892.862,0.0,892.862
11809,SUSC,2021-12-31,MATURITY,2040-09-21,226.657,0.0,226.657
11810,SUSC,2021-12-31,MATURITY,2040-09-24,1258.754,0.0,1258.754
11811,SUSC,2021-12-31,MATURITY,2040-09-25,1955.798,0.0,1955.798
11812,SUSC,2021-12-31,MATURITY,2040-09-26,452.494,0.0,452.494
11813,SUSC,2021-12-31,MATURITY,2040-09-27,153.869,0.0,153.869
11814,SUSC,2021-12-31,MATURITY,2040-09-28,109.834,0.0,109.834
11815,SUSC,2021-12-31,MATURITY,2040-10-01,9870.919,9821.687,19692.606
11816,SUSC,2021-12-31,MATURITY,2040-10-02,269.202,0.0,269.202
11817,SUSC,2021-12-31,MATURITY,2040-10-03,257.474,0.0,257.474
11818,SUSC,2021-12-31,MATURITY,2040-10-05,183.286,0.0,183.286
11819,SUSC,2021-12-31,MATURITY,2040-10-09,333.753,0.0,333.753
11820,SUSC,2021-12-31,MATURITY,2040-10-15,8098.612,13704.819,21803.432
11821,SUSC,2021-12-31,MATURITY,2040-10-16,194.814,0.0,194.814
11822,SUSC,2021-12-31,MATURITY,2040-10-17,164.556,0.0,164.556
11823,SUSC,2021-12-31,MATURITY,2040-10-22,901.905,0.0,901.905
11824,SUSC,2021-12-31,MATURITY,2040-10-23,536.124,0.0,536.124
11825,SUSC,2021-12-31,MATURITY,2040-10-24,215.64,0.0,215.64
11826,SUSC,2021-12-31,MATURITY,2040-10-25,65.956,0.0,65.956
11827,SUSC,2021-12-31,MATURITY,2040-10-26,213.14,0.0,213.14
11828,SUSC,2021-12-31,MATURITY,2040-10-29,320.758,0.0,320.758
11829,SUSC,2021-12-31,MATURITY,2040-10-30,403.965,0.0,403.965
11830,SUSC,2021-12-31,MATURITY,2040-11-01,6623.414,5120.482,11743.896
11831,SUSC,2021-12-31,MATURITY,2040-11-02,398.599,11325.301,11723.901
11832,SUSC,2021-12-31,MATURITY,2040-11-05,719.036,0.0,719.036
11833,SUSC,2021-12-31,MATURITY,2040-11-06,633.532,0.0,633.532
11834,SUSC,2021-12-31,MATURITY,2040-11-07,117.62,0.0,117.62
11835,SUSC,2021-12-31,MATURITY,2040-11-08,6.589,0.0,6.589
11836,SUSC,2021-12-31,MATURITY,2040-11-09,79.292,0.0,79.292
11837,SUSC,2021-12-31,MATURITY,2040-11-13,1520.12,0.0,1520.12
11838,SUSC,2021-12-31,MATURITY,2040-11-14,897.116,0.0,897.116
11839,SUSC,2021-12-31,MATURITY,2040-11-15,11874.232,8343.373,20217.605
11840,SUSC,2021-12-31,MATURITY,2040-11-16,703.411,0.0,703.411
11841,SUSC,2021-12-31,MATURITY,2040-11-19,402.891,0.0,402.891
11842,SUSC,2021-12-31,MATURITY,2040-11-20,552.218,0.0,552.218
11843,SUSC,2021-12-31,MATURITY,2040-11-21,659.865,0.0,659.865
11844,SUSC,2021-12-31,MATURITY,2040-11-23,210.0,0.0,210.0
11845,SUSC,2021-12-31,MATURITY,2040-11-26,419.077,0.0,419.077
11846,SUSC,2021-12-31,MATURITY,2040-11-27,39.94,0.0,39.94
11847,SUSC,2021-12-31,MATURITY,2040-11-29,234.525,0.0,234.525
11848,SUSC,2021-12-31,MATURITY,2040-11-30,1375.595,0.0,1375.595
11849,SUSC,2021-12-31,MATURITY,2040-12-03,8920.393,1265.06,10185.453
11850,SUSC,2021-12-31,MATURITY,2040-12-04,158.744,0.0,158.744
11851,SUSC,2021-12-31,MATURITY,2040-12-05,397.613,0.0,397.613
11852,SUSC,2021-12-31,MATURITY,2040-12-06,616.945,0.0,616.945
11853,SUSC,2021-12-31,MATURITY,2040-12-07,283.622,0.0,283.622
11854,SUSC,2021-12-31,MATURITY,2040-12-10,672.946,0.0,672.946
11855,SUSC,2021-12-31,MATURITY,2040-12-14,376.476,0.0,376.476
11856,SUSC,2021-12-31,MATURITY,2040-12-17,8806.201,1656.627,10462.827
11857,SUSC,2021-12-31,MATURITY,2040-12-19,154.245,0.0,154.245
11858,SUSC,2021-12-31,MATURITY,2040-12-20,101.807,0.0,101.807
11859,SUSC,2021-12-31,MATURITY,2040-12-21,10.542,0.0,10.542
11860,SUSC,2021-12-31,MATURITY,2040-12-24,388.005,0.0,388.005
11861,SUSC,2021-12-31,MATURITY,2040-12-31,380.912,0.0,380.912
11862,SUSC,2021-12-31,MATURITY,2041-01-02,1611.084,0.0,1611.084
11863,SUSC,2021-12-31,MATURITY,2041-01-07,285.452,0.0,285.452
11864,SUSC,2021-12-31,MATURITY,2041-01-08,434.277,0.0,434.277
11865,SUSC,2021-12-31,MATURITY,2041-01-09,519.608,0.0,519.608
11866,SUSC,2021-12-31,MATURITY,2041-01-10,353.381,0.0,353.381
11867,SUSC,2021-12-31,MATURITY,2041-01-14,1182.271,0.0,1182.271
11868,SUSC,2021-12-31,MATURITY,2041-01-15,6396.532,0.0,6396.532
11869,SUSC,2021-12-31,MATURITY,2041-01-16,362.538,0.0,362.538
11870,SUSC,2021-12-31,MATURITY,2041-01-17,239.029,0.0,239.029
11871,SUSC,2021-12-31,MATURITY,2041-01-22,1697.845,0.0,1697.845
11872,SUSC,2021-12-31,MATURITY,2041-01-23,1513.44,0.0,1513.44
11873,SUSC,2021-12-31,MATURITY,2041-01-24,695.268,0.0,695.268
11874,SUSC,2021-12-31,MATURITY,2041-01-25,264.211,0.0,264.211
11875,SUSC,2021-12-31,MATURITY,2041-01-28,738.046,0.0,738.046
11876,SUSC,2021-12-31,MATURITY,2041-01-29,398.291,0.0,398.291
11877,SUSC,2021-12-31,MATURITY,2041-01-30,617.545,0.0,617.545
11878,SUSC,2021-12-31,MATURITY,2041-01-31,239.232,0.0,239.232
11879,SUSC,2021-12-31,MATURITY,2041-02-01,6822.927,30451.807,37274.734
11880,SUSC,2021-12-31,MATURITY,2041-02-04,762.161,0.0,762.161
11881,SUSC,2021-12-31,MATURITY,2041-02-05,352.688,0.0,352.688
11882,SUSC,2021-12-31,MATURITY,2041-02-06,361.241,3313.253,3674.494
11883,SUSC,2021-12-31,MATURITY,2041-02-07,513.63,0.0,513.63
11884,SUSC,2021-12-31,MATURITY,2041-02-08,498.78,753.012,1251.792
11885,SUSC,2021-12-31,MATURITY,2041-02-11,781.852,0.0,781.852
11886,SUSC,2021-12-31,MATURITY,2041-02-12,447.729,0.0,447.729
11887,SUSC,2021-12-31,MATURITY,2041-02-13,131.739,0.0,131.739
11888,SUSC,2021-12-31,MATURITY,2041-02-14,175.836,0.0,175.836
11889,SUSC,2021-12-31,MATURITY,2041-02-15,7161.377,22981.928,30143.305
11890,SUSC,2021-12-31,MATURITY,2041-02-19,1125.955,0.0,1125.955
11891,SUSC,2021-12-31,MATURITY,2041-02-20,327.756,0.0,327.756
11892,SUSC,2021-12-31,MATURITY,2041-02-21,891.994,0.0,891.994
11893,SUSC,2021-12-31,MATURITY,2041-02-22,684.384,0.0,684.384
11894,SUSC,2021-12-31,MATURITY,2041-02-25,821.657,0.0,821.657
11895,SUSC,2021-12-31,MATURITY,2041-02-26,313.588,0.0,313.588
11896,SUSC,2021-12-31,MATURITY,2041-02-28,198.75,0.0,198.75
11897,SUSC,2021-12-31,MATURITY,2041-03-01,9023.233,21084.337,30107.57
11898,SUSC,2021-12-31,MATURITY,2041-03-04,741.017,0.0,741.017
11899,SUSC,2021-12-31,MATURITY,2041-03-05,22.59,0.0,22.59
11900,SUSC,2021-12-31,MATURITY,2041-03-06,136.379,0.0,136.379
11901,SUSC,2021-12-31,MATURITY,2041-03-07,229.816,0.0,229.816
11902,SUSC,2021-12-31,MATURITY,2041-03-08,269.286,0.0,269.286
11903,SUSC,2021-12-31,MATURITY,2041-03-11,486.747,0.0,486.747
11904,SUSC,2021-12-31,MATURITY,2041-03-12,207.312,0.0,207.312
11905,SUSC,2021-12-31,MATURITY,2041-03-13,617.672,0.0,617.672
11906,SUSC,2021-12-31,MATURITY,2041-03-14,402.41,0.0,402.41
11907,SUSC,2021-12-31,MATURITY,2041-03-15,13216.825,8554.217,21771.042
11908,SUSC,2021-12-31,MATURITY,2041-03-18,1430.861,0.0,1430.861
11909,SUSC,2021-12-31,MATURITY,2041-03-19,437.32,0.0,437.32
11910,SUSC,2021-12-31,MATURITY,2041-03-20,892.862,0.0,892.862
11911,SUSC,2021-12-31,MATURITY,2041-03-21,226.657,0.0,226.657
11912,SUSC,2021-12-31,MATURITY,2041-03-22,837.538,0.0,837.538
11913,SUSC,2021-12-31,MATURITY,2041-03-25,2377.015,0.0,2377.015
11914,SUSC,2021-12-31,MATURITY,2041-03-26,453.543,7981.928,8435.471
11915,SUSC,2021-12-31,MATURITY,2041-03-27,153.869,0.0,153.869
11916,SUSC,2021-12-31,MATURITY,2041-03-28,109.834,0.0,109.834
11917,SUSC,2021-12-31,MATURITY,2041-03-29,9.413,301.205,310.617
11918,SUSC,2021-12-31,MATURITY,2041-04-01,9584.894,6475.904,16060.797
11919,SUSC,2021-12-31,MATURITY,2041-04-02,269.202,0.0,269.202
11920,SUSC,2021-12-31,MATURITY,2041-04-03,257.474,0.0,257.474
11921,SUSC,2021-12-31,MATURITY,2041-04-05,183.286,0.0,183.286
11922,SUSC,2021-12-31,MATURITY,2041-04-08,279.912,0.0,279.912
11923,SUSC,2021-12-31,MATURITY,2041-04-09,53.84,0.0,53.84
11924,SUSC,2021-12-31,MATURITY,2041-04-15,7728.974,3102.41,10831.383
11925,SUSC,2021-12-31,MATURITY,2041-04-16,194.814,0.0,194.814
11926,SUSC,2021-12-31,MATURITY,2041-04-17,164.556,0.0,164.556
11927,SUSC,2021-12-31,MATURITY,2041-04-22,881.154,4728.916,5610.07
11928,SUSC,2021-12-31,MATURITY,2041-04-23,557.208,0.0,557.208
11929,SUSC,2021-12-31,MATURITY,2041-04-24,215.64,0.0,215.64
11930,SUSC,2021-12-31,MATURITY,2041-04-25,65.956,0.0,65.956
11931,SUSC,2021-12-31,MATURITY,2041-04-26,213.14,0.0,213.14
11932,SUSC,2021-12-31,MATURITY,2041-04-29,320.758,0.0,320.758
11933,SUSC,2021-12-31,MATURITY,2041-04-30,403.965,0.0,403.965
11934,SUSC,2021-12-31,MATURITY,2041-05-01,6486.442,0.0,6486.442
11935,SUSC,2021-12-31,MATURITY,2041-05-02,104.142,0.0,104.142
11936,SUSC,2021-12-31,MATURITY,2041-05-03,338.524,0.0,338.524
11937,SUSC,2021-12-31,MATURITY,2041-05-06,1014.044,0.0,1014.044
11938,SUSC,2021-12-31,MATURITY,2041-05-07,117.62,0.0,117.62
11939,SUSC,2021-12-31,MATURITY,2041-05-08,6.589,0.0,6.589
11940,SUSC,2021-12-31,MATURITY,2041-05-09,79.292,0.0,79.292
11941,SUSC,2021-12-31,MATURITY,2041-05-10,164.334,0.0,164.334
11942,SUSC,2021-12-31,MATURITY,2041-05-13,1355.787,0.0,1355.787
11943,SUSC,2021-12-31,MATURITY,2041-05-14,897.116,0.0,897.116
11944,SUSC,2021-12-31,MATURITY,2041-05-15,11625.041,1295.181,12920.222
11945,SUSC,2021-12-31,MATURITY,2041-05-16,703.411,0.0,703.411
11946,SUSC,2021-12-31,MATURITY,2041-05-20,955.108,0.0,955.108
11947,SUSC,2021-12-31,MATURITY,2041-05-21,659.865,0.0,659.865
11948,SUSC,2021-12-31,MATURITY,2041-05-22,80.663,0.0,80.663
11949,SUSC,2021-12-31,MATURITY,2041-05-23,129.337,0.0,129.337
11950,SUSC,2021-12-31,MATURITY,2041-05-24,264.872,9186.747,9451.619
11951,SUSC,2021-12-31,MATURITY,2041-05-28,194.145,1536.145,1730.289
11952,SUSC,2021-12-31,MATURITY,2041-05-29,234.525,0.0,234.525
11953,SUSC,2021-12-31,MATURITY,2041-05-30,1295.354,0.0,1295.354
11954,SUSC,2021-12-31,MATURITY,2041-05-31,80.241,0.0,80.241
11955,SUSC,2021-12-31,MATURITY,2041-06-03,8884.813,753.012,9637.825
11956,SUSC,2021-12-31,MATURITY,2041-06-04,158.744,0.0,158.744
11957,SUSC,2021-12-31,MATURITY,2041-06-05,397.613,0.0,397.613
11958,SUSC,2021-12-31,MATURITY,2041-06-06,616.945,0.0,616.945
11959,SUSC,2021-12-31,MATURITY,2041-06-07,283.622,0.0,283.622
11960,SUSC,2021-12-31,MATURITY,2041-06-10,672.946,0.0,672.946
11961,SUSC,2021-12-31,MATURITY,2041-06-14,376.476,0.0,376.476
11962,SUSC,2021-12-31,MATURITY,2041-06-17,8755.259,9939.759,18695.018
11963,SUSC,2021-12-31,MATURITY,2041-06-19,154.349,2771.084,2925.434
11964,SUSC,2021-12-31,MATURITY,2041-06-20,101.807,0.0,101.807
11965,SUSC,2021-12-31,MATURITY,2041-06-21,10.542,0.0,10.542
11966,SUSC,2021-12-31,MATURITY,2041-06-24,388.005,0.0,388.005
11967,SUSC,2021-12-31,MATURITY,2041-07-01,1566.608,4126.506,5693.114
11968,SUSC,2021-12-31,MATURITY,2041-07-02,425.388,0.0,425.388
11969,SUSC,2021-12-31,MATURITY,2041-07-08,719.729,0.0,719.729
11970,SUSC,2021-12-31,MATURITY,2041-07-09,519.608,0.0,519.608
11971,SUSC,2021-12-31,MATURITY,2041-07-10,353.381,0.0,353.381
11972,SUSC,2021-12-31,MATURITY,2041-07-12,128.224,0.0,128.224
11973,SUSC,2021-12-31,MATURITY,2041-07-15,7450.58,14608.434,22059.014
11974,SUSC,2021-12-31,MATURITY,2041-07-16,362.538,0.0,362.538
11975,SUSC,2021-12-31,MATURITY,2041-07-17,239.029,0.0,239.029
11976,SUSC,2021-12-31,MATURITY,2041-07-22,1697.845,0.0,1697.845
11977,SUSC,2021-12-31,MATURITY,2041-07-23,1513.44,0.0,1513.44
11978,SUSC,2021-12-31,MATURITY,2041-07-24,695.268,0.0,695.268
11979,SUSC,2021-12-31,MATURITY,2041-07-25,264.211,0.0,264.211
11980,SUSC,2021-12-31,MATURITY,2041-07-26,39.006,0.0,39.006
11981,SUSC,2021-12-31,MATURITY,2041-07-29,1097.331,0.0,1097.331
11982,SUSC,2021-12-31,MATURITY,2041-07-30,617.545,0.0,617.545
11983,SUSC,2021-12-31,MATURITY,2041-07-31,239.232,0.0,239.232
11984,SUSC,2021-12-31,MATURITY,2041-08-01,5854.692,0.0,5854.692
11985,SUSC,2021-12-31,MATURITY,2041-08-02,132.53,0.0,132.53
11986,SUSC,2021-12-31,MATURITY,2041-08-05,982.319,0.0,982.319
11987,SUSC,2021-12-31,MATURITY,2041-08-06,263.914,0.0,263.914
11988,SUSC,2021-12-31,MATURITY,2041-08-07,513.63,0.0,513.63
11989,SUSC,2021-12-31,MATURITY,2041-08-08,478.825,0.0,478.825
11990,SUSC,2021-12-31,MATURITY,2041-08-09,330.06,0.0,330.06
11991,SUSC,2021-12-31,MATURITY,2041-08-12,899.521,0.0,899.521
11992,SUSC,2021-12-31,MATURITY,2041-08-13,131.739,0.0,131.739
11993,SUSC,2021-12-31,MATURITY,2041-08-14,175.836,0.0,175.836
11994,SUSC,2021-12-31,MATURITY,2041-08-15,6696.4,3795.181,10491.581
11995,SUSC,2021-12-31,MATURITY,2041-08-16,193.775,3403.614,3597.39
11996,SUSC,2021-12-31,MATURITY,2041-08-19,932.18,0.0,932.18
11997,SUSC,2021-12-31,MATURITY,2041-08-20,327.756,0.0,327.756
11998,SUSC,2021-12-31,MATURITY,2041-08-21,891.994,0.0,891.994
11999,SUSC,2021-12-31,MATURITY,2041-08-22,684.384,0.0,684.384
12000,SUSC,2021-12-31,MATURITY,2041-08-23,455.196,0.0,455.196
12001,SUSC,2021-12-31,MATURITY,2041-08-26,527.79,0.0,527.79
12002,SUSC,2021-12-31,MATURITY,2041-08-27,152.259,0.0,152.259
12003,SUSC,2021-12-31,MATURITY,2041-08-28,198.75,0.0,198.75
12004,SUSC,2021-12-31,MATURITY,2041-09-03,8755.657,12831.325,21586.983
12005,SUSC,2021-12-31,MATURITY,2041-09-04,382.892,0.0,382.892
12006,SUSC,2021-12-31,MATURITY,2041-09-05,22.59,0.0,22.59
12007,SUSC,2021-12-31,MATURITY,2041-09-06,136.379,0.0,136.379
12008,SUSC,2021-12-31,MATURITY,2041-09-09,827.181,0.0,827.181
12009,SUSC,2021-12-31,MATURITY,2041-09-10,96.913,0.0,96.913
12010,SUSC,2021-12-31,MATURITY,2041-09-11,61.755,0.0,61.755
12011,SUSC,2021-12-31,MATURITY,2041-09-12,207.312,0.0,207.312
12012,SUSC,2021-12-31,MATURITY,2041-09-13,617.672,0.0,617.672
12013,SUSC,2021-12-31,MATURITY,2041-09-16,13381.395,17740.964,31122.359
12014,SUSC,2021-12-31,MATURITY,2041-09-17,1134.28,1506.024,2640.304
12015,SUSC,2021-12-31,MATURITY,2041-09-18,265.934,0.0,265.934
12016,SUSC,2021-12-31,MATURITY,2041-09-19,437.32,0.0,437.32
12017,SUSC,2021-12-31,MATURITY,2041-09-20,892.862,0.0,892.862
12018,SUSC,2021-12-31,MATURITY,2041-09-23,1262.387,0.0,1262.387
12019,SUSC,2021-12-31,MATURITY,2041-09-24,223.024,0.0,223.024
12020,SUSC,2021-12-31,MATURITY,2041-09-25,1955.798,0.0,1955.798
12021,SUSC,2021-12-31,MATURITY,2041-09-26,265.663,0.0,265.663
12022,SUSC,2021-12-31,MATURITY,2041-09-27,153.869,0.0,153.869
12023,SUSC,2021-12-31,MATURITY,2041-09-30,804.172,0.0,804.172
12024,SUSC,2021-12-31,MATURITY,2041-10-01,8697.898,23765.06,32462.959
12025,SUSC,2021-12-31,MATURITY,2041-10-02,269.202,0.0,269.202
12026,SUSC,2021-12-31,MATURITY,2041-10-03,257.474,0.0,257.474
12027,SUSC,2021-12-31,MATURITY,2041-10-07,463.199,0.0,463.199
12028,SUSC,2021-12-31,MATURITY,2041-10-09,53.84,0.0,53.84
12029,SUSC,2021-12-31,MATURITY,2041-10-15,7643.658,0.0,7643.658
12030,SUSC,2021-12-31,MATURITY,2041-10-16,194.814,0.0,194.814
12031,SUSC,2021-12-31,MATURITY,2041-10-17,164.556,0.0,164.556
12032,SUSC,2021-12-31,MATURITY,2041-10-21,453.765,1506.024,1959.789
12033,SUSC,2021-12-31,MATURITY,2041-10-22,388.083,0.0,388.083
12034,SUSC,2021-12-31,MATURITY,2041-10-23,536.124,0.0,536.124
12035,SUSC,2021-12-31,MATURITY,2041-10-24,215.64,0.0,215.64
12036,SUSC,2021-12-31,MATURITY,2041-10-25,65.956,0.0,65.956
12037,SUSC,2021-12-31,MATURITY,2041-10-28,533.898,0.0,533.898
12038,SUSC,2021-12-31,MATURITY,2041-10-30,403.965,0.0,403.965
12039,SUSC,2021-12-31,MATURITY,2041-11-01,6486.442,7710.843,14197.285
12040,SUSC,2021-12-31,MATURITY,2041-11-04,823.178,0.0,823.178
12041,SUSC,2021-12-31,MATURITY,2041-11-06,633.532,0.0,633.532
12042,SUSC,2021-12-31,MATURITY,2041-11-07,117.62,0.0,117.62
12043,SUSC,2021-12-31,MATURITY,2041-11-08,6.589,0.0,6.589
12044,SUSC,2021-12-31,MATURITY,2041-11-12,956.773,0.0,956.773
12045,SUSC,2021-12-31,MATURITY,2041-11-13,642.639,0.0,642.639
12046,SUSC,2021-12-31,MATURITY,2041-11-14,897.116,0.0,897.116
12047,SUSC,2021-12-31,MATURITY,2041-11-15,11591.073,28102.41,39693.482
12048,SUSC,2021-12-31,MATURITY,2041-11-18,926.671,1957.831,2884.502
12049,SUSC,2021-12-31,MATURITY,2041-11-19,179.631,0.0,179.631
12050,SUSC,2021-12-31,MATURITY,2041-11-20,552.218,0.0,552.218
12051,SUSC,2021-12-31,MATURITY,2041-11-21,659.865,0.0,659.865
12052,SUSC,2021-12-31,MATURITY,2041-11-22,80.663,0.0,80.663
12053,SUSC,2021-12-31,MATURITY,2041-11-25,221.358,0.0,221.358
12054,SUSC,2021-12-31,MATURITY,2041-11-26,85.904,0.0,85.904
12055,SUSC,2021-12-31,MATURITY,2041-11-29,234.525,0.0,234.525
12056,SUSC,2021-12-31,MATURITY,2041-12-02,9705.815,16867.47,26573.285
12057,SUSC,2021-12-31,MATURITY,2041-12-03,534.262,0.0,534.262
12058,SUSC,2021-12-31,MATURITY,2041-12-04,158.744,0.0,158.744
12059,SUSC,2021-12-31,MATURITY,2041-12-05,397.613,0.0,397.613
12060,SUSC,2021-12-31,MATURITY,2041-12-06,616.945,0.0,616.945
12061,SUSC,2021-12-31,MATURITY,2041-12-09,725.092,0.0,725.092
12062,SUSC,2021-12-31,MATURITY,2041-12-10,231.476,0.0,231.476
12063,SUSC,2021-12-31,MATURITY,2041-12-16,8735.922,1114.458,9850.38
12064,SUSC,2021-12-31,MATURITY,2041-12-17,108.66,0.0,108.66
12065,SUSC,2021-12-31,MATURITY,2041-12-19,126.205,0.0,126.205
12066,SUSC,2021-12-31,MATURITY,2041-12-20,101.807,0.0,101.807
12067,SUSC,2021-12-31,MATURITY,2041-12-23,329.27,0.0,329.27
12068,SUSC,2021-12-31,MATURITY,2041-12-24,69.277,0.0,69.277
12069,SUSC,2021-12-31,MATURITY,2041-12-30,319.303,0.0,319.303
12070,SUSC,2021-12-31,MATURITY,2042-01-02,1611.084,0.0,1611.084
12071,SUSC,2021-12-31,MATURITY,2042-01-06,285.452,10572.289,10857.741
12072,SUSC,2021-12-31,MATURITY,2042-01-08,434.277,0.0,434.277
12073,SUSC,2021-12-31,MATURITY,2042-01-09,519.608,0.0,519.608
12074,SUSC,2021-12-31,MATURITY,2042-01-10,353.381,0.0,353.381
12075,SUSC,2021-12-31,MATURITY,2042-01-13,803.427,10843.373,11646.801
12076,SUSC,2021-12-31,MATURITY,2042-01-14,378.844,12319.277,12698.121
12077,SUSC,2021-12-31,MATURITY,2042-01-15,5987.496,7198.795,13186.291
12078,SUSC,2021-12-31,MATURITY,2042-01-16,362.538,0.0,362.538
12079,SUSC,2021-12-31,MATURITY,2042-01-17,239.029,0.0,239.029
12080,SUSC,2021-12-31,MATURITY,2042-01-21,1299.219,0.0,1299.219
12081,SUSC,2021-12-31,MATURITY,2042-01-22,398.626,0.0,398.626
12082,SUSC,2021-12-31,MATURITY,2042-01-23,1513.44,0.0,1513.44
12083,SUSC,2021-12-31,MATURITY,2042-01-24,695.268,0.0,695.268
12084,SUSC,2021-12-31,MATURITY,2042-01-27,795.386,0.0,795.386
12085,SUSC,2021-12-31,MATURITY,2042-01-28,206.871,0.0,206.871
12086,SUSC,2021-12-31,MATURITY,2042-01-29,398.291,0.0,398.291
12087,SUSC,2021-12-31,MATURITY,2042-01-30,617.545,2710.843,3328.389
12088,SUSC,2021-12-31,MATURITY,2042-01-31,239.232,0.0,239.232
12089,SUSC,2021-12-31,MATURITY,2042-02-03,6229.64,2228.916,8458.555
12090,SUSC,2021-12-31,MATURITY,2042-02-04,387.214,0.0,387.214
12091,SUSC,2021-12-31,MATURITY,2042-02-05,352.688,0.0,352.688
12092,SUSC,2021-12-31,MATURITY,2042-02-06,263.914,0.0,263.914
12093,SUSC,2021-12-31,MATURITY,2042-02-07,513.63,14036.145,14549.774
12094,SUSC,2021-12-31,MATURITY,2042-02-10,1078.374,0.0,1078.374
12095,SUSC,2021-12-31,MATURITY,2042-02-11,182.304,0.0,182.304
12096,SUSC,2021-12-31,MATURITY,2042-02-12,447.729,0.0,447.729
12097,SUSC,2021-12-31,MATURITY,2042-02-13,131.739,0.0,131.739
12098,SUSC,2021-12-31,MATURITY,2042-02-14,175.836,0.0,175.836
12099,SUSC,2021-12-31,MATURITY,2042-02-18,7343.869,3975.904,11319.773
12100,SUSC,2021-12-31,MATURITY,2042-02-19,300.365,0.0,300.365
12101,SUSC,2021-12-31,MATURITY,2042-02-20,327.756,0.0,327.756
12102,SUSC,2021-12-31,MATURITY,2042-02-21,891.994,0.0,891.994
12103,SUSC,2021-12-31,MATURITY,2042-02-24,1291.839,0.0,1291.839
12104,SUSC,2021-12-31,MATURITY,2042-02-25,214.202,0.0,214.202
12105,SUSC,2021-12-31,MATURITY,2042-02-26,313.588,0.0,313.588
12106,SUSC,2021-12-31,MATURITY,2042-02-28,198.75,0.0,198.75
12107,SUSC,2021-12-31,MATURITY,2042-03-03,8489.091,1506.024,9995.115
12108,SUSC,2021-12-31,MATURITY,2042-03-04,382.892,0.0,382.892
12109,SUSC,2021-12-31,MATURITY,2042-03-05,22.59,0.0,22.59
12110,SUSC,2021-12-31,MATURITY,2042-03-06,136.379,0.0,136.379
12111,SUSC,2021-12-31,MATURITY,2042-03-07,229.816,0.0,229.816
12112,SUSC,2021-12-31,MATURITY,2042-03-10,694.278,0.0,694.278
12113,SUSC,2021-12-31,MATURITY,2042-03-11,61.755,0.0,61.755
12114,SUSC,2021-12-31,MATURITY,2042-03-12,207.312,0.0,207.312
12115,SUSC,2021-12-31,MATURITY,2042-03-13,617.672,0.0,617.672
12116,SUSC,2021-12-31,MATURITY,2042-03-14,402.41,0.0,402.41
12117,SUSC,2021-12-31,MATURITY,2042-03-17,13570.935,35963.855,49534.79
12118,SUSC,2021-12-31,MATURITY,2042-03-18,265.934,0.0,265.934
12119,SUSC,2021-12-31,MATURITY,2042-03-19,437.32,0.0,437.32
12120,SUSC,2021-12-31,MATURITY,2042-03-20,892.862,0.0,892.862
12121,SUSC,2021-12-31,MATURITY,2042-03-21,226.657,0.0,226.657
12122,SUSC,2021-12-31,MATURITY,2042-03-24,1258.754,2018.072,3276.826
12123,SUSC,2021-12-31,MATURITY,2042-03-25,1955.798,0.0,1955.798
12124,SUSC,2021-12-31,MATURITY,2042-03-26,265.663,2108.434,2374.096
12125,SUSC,2021-12-31,MATURITY,2042-03-27,153.869,0.0,153.869
12126,SUSC,2021-12-31,MATURITY,2042-03-28,109.834,0.0,109.834
12127,SUSC,2021-12-31,MATURITY,2042-03-31,694.337,0.0,694.337
12128,SUSC,2021-12-31,MATURITY,2042-04-01,8094.032,0.0,8094.032
12129,SUSC,2021-12-31,MATURITY,2042-04-02,269.202,0.0,269.202
12130,SUSC,2021-12-31,MATURITY,2042-04-03,257.474,0.0,257.474
12131,SUSC,2021-12-31,MATURITY,2042-04-07,267.99,0.0,267.99
12132,SUSC,2021-12-31,MATURITY,2042-04-08,195.209,0.0,195.209
12133,SUSC,2021-12-31,MATURITY,2042-04-09,53.84,0.0,53.84
12134,SUSC,2021-12-31,MATURITY,2042-04-14,422.214,0.0,422.214
12135,SUSC,2021-12-31,MATURITY,2042-04-15,7221.444,9789.157,17010.6
12136,SUSC,2021-12-31,MATURITY,2042-04-16,194.814,0.0,194.814
12137,SUSC,2021-12-31,MATURITY,2042-04-17,164.556,0.0,164.556
12138,SUSC,2021-12-31,MATURITY,2042-04-21,433.998,0.0,433.998
12139,SUSC,2021-12-31,MATURITY,2042-04-22,388.083,0.0,388.083
12140,SUSC,2021-12-31,MATURITY,2042-04-23,536.124,0.0,536.124
12141,SUSC,2021-12-31,MATURITY,2042-04-24,215.64,0.0,215.64
12142,SUSC,2021-12-31,MATURITY,2042-04-25,65.956,0.0,65.956
12143,SUSC,2021-12-31,MATURITY,2042-04-28,533.898,0.0,533.898
12144,SUSC,2021-12-31,MATURITY,2042-04-30,403.965,0.0,403.965
12145,SUSC,2021-12-31,MATURITY,2042-05-01,6303.309,20240.964,26544.273
12146,SUSC,2021-12-31,MATURITY,2042-05-02,104.142,0.0,104.142
12147,SUSC,2021-12-31,MATURITY,2042-05-05,708.277,0.0,708.277
12148,SUSC,2021-12-31,MATURITY,2042-05-06,633.532,0.0,633.532
12149,SUSC,2021-12-31,MATURITY,2042-05-07,117.62,0.0,117.62
12150,SUSC,2021-12-31,MATURITY,2042-05-08,6.589,301.205,307.794
12151,SUSC,2021-12-31,MATURITY,2042-05-09,79.292,0.0,79.292
12152,SUSC,2021-12-31,MATURITY,2042-05-12,877.481,10692.771,11570.252
12153,SUSC,2021-12-31,MATURITY,2042-05-13,642.639,0.0,642.639
12154,SUSC,2021-12-31,MATURITY,2042-05-14,897.116,0.0,897.116
12155,SUSC,2021-12-31,MATURITY,2042-05-15,10838.343,13945.783,24784.126
12156,SUSC,2021-12-31,MATURITY,2042-05-16,703.411,0.0,703.411
12157,SUSC,2021-12-31,MATURITY,2042-05-19,372.221,0.0,372.221
12158,SUSC,2021-12-31,MATURITY,2042-05-20,552.218,0.0,552.218
12159,SUSC,2021-12-31,MATURITY,2042-05-21,659.865,0.0,659.865
12160,SUSC,2021-12-31,MATURITY,2042-05-22,80.663,0.0,80.663
12161,SUSC,2021-12-31,MATURITY,2042-05-23,129.337,0.0,129.337
12162,SUSC,2021-12-31,MATURITY,2042-05-27,177.925,0.0,177.925
12163,SUSC,2021-12-31,MATURITY,2042-05-29,234.525,0.0,234.525
12164,SUSC,2021-12-31,MATURITY,2042-05-30,1295.354,4277.108,5572.462
12165,SUSC,2021-12-31,MATURITY,2042-06-02,7996.748,23463.855,31460.604
12166,SUSC,2021-12-31,MATURITY,2042-06-03,534.262,0.0,534.262
12167,SUSC,2021-12-31,MATURITY,2042-06-04,158.744,0.0,158.744
12168,SUSC,2021-12-31,MATURITY,2042-06-05,397.613,0.0,397.613
12169,SUSC,2021-12-31,MATURITY,2042-06-06,616.945,0.0,616.945
12170,SUSC,2021-12-31,MATURITY,2042-06-09,725.092,5000.0,5725.092
12171,SUSC,2021-12-31,MATURITY,2042-06-10,231.476,0.0,231.476
12172,SUSC,2021-12-31,MATURITY,2042-06-16,8709.732,10813.253,19522.985
12173,SUSC,2021-12-31,MATURITY,2042-06-17,108.66,0.0,108.66
12174,SUSC,2021-12-31,MATURITY,2042-06-19,126.205,0.0,126.205
12175,SUSC,2021-12-31,MATURITY,2042-06-20,101.807,5090.361,5192.169
12176,SUSC,2021-12-31,MATURITY,2042-06-23,329.27,0.0,329.27
12177,SUSC,2021-12-31,MATURITY,2042-06-24,69.277,0.0,69.277
12178,SUSC,2021-12-31,MATURITY,2042-06-30,319.303,0.0,319.303
12179,SUSC,2021-12-31,MATURITY,2042-07-01,1185.697,5361.446,6547.142
12180,SUSC,2021-12-31,MATURITY,2042-07-02,425.388,0.0,425.388
12181,SUSC,2021-12-31,MATURITY,2042-07-08,434.277,0.0,434.277
12182,SUSC,2021-12-31,MATURITY,2042-07-09,519.608,0.0,519.608
12183,SUSC,2021-12-31,MATURITY,2042-07-10,353.381,0.0,353.381
12184,SUSC,2021-12-31,MATURITY,2042-07-14,515.118,0.0,515.118
12185,SUSC,2021-12-31,MATURITY,2042-07-15,5809.326,23704.819,29514.145
12186,SUSC,2021-12-31,MATURITY,2042-07-16,362.538,301.205,663.742
12187,SUSC,2021-12-31,MATURITY,2042-07-17,239.029,0.0,239.029
12188,SUSC,2021-12-31,MATURITY,2042-07-21,1235.59,0.0,1235.59
12189,SUSC,2021-12-31,MATURITY,2042-07-22,398.626,0.0,398.626
12190,SUSC,2021-12-31,MATURITY,2042-07-23,1513.44,0.0,1513.44
12191,SUSC,2021-12-31,MATURITY,2042-07-24,695.268,18192.771,18888.039
12192,SUSC,2021-12-31,MATURITY,2042-07-25,264.211,0.0,264.211
12193,SUSC,2021-12-31,MATURITY,2042-07-28,738.046,0.0,738.046
12194,SUSC,2021-12-31,MATURITY,2042-07-29,398.291,0.0,398.291
12195,SUSC,2021-12-31,MATURITY,2042-07-30,537.914,0.0,537.914
12196,SUSC,2021-12-31,MATURITY,2042-07-31,239.232,0.0,239.232
12197,SUSC,2021-12-31,MATURITY,2042-08-01,5808.721,12319.277,18127.998
12198,SUSC,2021-12-31,MATURITY,2042-08-04,762.161,0.0,762.161
12199,SUSC,2021-12-31,MATURITY,2042-08-05,352.688,0.0,352.688
12200,SUSC,2021-12-31,MATURITY,2042-08-06,263.914,0.0,263.914
12201,SUSC,2021-12-31,MATURITY,2042-08-07,101.318,0.0,101.318
12202,SUSC,2021-12-31,MATURITY,2042-08-08,478.825,0.0,478.825
12203,SUSC,2021-12-31,MATURITY,2042-08-11,781.852,0.0,781.852
12204,SUSC,2021-12-31,MATURITY,2042-08-12,447.729,0.0,447.729
12205,SUSC,2021-12-31,MATURITY,2042-08-13,131.739,4698.795,4830.535
12206,SUSC,2021-12-31,MATURITY,2042-08-14,175.836,0.0,175.836
12207,SUSC,2021-12-31,MATURITY,2042-08-15,6495.082,8433.735,14928.817
12208,SUSC,2021-12-31,MATURITY,2042-08-18,751.136,0.0,751.136
12209,SUSC,2021-12-31,MATURITY,2042-08-19,300.365,0.0,300.365
12210,SUSC,2021-12-31,MATURITY,2042-08-20,327.756,0.0,327.756
12211,SUSC,2021-12-31,MATURITY,2042-08-21,891.994,6475.904,7367.897
12212,SUSC,2021-12-31,MATURITY,2042-08-22,684.384,0.0,684.384
12213,SUSC,2021-12-31,MATURITY,2042-08-25,669.398,0.0,669.398
12214,SUSC,2021-12-31,MATURITY,2042-08-26,465.847,0.0,465.847
12215,SUSC,2021-12-31,MATURITY,2042-08-28,198.75,0.0,198.75
12216,SUSC,2021-12-31,MATURITY,2042-09-02,8297.826,18644.578,26942.404
12217,SUSC,2021-12-31,MATURITY,2042-09-03,164.91,0.0,164.91
12218,SUSC,2021-12-31,MATURITY,2042-09-04,382.892,0.0,382.892
12219,SUSC,2021-12-31,MATURITY,2042-09-05,22.59,0.0,22.59
12220,SUSC,2021-12-31,MATURITY,2042-09-08,635.48,0.0,635.48
12221,SUSC,2021-12-31,MATURITY,2042-09-09,328.08,0.0,328.08
12222,SUSC,2021-12-31,MATURITY,2042-09-10,96.913,0.0,96.913
12223,SUSC,2021-12-31,MATURITY,2042-09-11,61.755,0.0,61.755
12224,SUSC,2021-12-31,MATURITY,2042-09-12,207.312,0.0,207.312
12225,SUSC,2021-12-31,MATURITY,2042-09-15,12594.496,17831.325,30425.822
12226,SUSC,2021-12-31,MATURITY,2042-09-16,30.648,0.0,30.648
12227,SUSC,2021-12-31,MATURITY,2042-09-17,1112.216,0.0,1112.216
12228,SUSC,2021-12-31,MATURITY,2042-09-18,265.934,9849.398,10115.331
12229,SUSC,2021-12-31,MATURITY,2042-09-19,437.32,0.0,437.32
12230,SUSC,2021-12-31,MATURITY,2042-09-22,1909.127,0.0,1909.127
12231,SUSC,2021-12-31,MATURITY,2042-09-23,198.193,0.0,198.193
12232,SUSC,2021-12-31,MATURITY,2042-09-24,223.024,0.0,223.024
12233,SUSC,2021-12-31,MATURITY,2042-09-25,1955.798,0.0,1955.798
12234,SUSC,2021-12-31,MATURITY,2042-09-26,217.854,0.0,217.854
12235,SUSC,2021-12-31,MATURITY,2042-09-29,263.703,0.0,263.703
12236,SUSC,2021-12-31,MATURITY,2042-09-30,694.337,0.0,694.337
12237,SUSC,2021-12-31,MATURITY,2042-10-01,8094.032,6837.349,14931.381
12238,SUSC,2021-12-31,MATURITY,2042-10-02,269.202,0.0,269.202
12239,SUSC,2021-12-31,MATURITY,2042-10-03,257.474,0.0,257.474
12240,SUSC,2021-12-31,MATURITY,2042-10-06,463.199,0.0,463.199
12241,SUSC,2021-12-31,MATURITY,2042-10-09,53.84,0.0,53.84
12242,SUSC,2021-12-31,MATURITY,2042-10-14,422.214,0.0,422.214
12243,SUSC,2021-12-31,MATURITY,2042-10-15,6990.209,1144.578,8134.787
12244,SUSC,2021-12-31,MATURITY,2042-10-16,194.814,0.0,194.814
12245,SUSC,2021-12-31,MATURITY,2042-10-17,164.556,0.0,164.556
12246,SUSC,2021-12-31,MATURITY,2042-10-20,139.307,0.0,139.307
12247,SUSC,2021-12-31,MATURITY,2042-10-21,294.691,0.0,294.691
12248,SUSC,2021-12-31,MATURITY,2042-10-22,388.083,0.0,388.083
12249,SUSC,2021-12-31,MATURITY,2042-10-23,536.124,0.0,536.124
12250,SUSC,2021-12-31,MATURITY,2042-10-24,215.64,0.0,215.64
12251,SUSC,2021-12-31,MATURITY,2042-10-27,525.947,0.0,525.947
12252,SUSC,2021-12-31,MATURITY,2042-10-28,73.908,0.0,73.908
12253,SUSC,2021-12-31,MATURITY,2042-10-30,403.965,0.0,403.965
12254,SUSC,2021-12-31,MATURITY,2042-11-03,6209.066,16325.301,22534.367
12255,SUSC,2021-12-31,MATURITY,2042-11-04,380.512,0.0,380.512
12256,SUSC,2021-12-31,MATURITY,2042-11-06,633.532,10993.976,11627.508
12257,SUSC,2021-12-31,MATURITY,2042-11-07,117.62,6626.506,6744.127
12258,SUSC,2021-12-31,MATURITY,2042-11-10,243.626,0.0,243.626
12259,SUSC,2021-12-31,MATURITY,2042-11-12,485.926,0.0,485.926
12260,SUSC,2021-12-31,MATURITY,2042-11-13,642.639,0.0,642.639
12261,SUSC,2021-12-31,MATURITY,2042-11-14,897.116,0.0,897.116
12262,SUSC,2021-12-31,MATURITY,2042-11-17,11226.419,12108.434,23334.853
12263,SUSC,2021-12-31,MATURITY,2042-11-18,192.59,0.0,192.59
12264,SUSC,2021-12-31,MATURITY,2042-11-19,179.631,0.0,179.631
12265,SUSC,2021-12-31,MATURITY,2042-11-20,552.218,0.0,552.218
12266,SUSC,2021-12-31,MATURITY,2042-11-21,659.865,0.0,659.865
12267,SUSC,2021-12-31,MATURITY,2042-11-24,233.72,0.0,233.72
12268,SUSC,2021-12-31,MATURITY,2042-11-25,68.301,0.0,68.301
12269,SUSC,2021-12-31,MATURITY,2042-11-26,85.904,0.0,85.904
12270,SUSC,2021-12-31,MATURITY,2042-12-01,8784.956,25090.361,33875.317
12271,SUSC,2021-12-31,MATURITY,2042-12-02,91.762,0.0,91.762
12272,SUSC,2021-12-31,MATURITY,2042-12-03,534.262,15512.048,16046.31
12273,SUSC,2021-12-31,MATURITY,2042-12-04,158.744,0.0,158.744
12274,SUSC,2021-12-31,MATURITY,2042-12-05,397.613,0.0,397.613
12275,SUSC,2021-12-31,MATURITY,2042-12-08,1037.218,0.0,1037.218
12276,SUSC,2021-12-31,MATURITY,2042-12-09,207.319,0.0,207.319
12277,SUSC,2021-12-31,MATURITY,2042-12-10,231.476,0.0,231.476
12278,SUSC,2021-12-31,MATURITY,2042-12-15,8408.294,22560.241,30968.535
12279,SUSC,2021-12-31,MATURITY,2042-12-17,108.66,0.0,108.66
12280,SUSC,2021-12-31,MATURITY,2042-12-19,126.205,0.0,126.205
12281,SUSC,2021-12-31,MATURITY,2042-12-22,170.346,0.0,170.346
12282,SUSC,2021-12-31,MATURITY,2042-12-23,158.923,0.0,158.923
12283,SUSC,2021-12-31,MATURITY,2042-12-24,69.277,0.0,69.277
12284,SUSC,2021-12-31,MATURITY,2042-12-29,59.153,0.0,59.153
12285,SUSC,2021-12-31,MATURITY,2042-12-30,260.15,0.0,260.15
12286,SUSC,2021-12-31,MATURITY,2043-01-02,1490.67,602.41,2093.08
12287,SUSC,2021-12-31,MATURITY,2043-01-08,434.277,0.0,434.277
12288,SUSC,2021-12-31,MATURITY,2043-01-09,519.608,0.0,519.608
12289,SUSC,2021-12-31,MATURITY,2043-01-12,481.605,0.0,481.605
12290,SUSC,2021-12-31,MATURITY,2043-01-13,383.788,0.0,383.788
12291,SUSC,2021-12-31,MATURITY,2043-01-14,3.106,0.0,3.106
12292,SUSC,2021-12-31,MATURITY,2043-01-15,5340.832,13524.096,18864.928
12293,SUSC,2021-12-31,MATURITY,2043-01-16,355.949,0.0,355.949
12294,SUSC,2021-12-31,MATURITY,2043-01-20,1165.326,9186.747,10352.073
12295,SUSC,2021-12-31,MATURITY,2043-01-21,436.551,0.0,436.551
12296,SUSC,2021-12-31,MATURITY,2043-01-22,398.626,0.0,398.626
12297,SUSC,2021-12-31,MATURITY,2043-01-23,1513.44,0.0,1513.44
12298,SUSC,2021-12-31,MATURITY,2043-01-26,418.591,0.0,418.591
12299,SUSC,2021-12-31,MATURITY,2043-01-27,492.169,0.0,492.169
12300,SUSC,2021-12-31,MATURITY,2043-01-28,206.871,0.0,206.871
12301,SUSC,2021-12-31,MATURITY,2043-01-29,398.291,0.0,398.291
12302,SUSC,2021-12-31,MATURITY,2043-01-30,629.526,0.0,629.526
12303,SUSC,2021-12-31,MATURITY,2043-02-02,5862.994,12379.518,18242.512
12304,SUSC,2021-12-31,MATURITY,2043-02-03,242.417,0.0,242.417
12305,SUSC,2021-12-31,MATURITY,2043-02-04,387.214,0.0,387.214
12306,SUSC,2021-12-31,MATURITY,2043-02-05,352.688,0.0,352.688
12307,SUSC,2021-12-31,MATURITY,2043-02-06,263.914,0.0,263.914
12308,SUSC,2021-12-31,MATURITY,2043-02-09,910.203,0.0,910.203
12309,SUSC,2021-12-31,MATURITY,2043-02-10,269.488,0.0,269.488
12310,SUSC,2021-12-31,MATURITY,2043-02-11,182.304,8102.41,8284.714
12311,SUSC,2021-12-31,MATURITY,2043-02-12,447.729,0.0,447.729
12312,SUSC,2021-12-31,MATURITY,2043-02-13,34.827,0.0,34.827
12313,SUSC,2021-12-31,MATURITY,2043-02-17,6990.808,2259.036,9249.844
12314,SUSC,2021-12-31,MATURITY,2043-02-18,232.53,0.0,232.53
12315,SUSC,2021-12-31,MATURITY,2043-02-19,300.365,7439.759,7740.124
12316,SUSC,2021-12-31,MATURITY,2043-02-20,327.756,0.0,327.756
12317,SUSC,2021-12-31,MATURITY,2043-02-23,1898.008,0.0,1898.008
12318,SUSC,2021-12-31,MATURITY,2043-02-24,152.259,0.0,152.259
12319,SUSC,2021-12-31,MATURITY,2043-02-25,214.202,0.0,214.202
12320,SUSC,2021-12-31,MATURITY,2043-02-26,313.588,0.0,313.588
12321,SUSC,2021-12-31,MATURITY,2043-03-02,8119.471,19969.88,28089.351
12322,SUSC,2021-12-31,MATURITY,2043-03-03,164.91,0.0,164.91
12323,SUSC,2021-12-31,MATURITY,2043-03-04,382.892,0.0,382.892
12324,SUSC,2021-12-31,MATURITY,2043-03-05,22.59,0.0,22.59
12325,SUSC,2021-12-31,MATURITY,2043-03-06,136.379,0.0,136.379
12326,SUSC,2021-12-31,MATURITY,2043-03-09,827.181,0.0,827.181
12327,SUSC,2021-12-31,MATURITY,2043-03-10,96.913,0.0,96.913
12328,SUSC,2021-12-31,MATURITY,2043-03-11,61.755,0.0,61.755
12329,SUSC,2021-12-31,MATURITY,2043-03-12,207.312,0.0,207.312
12330,SUSC,2021-12-31,MATURITY,2043-03-13,617.672,0.0,617.672
12331,SUSC,2021-12-31,MATURITY,2043-03-16,11651.779,31837.349,43489.129
12332,SUSC,2021-12-31,MATURITY,2043-03-17,1112.216,0.0,1112.216
12333,SUSC,2021-12-31,MATURITY,2043-03-18,68.946,3283.133,3352.078
12334,SUSC,2021-12-31,MATURITY,2043-03-19,437.32,0.0,437.32
12335,SUSC,2021-12-31,MATURITY,2043-03-20,892.862,0.0,892.862
12336,SUSC,2021-12-31,MATURITY,2043-03-23,1214.458,0.0,1214.458
12337,SUSC,2021-12-31,MATURITY,2043-03-24,223.024,0.0,223.024
12338,SUSC,2021-12-31,MATURITY,2043-03-25,1955.798,0.0,1955.798
12339,SUSC,2021-12-31,MATURITY,2043-03-26,217.854,0.0,217.854
12340,SUSC,2021-12-31,MATURITY,2043-03-27,153.869,0.0,153.869
12341,SUSC,2021-12-31,MATURITY,2043-03-30,579.322,0.0,579.322
12342,SUSC,2021-12-31,MATURITY,2043-03-31,224.849,0.0,224.849
12343,SUSC,2021-12-31,MATURITY,2043-04-01,7964.503,7891.566,15856.069
12344,SUSC,2021-12-31,MATURITY,2043-04-02,269.202,0.0,269.202
12345,SUSC,2021-12-31,MATURITY,2043-04-03,257.474,0.0,257.474
12346,SUSC,2021-12-31,MATURITY,2043-04-06,463.199,0.0,463.199
12347,SUSC,2021-12-31,MATURITY,2043-04-09,53.84,0.0,53.84
12348,SUSC,2021-12-31,MATURITY,2043-04-14,422.214,0.0,422.214
12349,SUSC,2021-12-31,MATURITY,2043-04-15,6967.603,12319.277,19286.88
12350,SUSC,2021-12-31,MATURITY,2043-04-16,194.814,2951.807,3146.622
12351,SUSC,2021-12-31,MATURITY,2043-04-17,164.556,0.0,164.556
12352,SUSC,2021-12-31,MATURITY,2043-04-20,139.307,0.0,139.307
12353,SUSC,2021-12-31,MATURITY,2043-04-21,294.691,0.0,294.691
12354,SUSC,2021-12-31,MATURITY,2043-04-22,388.083,0.0,388.083
12355,SUSC,2021-12-31,MATURITY,2043-04-23,536.124,0.0,536.124
12356,SUSC,2021-12-31,MATURITY,2043-04-24,215.64,0.0,215.64
12357,SUSC,2021-12-31,MATURITY,2043-04-27,525.947,0.0,525.947
12358,SUSC,2021-12-31,MATURITY,2043-04-28,73.908,0.0,73.908
12359,SUSC,2021-12-31,MATURITY,2043-04-30,403.965,0.0,403.965
12360,SUSC,2021-12-31,MATURITY,2043-05-01,5574.028,7560.241,13134.269
12361,SUSC,2021-12-31,MATURITY,2043-05-04,701.31,9668.675,10369.985
12362,SUSC,2021-12-31,MATURITY,2043-05-06,391.664,0.0,391.664
12363,SUSC,2021-12-31,MATURITY,2043-05-11,602.707,1656.627,2259.334
12364,SUSC,2021-12-31,MATURITY,2043-05-12,126.845,0.0,126.845
12365,SUSC,2021-12-31,MATURITY,2043-05-13,642.639,0.0,642.639
12366,SUSC,2021-12-31,MATURITY,2043-05-14,897.116,0.0,897.116
12367,SUSC,2021-12-31,MATURITY,2043-05-15,10277.394,19969.88,30247.274
12368,SUSC,2021-12-31,MATURITY,2043-05-18,896.002,2319.277,3215.279
12369,SUSC,2021-12-31,MATURITY,2043-05-19,179.631,0.0,179.631
12370,SUSC,2021-12-31,MATURITY,2043-05-20,552.218,0.0,552.218
12371,SUSC,2021-12-31,MATURITY,2043-05-21,659.865,0.0,659.865
12372,SUSC,2021-12-31,MATURITY,2043-05-22,80.663,0.0,80.663
12373,SUSC,2021-12-31,MATURITY,2043-05-26,307.262,0.0,307.262
12374,SUSC,2021-12-31,MATURITY,2043-05-29,234.525,0.0,234.525
12375,SUSC,2021-12-31,MATURITY,2043-06-01,8036.236,1867.47,9903.706
12376,SUSC,2021-12-31,MATURITY,2043-06-02,91.762,0.0,91.762
12377,SUSC,2021-12-31,MATURITY,2043-06-03,220.143,0.0,220.143
12378,SUSC,2021-12-31,MATURITY,2043-06-04,158.744,0.0,158.744
12379,SUSC,2021-12-31,MATURITY,2043-06-05,397.613,0.0,397.613
12380,SUSC,2021-12-31,MATURITY,2043-06-08,1037.218,0.0,1037.218
12381,SUSC,2021-12-31,MATURITY,2043-06-09,207.319,0.0,207.319
12382,SUSC,2021-12-31,MATURITY,2043-06-10,231.476,0.0,231.476
12383,SUSC,2021-12-31,MATURITY,2043-06-15,7932.677,7289.157,15221.833
12384,SUSC,2021-12-31,MATURITY,2043-06-17,108.66,0.0,108.66
12385,SUSC,2021-12-31,MATURITY,2043-06-19,126.205,0.0,126.205
12386,SUSC,2021-12-31,MATURITY,2043-06-22,170.346,0.0,170.346
12387,SUSC,2021-12-31,MATURITY,2043-06-23,158.923,0.0,158.923
12388,SUSC,2021-12-31,MATURITY,2043-06-24,69.277,0.0,69.277
12389,SUSC,2021-12-31,MATURITY,2043-06-29,59.153,0.0,59.153
12390,SUSC,2021-12-31,MATURITY,2043-06-30,260.15,0.0,260.15
12391,SUSC,2021-12-31,MATURITY,2043-07-01,1053.837,10331.325,11385.162
12392,SUSC,2021-12-31,MATURITY,2043-07-02,425.388,0.0,425.388
12393,SUSC,2021-12-31,MATURITY,2043-07-08,434.277,0.0,434.277
12394,SUSC,2021-12-31,MATURITY,2043-07-09,519.608,0.0,519.608
12395,SUSC,2021-12-31,MATURITY,2043-07-10,353.381,0.0,353.381
12396,SUSC,2021-12-31,MATURITY,2043-07-13,512.011,0.0,512.011
12397,SUSC,2021-12-31,MATURITY,2043-07-14,3.106,0.0,3.106
12398,SUSC,2021-12-31,MATURITY,2043-07-15,5016.367,8584.337,13600.704
12399,SUSC,2021-12-31,MATURITY,2043-07-16,355.949,0.0,355.949
12400,SUSC,2021-12-31,MATURITY,2043-07-17,94.45,0.0,94.45
12401,SUSC,2021-12-31,MATURITY,2043-07-20,799.039,0.0,799.039
12402,SUSC,2021-12-31,MATURITY,2043-07-21,436.551,0.0,436.551
12403,SUSC,2021-12-31,MATURITY,2043-07-22,398.626,0.0,398.626
12404,SUSC,2021-12-31,MATURITY,2043-07-23,1513.44,0.0,1513.44
12405,SUSC,2021-12-31,MATURITY,2043-07-24,115.373,0.0,115.373
12406,SUSC,2021-12-31,MATURITY,2043-07-27,795.386,0.0,795.386
12407,SUSC,2021-12-31,MATURITY,2043-07-28,206.871,0.0,206.871
12408,SUSC,2021-12-31,MATURITY,2043-07-29,398.291,0.0,398.291
12409,SUSC,2021-12-31,MATURITY,2043-07-30,537.914,0.0,537.914
12410,SUSC,2021-12-31,MATURITY,2043-07-31,191.958,0.0,191.958
12411,SUSC,2021-12-31,MATURITY,2043-08-03,5718.544,16987.952,22706.496
12412,SUSC,2021-12-31,MATURITY,2043-08-04,387.214,0.0,387.214
12413,SUSC,2021-12-31,MATURITY,2043-08-05,352.688,0.0,352.688
12414,SUSC,2021-12-31,MATURITY,2043-08-06,263.914,0.0,263.914
12415,SUSC,2021-12-31,MATURITY,2043-08-07,101.318,0.0,101.318
12416,SUSC,2021-12-31,MATURITY,2043-08-10,1078.374,0.0,1078.374
12417,SUSC,2021-12-31,MATURITY,2043-08-12,447.729,0.0,447.729
12418,SUSC,2021-12-31,MATURITY,2043-08-13,34.827,0.0,34.827
12419,SUSC,2021-12-31,MATURITY,2043-08-14,175.836,0.0,175.836
12420,SUSC,2021-12-31,MATURITY,2043-08-17,6764.708,451.807,7216.515
12421,SUSC,2021-12-31,MATURITY,2043-08-18,232.53,0.0,232.53
12422,SUSC,2021-12-31,MATURITY,2043-08-19,137.62,0.0,137.62
12423,SUSC,2021-12-31,MATURITY,2043-08-20,327.756,0.0,327.756
12424,SUSC,2021-12-31,MATURITY,2043-08-21,758.428,0.0,758.428
12425,SUSC,2021-12-31,MATURITY,2043-08-24,1291.839,0.0,1291.839
12426,SUSC,2021-12-31,MATURITY,2043-08-25,214.202,0.0,214.202
12427,SUSC,2021-12-31,MATURITY,2043-08-26,313.588,0.0,313.588
12428,SUSC,2021-12-31,MATURITY,2043-08-28,198.75,0.0,198.75
12429,SUSC,2021-12-31,MATURITY,2043-09-01,7386.233,7981.928,15368.161
12430,SUSC,2021-12-31,MATURITY,2043-09-02,98.788,0.0,98.788
12431,SUSC,2021-12-31,MATURITY,2043-09-03,164.91,0.0,164.91
12432,SUSC,2021-12-31,MATURITY,2043-09-04,382.892,0.0,382.892
12433,SUSC,2021-12-31,MATURITY,2043-09-08,658.071,0.0,658.071
12434,SUSC,2021-12-31,MATURITY,2043-09-09,328.08,0.0,328.08
12435,SUSC,2021-12-31,MATURITY,2043-09-10,96.913,0.0,96.913
12436,SUSC,2021-12-31,MATURITY,2043-09-11,61.755,0.0,61.755
12437,SUSC,2021-12-31,MATURITY,2043-09-14,1227.393,6415.663,7643.056
12438,SUSC,2021-12-31,MATURITY,2043-09-15,10531.456,8012.048,18543.504
12439,SUSC,2021-12-31,MATURITY,2043-09-16,30.648,0.0,30.648
12440,SUSC,2021-12-31,MATURITY,2043-09-17,1112.216,0.0,1112.216
12441,SUSC,2021-12-31,MATURITY,2043-09-21,1556.839,0.0,1556.839
12442,SUSC,2021-12-31,MATURITY,2043-09-22,789.608,0.0,789.608
12443,SUSC,2021-12-31,MATURITY,2043-09-23,198.193,0.0,198.193
12444,SUSC,2021-12-31,MATURITY,2043-09-24,223.024,0.0,223.024
12445,SUSC,2021-12-31,MATURITY,2043-09-25,1955.798,4698.795,6654.593
12446,SUSC,2021-12-31,MATURITY,2043-09-28,481.557,0.0,481.557
12447,SUSC,2021-12-31,MATURITY,2043-09-30,694.337,4548.193,5242.53
12448,SUSC,2021-12-31,MATURITY,2043-10-01,7794.529,13472.461,21266.99
12449,SUSC,2021-12-31,MATURITY,2043-10-02,269.202,8614.458,8883.66
12450,SUSC,2021-12-31,MATURITY,2043-10-05,440.76,0.0,440.76
12451,SUSC,2021-12-31,MATURITY,2043-10-06,279.912,0.0,279.912
12452,SUSC,2021-12-31,MATURITY,2043-10-09,53.84,0.0,53.84
12453,SUSC,2021-12-31,MATURITY,2043-10-14,422.214,0.0,422.214
12454,SUSC,2021-12-31,MATURITY,2043-10-15,6685.028,2891.566,9576.594
12455,SUSC,2021-12-31,MATURITY,2043-10-16,135.542,5421.687,5557.229
12456,SUSC,2021-12-31,MATURITY,2043-10-19,164.556,0.0,164.556
12457,SUSC,2021-12-31,MATURITY,2043-10-20,139.307,0.0,139.307
12458,SUSC,2021-12-31,MATURITY,2043-10-21,294.691,0.0,294.691
12459,SUSC,2021-12-31,MATURITY,2043-10-22,388.083,0.0,388.083
12460,SUSC,2021-12-31,MATURITY,2043-10-23,536.124,0.0,536.124
12461,SUSC,2021-12-31,MATURITY,2043-10-26,494.736,0.0,494.736
12462,SUSC,2021-12-31,MATURITY,2043-10-27,246.85,0.0,246.85
12463,SUSC,2021-12-31,MATURITY,2043-10-28,73.908,0.0,73.908
12464,SUSC,2021-12-31,MATURITY,2043-10-30,403.965,0.0,403.965
12465,SUSC,2021-12-31,MATURITY,2043-11-02,5441.14,2168.675,7609.815
12466,SUSC,2021-12-31,MATURITY,2043-11-03,316.657,0.0,316.657
12467,SUSC,2021-12-31,MATURITY,2043-11-04,194.39,0.0,194.39
12468,SUSC,2021-12-31,MATURITY,2043-11-06,391.664,0.0,391.664
12469,SUSC,2021-12-31,MATURITY,2043-11-09,79.292,0.0,79.292
12470,SUSC,2021-12-31,MATURITY,2043-11-10,128.095,0.0,128.095
12471,SUSC,2021-12-31,MATURITY,2043-11-12,485.926,0.0,485.926
12472,SUSC,2021-12-31,MATURITY,2043-11-13,642.639,5421.687,6064.326
12473,SUSC,2021-12-31,MATURITY,2043-11-16,11451.14,3524.096,14975.237
12474,SUSC,2021-12-31,MATURITY,2043-11-18,144.465,0.0,144.465
12475,SUSC,2021-12-31,MATURITY,2043-11-19,179.631,0.0,179.631
12476,SUSC,2021-12-31,MATURITY,2043-11-20,552.218,0.0,552.218
12477,SUSC,2021-12-31,MATURITY,2043-11-23,869.865,4578.313,5448.178
12478,SUSC,2021-12-31,MATURITY,2043-11-24,23.72,0.0,23.72
12479,SUSC,2021-12-31,MATURITY,2043-11-25,68.301,0.0,68.301
12480,SUSC,2021-12-31,MATURITY,2043-11-27,85.904,0.0,85.904
12481,SUSC,2021-12-31,MATURITY,2043-11-30,1508.539,5301.205,6809.743
12482,SUSC,2021-12-31,MATURITY,2043-12-01,6716.47,4578.313,11294.783
12483,SUSC,2021-12-31,MATURITY,2043-12-02,91.762,0.0,91.762
12484,SUSC,2021-12-31,MATURITY,2043-12-03,220.143,0.0,220.143
12485,SUSC,2021-12-31,MATURITY,2043-12-04,158.744,0.0,158.744
12486,SUSC,2021-12-31,MATURITY,2043-12-07,1298.18,7831.325,9129.506
12487,SUSC,2021-12-31,MATURITY,2043-12-08,136.651,0.0,136.651
12488,SUSC,2021-12-31,MATURITY,2043-12-09,207.319,0.0,207.319
12489,SUSC,2021-12-31,MATURITY,2043-12-10,231.476,0.0,231.476
12490,SUSC,2021-12-31,MATURITY,2043-12-14,376.476,0.0,376.476
12491,SUSC,2021-12-31,MATURITY,2043-12-15,7363.768,10993.976,18357.744
12492,SUSC,2021-12-31,MATURITY,2043-12-17,108.66,0.0,108.66
12493,SUSC,2021-12-31,MATURITY,2043-12-21,136.747,0.0,136.747
12494,SUSC,2021-12-31,MATURITY,2043-12-22,159.804,0.0,159.804
12495,SUSC,2021-12-31,MATURITY,2043-12-23,158.923,0.0,158.923
12496,SUSC,2021-12-31,MATURITY,2043-12-24,69.277,0.0,69.277
12497,SUSC,2021-12-31,MATURITY,2043-12-29,59.153,0.0,59.153
12498,SUSC,2021-12-31,MATURITY,2043-12-30,260.15,0.0,260.15
12499,SUSC,2021-12-31,MATURITY,2044-01-04,1205.444,0.0,1205.444
12500,SUSC,2021-12-31,MATURITY,2044-01-08,434.277,0.0,434.277
12501,SUSC,2021-12-31,MATURITY,2044-01-11,623.573,0.0,623.573
12502,SUSC,2021-12-31,MATURITY,2044-01-12,377.64,0.0,377.64
12503,SUSC,2021-12-31,MATURITY,2044-01-13,383.788,0.0,383.788
12504,SUSC,2021-12-31,MATURITY,2044-01-14,3.106,0.0,3.106
12505,SUSC,2021-12-31,MATURITY,2044-01-15,4780.32,19246.988,24027.308
12506,SUSC,2021-12-31,MATURITY,2044-01-19,450.399,0.0,450.399
12507,SUSC,2021-12-31,MATURITY,2044-01-20,799.039,0.0,799.039
12508,SUSC,2021-12-31,MATURITY,2044-01-21,436.551,13433.735,13870.286
12509,SUSC,2021-12-31,MATURITY,2044-01-22,398.626,0.0,398.626
12510,SUSC,2021-12-31,MATURITY,2044-01-25,1893.025,0.0,1893.025
12511,SUSC,2021-12-31,MATURITY,2044-01-26,39.006,0.0,39.006
12512,SUSC,2021-12-31,MATURITY,2044-01-27,492.169,0.0,492.169
12513,SUSC,2021-12-31,MATURITY,2044-01-28,206.871,0.0,206.871
12514,SUSC,2021-12-31,MATURITY,2044-01-29,489.902,0.0,489.902
12515,SUSC,2021-12-31,MATURITY,2044-02-01,5569.636,31957.831,37527.467
12516,SUSC,2021-12-31,MATURITY,2044-02-02,132.53,0.0,132.53
12517,SUSC,2021-12-31,MATURITY,2044-02-03,242.417,0.0,242.417
12518,SUSC,2021-12-31,MATURITY,2044-02-04,387.214,0.0,387.214
12519,SUSC,2021-12-31,MATURITY,2044-02-05,352.688,0.0,352.688
12520,SUSC,2021-12-31,MATURITY,2044-02-08,844.057,7680.723,8524.78
12521,SUSC,2021-12-31,MATURITY,2044-02-09,330.06,0.0,330.06
12522,SUSC,2021-12-31,MATURITY,2044-02-10,269.488,0.0,269.488
12523,SUSC,2021-12-31,MATURITY,2044-02-12,447.729,0.0,447.729
12524,SUSC,2021-12-31,MATURITY,2044-02-16,6565.695,7740.964,14306.659
12525,SUSC,2021-12-31,MATURITY,2044-02-17,399.285,0.0,399.285
12526,SUSC,2021-12-31,MATURITY,2044-02-18,232.53,0.0,232.53
12527,SUSC,2021-12-31,MATURITY,2044-02-19,137.62,0.0,137.62
12528,SUSC,2021-12-31,MATURITY,2044-02-22,1770.568,0.0,1770.568
12529,SUSC,2021-12-31,MATURITY,2044-02-23,455.196,0.0,455.196
12530,SUSC,2021-12-31,MATURITY,2044-02-24,152.259,0.0,152.259
12531,SUSC,2021-12-31,MATURITY,2044-02-25,214.202,0.0,214.202
12532,SUSC,2021-12-31,MATURITY,2044-02-26,313.588,0.0,313.588
12533,SUSC,2021-12-31,MATURITY,2044-02-29,198.75,0.0,198.75
12534,SUSC,2021-12-31,MATURITY,2044-03-01,7158.982,22650.602,29809.584
12535,SUSC,2021-12-31,MATURITY,2044-03-02,98.788,0.0,98.788
12536,SUSC,2021-12-31,MATURITY,2044-03-03,164.91,0.0,164.91
12537,SUSC,2021-12-31,MATURITY,2044-03-04,382.892,2650.602,3033.494
12538,SUSC,2021-12-31,MATURITY,2044-03-07,388.785,0.0,388.785
12539,SUSC,2021-12-31,MATURITY,2044-03-08,269.286,0.0,269.286
12540,SUSC,2021-12-31,MATURITY,2044-03-09,328.08,0.0,328.08
12541,SUSC,2021-12-31,MATURITY,2044-03-10,96.913,0.0,96.913
12542,SUSC,2021-12-31,MATURITY,2044-03-11,61.755,0.0,61.755
12543,SUSC,2021-12-31,MATURITY,2044-03-14,1013.27,7500.0,8513.27
12544,SUSC,2021-12-31,MATURITY,2044-03-15,10293.398,39608.434,49901.832
12545,SUSC,2021-12-31,MATURITY,2044-03-16,30.648,0.0,30.648
12546,SUSC,2021-12-31,MATURITY,2044-03-17,1112.216,0.0,1112.216
12547,SUSC,2021-12-31,MATURITY,2044-03-21,1556.839,0.0,1556.839
12548,SUSC,2021-12-31,MATURITY,2044-03-22,789.608,0.0,789.608
12549,SUSC,2021-12-31,MATURITY,2044-03-23,198.193,0.0,198.193
12550,SUSC,2021-12-31,MATURITY,2044-03-24,223.024,0.0,223.024
12551,SUSC,2021-12-31,MATURITY,2044-03-25,1816.009,0.0,1816.009
12552,SUSC,2021-12-31,MATURITY,2044-03-28,481.557,0.0,481.557
12553,SUSC,2021-12-31,MATURITY,2044-03-30,339.864,0.0,339.864
12554,SUSC,2021-12-31,MATURITY,2044-03-31,224.849,0.0,224.849
12555,SUSC,2021-12-31,MATURITY,2044-04-01,7448.584,31987.952,39436.535
12556,SUSC,2021-12-31,MATURITY,2044-04-04,257.474,0.0,257.474
12557,SUSC,2021-12-31,MATURITY,2044-04-05,183.286,0.0,183.286
12558,SUSC,2021-12-31,MATURITY,2044-04-06,279.912,0.0,279.912
12559,SUSC,2021-12-31,MATURITY,2044-04-11,53.84,0.0,53.84
12560,SUSC,2021-12-31,MATURITY,2044-04-14,422.214,0.0,422.214
12561,SUSC,2021-12-31,MATURITY,2044-04-15,6162.325,6325.301,12487.626
12562,SUSC,2021-12-31,MATURITY,2044-04-18,164.556,0.0,164.556
12563,SUSC,2021-12-31,MATURITY,2044-04-19,448.245,0.0,448.245
12564,SUSC,2021-12-31,MATURITY,2044-04-20,139.307,0.0,139.307
12565,SUSC,2021-12-31,MATURITY,2044-04-21,294.691,0.0,294.691
12566,SUSC,2021-12-31,MATURITY,2044-04-22,388.083,0.0,388.083
12567,SUSC,2021-12-31,MATURITY,2044-04-25,817.72,2469.88,3287.6
12568,SUSC,2021-12-31,MATURITY,2044-04-26,213.14,0.0,213.14
12569,SUSC,2021-12-31,MATURITY,2044-04-27,246.85,0.0,246.85
12570,SUSC,2021-12-31,MATURITY,2044-04-28,73.908,0.0,73.908
12571,SUSC,2021-12-31,MATURITY,2044-05-02,5789.327,0.0,5789.327
12572,SUSC,2021-12-31,MATURITY,2044-05-03,316.657,0.0,316.657
12573,SUSC,2021-12-31,MATURITY,2044-05-04,194.39,0.0,194.39
12574,SUSC,2021-12-31,MATURITY,2044-05-06,391.664,16325.301,16716.965
12575,SUSC,2021-12-31,MATURITY,2044-05-09,79.292,0.0,79.292
12576,SUSC,2021-12-31,MATURITY,2044-05-10,128.095,0.0,128.095
12577,SUSC,2021-12-31,MATURITY,2044-05-11,359.081,0.0,359.081
12578,SUSC,2021-12-31,MATURITY,2044-05-12,126.845,0.0,126.845
12579,SUSC,2021-12-31,MATURITY,2044-05-13,510.486,0.0,510.486
12580,SUSC,2021-12-31,MATURITY,2044-05-16,11350.561,25722.892,37073.452
12581,SUSC,2021-12-31,MATURITY,2044-05-18,144.465,0.0,144.465
12582,SUSC,2021-12-31,MATURITY,2044-05-19,179.631,0.0,179.631
12583,SUSC,2021-12-31,MATURITY,2044-05-20,552.218,0.0,552.218
12584,SUSC,2021-12-31,MATURITY,2044-05-23,740.527,0.0,740.527
12585,SUSC,2021-12-31,MATURITY,2044-05-24,23.72,0.0,23.72
12586,SUSC,2021-12-31,MATURITY,2044-05-25,68.301,0.0,68.301
12587,SUSC,2021-12-31,MATURITY,2044-05-26,85.904,0.0,85.904
12588,SUSC,2021-12-31,MATURITY,2044-05-31,1366.069,0.0,1366.069
12589,SUSC,2021-12-31,MATURITY,2044-06-01,6584.843,9367.47,15952.313
12590,SUSC,2021-12-31,MATURITY,2044-06-02,91.762,0.0,91.762
12591,SUSC,2021-12-31,MATURITY,2044-06-03,220.143,0.0,220.143
12592,SUSC,2021-12-31,MATURITY,2044-06-06,973.242,0.0,973.242
12593,SUSC,2021-12-31,MATURITY,2044-06-07,283.622,0.0,283.622
12594,SUSC,2021-12-31,MATURITY,2044-06-08,136.651,0.0,136.651
12595,SUSC,2021-12-31,MATURITY,2044-06-09,207.319,2650.602,2857.922
12596,SUSC,2021-12-31,MATURITY,2044-06-10,231.476,5090.361,5321.837
12597,SUSC,2021-12-31,MATURITY,2044-06-14,376.476,1024.096,1400.572
12598,SUSC,2021-12-31,MATURITY,2044-06-15,7089.747,13855.422,20945.169
12599,SUSC,2021-12-31,MATURITY,2044-06-17,108.66,0.0,108.66
12600,SUSC,2021-12-31,MATURITY,2044-06-20,126.205,0.0,126.205
12601,SUSC,2021-12-31,MATURITY,2044-06-21,10.542,0.0,10.542
12602,SUSC,2021-12-31,MATURITY,2044-06-22,159.804,0.0,159.804
12603,SUSC,2021-12-31,MATURITY,2044-06-23,158.923,0.0,158.923
12604,SUSC,2021-12-31,MATURITY,2044-06-24,69.277,2409.639,2478.916
12605,SUSC,2021-12-31,MATURITY,2044-06-29,59.153,0.0,59.153
12606,SUSC,2021-12-31,MATURITY,2044-06-30,260.15,0.0,260.15
12607,SUSC,2021-12-31,MATURITY,2044-07-01,780.056,4036.145,4816.201
12608,SUSC,2021-12-31,MATURITY,2044-07-05,425.388,6596.386,7021.773
12609,SUSC,2021-12-31,MATURITY,2044-07-08,434.277,18343.373,18777.651
12610,SUSC,2021-12-31,MATURITY,2044-07-11,872.989,0.0,872.989
12611,SUSC,2021-12-31,MATURITY,2044-07-12,128.224,0.0,128.224
12612,SUSC,2021-12-31,MATURITY,2044-07-13,383.788,0.0,383.788
12613,SUSC,2021-12-31,MATURITY,2044-07-14,3.106,0.0,3.106
12614,SUSC,2021-12-31,MATURITY,2044-07-15,4273.566,3012.048,7285.614
12615,SUSC,2021-12-31,MATURITY,2044-07-18,450.399,5512.048,5962.447
12616,SUSC,2021-12-31,MATURITY,2044-07-20,799.039,0.0,799.039
12617,SUSC,2021-12-31,MATURITY,2044-07-21,100.708,0.0,100.708
12618,SUSC,2021-12-31,MATURITY,2044-07-22,398.626,0.0,398.626
12619,SUSC,2021-12-31,MATURITY,2044-07-25,1893.025,0.0,1893.025
12620,SUSC,2021-12-31,MATURITY,2044-07-26,39.006,0.0,39.006
12621,SUSC,2021-12-31,MATURITY,2044-07-27,492.169,0.0,492.169
12622,SUSC,2021-12-31,MATURITY,2044-07-28,206.871,0.0,206.871
12623,SUSC,2021-12-31,MATURITY,2044-07-29,489.902,0.0,489.902
12624,SUSC,2021-12-31,MATURITY,2044-08-01,4792.3,1475.904,6268.204
12625,SUSC,2021-12-31,MATURITY,2044-08-02,132.53,0.0,132.53
12626,SUSC,2021-12-31,MATURITY,2044-08-03,242.417,0.0,242.417
12627,SUSC,2021-12-31,MATURITY,2044-08-04,387.214,0.0,387.214
12628,SUSC,2021-12-31,MATURITY,2044-08-05,352.688,0.0,352.688
12629,SUSC,2021-12-31,MATURITY,2044-08-08,632.837,0.0,632.837
12630,SUSC,2021-12-31,MATURITY,2044-08-09,330.06,0.0,330.06
12631,SUSC,2021-12-31,MATURITY,2044-08-10,269.488,0.0,269.488
12632,SUSC,2021-12-31,MATURITY,2044-08-12,447.729,0.0,447.729
12633,SUSC,2021-12-31,MATURITY,2044-08-15,6257.687,14668.675,20926.362
12634,SUSC,2021-12-31,MATURITY,2044-08-16,119.321,0.0,119.321
12635,SUSC,2021-12-31,MATURITY,2044-08-17,399.285,0.0,399.285
12636,SUSC,2021-12-31,MATURITY,2044-08-18,232.53,0.0,232.53
12637,SUSC,2021-12-31,MATURITY,2044-08-19,137.62,0.0,137.62
12638,SUSC,2021-12-31,MATURITY,2044-08-22,1770.568,0.0,1770.568
12639,SUSC,2021-12-31,MATURITY,2044-08-23,455.196,0.0,455.196
12640,SUSC,2021-12-31,MATURITY,2044-08-24,152.259,0.0,152.259
12641,SUSC,2021-12-31,MATURITY,2044-08-25,214.202,0.0,214.202
12642,SUSC,2021-12-31,MATURITY,2044-08-26,313.588,0.0,313.588
12643,SUSC,2021-12-31,MATURITY,2044-08-29,198.75,0.0,198.75
12644,SUSC,2021-12-31,MATURITY,2044-09-01,6630.533,16415.663,23046.196
12645,SUSC,2021-12-31,MATURITY,2044-09-02,98.788,0.0,98.788
12646,SUSC,2021-12-31,MATURITY,2044-09-06,635.204,0.0,635.204
12647,SUSC,2021-12-31,MATURITY,2044-09-07,229.816,0.0,229.816
12648,SUSC,2021-12-31,MATURITY,2044-09-08,269.286,0.0,269.286
12649,SUSC,2021-12-31,MATURITY,2044-09-09,328.08,0.0,328.08
12650,SUSC,2021-12-31,MATURITY,2044-09-12,365.979,0.0,365.979
12651,SUSC,2021-12-31,MATURITY,2044-09-13,403.549,0.0,403.549
12652,SUSC,2021-12-31,MATURITY,2044-09-14,205.535,0.0,205.535
12653,SUSC,2021-12-31,MATURITY,2044-09-15,9277.045,12801.205,22078.25
12654,SUSC,2021-12-31,MATURITY,2044-09-16,30.648,0.0,30.648
12655,SUSC,2021-12-31,MATURITY,2044-09-19,1549.536,0.0,1549.536
12656,SUSC,2021-12-31,MATURITY,2044-09-20,892.862,0.0,892.862
12657,SUSC,2021-12-31,MATURITY,2044-09-21,226.657,0.0,226.657
12658,SUSC,2021-12-31,MATURITY,2044-09-22,789.608,0.0,789.608
12659,SUSC,2021-12-31,MATURITY,2044-09-23,198.193,0.0,198.193
12660,SUSC,2021-12-31,MATURITY,2044-09-26,2256.887,0.0,2256.887
12661,SUSC,2021-12-31,MATURITY,2044-09-27,153.869,0.0,153.869
12662,SUSC,2021-12-31,MATURITY,2044-09-28,109.834,0.0,109.834
12663,SUSC,2021-12-31,MATURITY,2044-09-30,564.714,0.0,564.714
12664,SUSC,2021-12-31,MATURITY,2044-10-03,6932.631,22527.2,29459.831
12665,SUSC,2021-12-31,MATURITY,2044-10-05,183.286,0.0,183.286
12666,SUSC,2021-12-31,MATURITY,2044-10-06,279.912,0.0,279.912
12667,SUSC,2021-12-31,MATURITY,2044-10-11,53.84,0.0,53.84
12668,SUSC,2021-12-31,MATURITY,2044-10-14,422.214,0.0,422.214
12669,SUSC,2021-12-31,MATURITY,2044-10-17,6639.132,10843.373,17482.505
12670,SUSC,2021-12-31,MATURITY,2044-10-20,139.307,0.0,139.307
12671,SUSC,2021-12-31,MATURITY,2044-10-21,294.691,0.0,294.691
12672,SUSC,2021-12-31,MATURITY,2044-10-24,1139.846,1204.819,2344.666
12673,SUSC,2021-12-31,MATURITY,2044-10-25,12.236,0.0,12.236
12674,SUSC,2021-12-31,MATURITY,2044-10-26,213.14,0.0,213.14
12675,SUSC,2021-12-31,MATURITY,2044-10-27,246.85,0.0,246.85
12676,SUSC,2021-12-31,MATURITY,2044-10-28,73.908,0.0,73.908
12677,SUSC,2021-12-31,MATURITY,2044-10-31,403.965,0.0,403.965
12678,SUSC,2021-12-31,MATURITY,2044-11-01,5381.22,5210.843,10592.064
12679,SUSC,2021-12-31,MATURITY,2044-11-02,4.142,0.0,4.142
12680,SUSC,2021-12-31,MATURITY,2044-11-03,316.657,0.0,316.657
12681,SUSC,2021-12-31,MATURITY,2044-11-04,194.39,0.0,194.39
12682,SUSC,2021-12-31,MATURITY,2044-11-09,79.292,0.0,79.292
12683,SUSC,2021-12-31,MATURITY,2044-11-10,128.095,0.0,128.095
12684,SUSC,2021-12-31,MATURITY,2044-11-14,1893.528,0.0,1893.528
12685,SUSC,2021-12-31,MATURITY,2044-11-15,9124.397,23704.819,32829.217
12686,SUSC,2021-12-31,MATURITY,2044-11-16,703.411,0.0,703.411
12687,SUSC,2021-12-31,MATURITY,2044-11-18,144.465,0.0,144.465
12688,SUSC,2021-12-31,MATURITY,2044-11-21,1391.713,1475.904,2867.617
12689,SUSC,2021-12-31,MATURITY,2044-11-22,80.663,0.0,80.663
12690,SUSC,2021-12-31,MATURITY,2044-11-25,92.021,0.0,92.021
12691,SUSC,2021-12-31,MATURITY,2044-11-28,85.904,0.0,85.904
12692,SUSC,2021-12-31,MATURITY,2044-11-29,234.525,0.0,234.525
12693,SUSC,2021-12-31,MATURITY,2044-11-30,1131.544,0.0,1131.544
12694,SUSC,2021-12-31,MATURITY,2044-12-01,6376.489,3584.337,9960.827
12695,SUSC,2021-12-31,MATURITY,2044-12-02,91.762,0.0,91.762
12696,SUSC,2021-12-31,MATURITY,2044-12-05,576.439,7981.928,8558.367
12697,SUSC,2021-12-31,MATURITY,2044-12-06,616.945,0.0,616.945
12698,SUSC,2021-12-31,MATURITY,2044-12-07,283.622,0.0,283.622
12699,SUSC,2021-12-31,MATURITY,2044-12-08,136.651,0.0,136.651
12700,SUSC,2021-12-31,MATURITY,2044-12-09,135.09,0.0,135.09
12701,SUSC,2021-12-31,MATURITY,2044-12-12,116.943,0.0,116.943
12702,SUSC,2021-12-31,MATURITY,2044-12-14,352.922,0.0,352.922
12703,SUSC,2021-12-31,MATURITY,2044-12-15,6838.183,19246.988,26085.171
12704,SUSC,2021-12-31,MATURITY,2044-12-19,234.864,0.0,234.864
12705,SUSC,2021-12-31,MATURITY,2044-12-21,10.542,0.0,10.542
12706,SUSC,2021-12-31,MATURITY,2044-12-22,159.804,0.0,159.804
12707,SUSC,2021-12-31,MATURITY,2044-12-23,158.923,0.0,158.923
12708,SUSC,2021-12-31,MATURITY,2044-12-29,59.153,0.0,59.153
12709,SUSC,2021-12-31,MATURITY,2044-12-30,260.15,0.0,260.15
12710,SUSC,2021-12-31,MATURITY,2045-01-03,962.09,0.0,962.09
12711,SUSC,2021-12-31,MATURITY,2045-01-09,270.192,0.0,270.192
12712,SUSC,2021-12-31,MATURITY,2045-01-10,602.797,0.0,602.797
12713,SUSC,2021-12-31,MATURITY,2045-01-12,128.224,0.0,128.224
12714,SUSC,2021-12-31,MATURITY,2045-01-13,383.788,0.0,383.788
12715,SUSC,2021-12-31,MATURITY,2045-01-17,4523.983,10150.602,14674.586
12716,SUSC,2021-12-31,MATURITY,2045-01-20,799.039,0.0,799.039
12717,SUSC,2021-12-31,MATURITY,2045-01-23,2012.774,0.0,2012.774
12718,SUSC,2021-12-31,MATURITY,2045-01-24,115.373,0.0,115.373
12719,SUSC,2021-12-31,MATURITY,2045-01-25,264.211,0.0,264.211
12720,SUSC,2021-12-31,MATURITY,2045-01-26,39.006,2108.434,2147.44
12721,SUSC,2021-12-31,MATURITY,2045-01-27,492.169,22891.566,23383.735
12722,SUSC,2021-12-31,MATURITY,2045-01-30,1143.076,0.0,1143.076
12723,SUSC,2021-12-31,MATURITY,2045-01-31,191.958,0.0,191.958
12724,SUSC,2021-12-31,MATURITY,2045-02-01,4118.987,34427.711,38546.698
12725,SUSC,2021-12-31,MATURITY,2045-02-02,132.53,0.0,132.53
12726,SUSC,2021-12-31,MATURITY,2045-02-03,242.417,0.0,242.417
12727,SUSC,2021-12-31,MATURITY,2045-02-06,792.596,0.0,792.596
12728,SUSC,2021-12-31,MATURITY,2045-02-07,101.318,0.0,101.318
12729,SUSC,2021-12-31,MATURITY,2045-02-08,478.825,0.0,478.825
12730,SUSC,2021-12-31,MATURITY,2045-02-09,330.06,2198.795,2528.855
12731,SUSC,2021-12-31,MATURITY,2045-02-10,269.488,10993.976,11263.464
12732,SUSC,2021-12-31,MATURITY,2045-02-13,482.556,16265.06,16747.616
12733,SUSC,2021-12-31,MATURITY,2045-02-14,175.836,0.0,175.836
12734,SUSC,2021-12-31,MATURITY,2045-02-15,5696.98,15030.12,20727.1
12735,SUSC,2021-12-31,MATURITY,2045-02-16,119.321,0.0,119.321
12736,SUSC,2021-12-31,MATURITY,2045-02-17,399.285,0.0,399.285
12737,SUSC,2021-12-31,MATURITY,2045-02-21,1456.335,0.0,1456.335
12738,SUSC,2021-12-31,MATURITY,2045-02-22,684.384,0.0,684.384
12739,SUSC,2021-12-31,MATURITY,2045-02-23,455.196,0.0,455.196
12740,SUSC,2021-12-31,MATURITY,2045-02-24,152.259,0.0,152.259
12741,SUSC,2021-12-31,MATURITY,2045-02-27,527.79,0.0,527.79
12742,SUSC,2021-12-31,MATURITY,2045-02-28,198.75,0.0,198.75
12743,SUSC,2021-12-31,MATURITY,2045-03-01,6193.184,14397.59,20590.774
12744,SUSC,2021-12-31,MATURITY,2045-03-02,98.788,0.0,98.788
12745,SUSC,2021-12-31,MATURITY,2045-03-03,164.91,0.0,164.91
12746,SUSC,2021-12-31,MATURITY,2045-03-06,470.295,5662.651,6132.945
12747,SUSC,2021-12-31,MATURITY,2045-03-07,229.816,0.0,229.816
12748,SUSC,2021-12-31,MATURITY,2045-03-08,269.286,0.0,269.286
12749,SUSC,2021-12-31,MATURITY,2045-03-09,328.08,0.0,328.08
12750,SUSC,2021-12-31,MATURITY,2045-03-10,96.913,0.0,96.913
12751,SUSC,2021-12-31,MATURITY,2045-03-13,672.615,0.0,672.615
12752,SUSC,2021-12-31,MATURITY,2045-03-14,205.535,0.0,205.535
12753,SUSC,2021-12-31,MATURITY,2045-03-15,8972.858,37108.434,46081.292
12754,SUSC,2021-12-31,MATURITY,2045-03-16,30.648,0.0,30.648
12755,SUSC,2021-12-31,MATURITY,2045-03-17,1112.216,0.0,1112.216
12756,SUSC,2021-12-31,MATURITY,2045-03-20,1330.182,0.0,1330.182
12757,SUSC,2021-12-31,MATURITY,2045-03-21,226.657,0.0,226.657
12758,SUSC,2021-12-31,MATURITY,2045-03-22,789.608,0.0,789.608
12759,SUSC,2021-12-31,MATURITY,2045-03-23,198.193,0.0,198.193
12760,SUSC,2021-12-31,MATURITY,2045-03-24,223.024,0.0,223.024
12761,SUSC,2021-12-31,MATURITY,2045-03-27,2187.732,0.0,2187.732
12762,SUSC,2021-12-31,MATURITY,2045-03-28,109.834,0.0,109.834
12763,SUSC,2021-12-31,MATURITY,2045-03-30,339.864,9066.265,9406.13
12764,SUSC,2021-12-31,MATURITY,2045-03-31,224.849,6927.711,7152.56
12765,SUSC,2021-12-31,MATURITY,2045-04-03,6444.052,17590.361,24034.414
12766,SUSC,2021-12-31,MATURITY,2045-04-05,183.286,0.0,183.286
12767,SUSC,2021-12-31,MATURITY,2045-04-06,279.912,0.0,279.912
12768,SUSC,2021-12-31,MATURITY,2045-04-10,53.84,0.0,53.84
12769,SUSC,2021-12-31,MATURITY,2045-04-14,422.214,0.0,422.214
12770,SUSC,2021-12-31,MATURITY,2045-04-17,6402.204,0.0,6402.204
12771,SUSC,2021-12-31,MATURITY,2045-04-20,139.307,0.0,139.307
12772,SUSC,2021-12-31,MATURITY,2045-04-21,294.691,0.0,294.691
12773,SUSC,2021-12-31,MATURITY,2045-04-24,1114.244,0.0,1114.244
12774,SUSC,2021-12-31,MATURITY,2045-04-25,12.236,0.0,12.236
12775,SUSC,2021-12-31,MATURITY,2045-04-26,213.14,0.0,213.14
12776,SUSC,2021-12-31,MATURITY,2045-04-27,246.85,7048.193,7295.043
12777,SUSC,2021-12-31,MATURITY,2045-04-28,73.908,0.0,73.908
12778,SUSC,2021-12-31,MATURITY,2045-05-01,5664.033,12680.723,18344.756
12779,SUSC,2021-12-31,MATURITY,2045-05-02,4.142,0.0,4.142
12780,SUSC,2021-12-31,MATURITY,2045-05-03,316.657,0.0,316.657
12781,SUSC,2021-12-31,MATURITY,2045-05-04,194.39,0.0,194.39
12782,SUSC,2021-12-31,MATURITY,2045-05-09,79.292,0.0,79.292
12783,SUSC,2021-12-31,MATURITY,2045-05-10,128.095,0.0,128.095
12784,SUSC,2021-12-31,MATURITY,2045-05-11,359.081,0.0,359.081
12785,SUSC,2021-12-31,MATURITY,2045-05-12,126.845,0.0,126.845
12786,SUSC,2021-12-31,MATURITY,2045-05-15,9979.913,66024.096,76004.009
12787,SUSC,2021-12-31,MATURITY,2045-05-16,703.411,0.0,703.411
12788,SUSC,2021-12-31,MATURITY,2045-05-18,144.465,0.0,144.465
12789,SUSC,2021-12-31,MATURITY,2045-05-19,179.631,0.0,179.631
12790,SUSC,2021-12-31,MATURITY,2045-05-22,1259.906,5000.0,6259.906
12791,SUSC,2021-12-31,MATURITY,2045-05-24,23.72,0.0,23.72
12792,SUSC,2021-12-31,MATURITY,2045-05-25,68.301,0.0,68.301
12793,SUSC,2021-12-31,MATURITY,2045-05-26,85.904,3734.94,3820.843
12794,SUSC,2021-12-31,MATURITY,2045-05-30,1285.828,0.0,1285.828
12795,SUSC,2021-12-31,MATURITY,2045-05-31,80.241,0.0,80.241
12796,SUSC,2021-12-31,MATURITY,2045-06-01,6288.861,31084.337,37373.199
12797,SUSC,2021-12-31,MATURITY,2045-06-02,91.762,0.0,91.762
12798,SUSC,2021-12-31,MATURITY,2045-06-05,378.887,0.0,378.887
12799,SUSC,2021-12-31,MATURITY,2045-06-06,616.945,0.0,616.945
12800,SUSC,2021-12-31,MATURITY,2045-06-07,283.622,0.0,283.622
12801,SUSC,2021-12-31,MATURITY,2045-06-08,136.651,0.0,136.651
12802,SUSC,2021-12-31,MATURITY,2045-06-09,135.09,0.0,135.09
12803,SUSC,2021-12-31,MATURITY,2045-06-12,116.943,0.0,116.943
12804,SUSC,2021-12-31,MATURITY,2045-06-14,352.922,0.0,352.922
12805,SUSC,2021-12-31,MATURITY,2045-06-15,6386.102,30933.735,37319.837
12806,SUSC,2021-12-31,MATURITY,2045-06-19,234.864,0.0,234.864
12807,SUSC,2021-12-31,MATURITY,2045-06-21,10.542,0.0,10.542
12808,SUSC,2021-12-31,MATURITY,2045-06-22,159.804,0.0,159.804
12809,SUSC,2021-12-31,MATURITY,2045-06-23,158.923,6054.217,6213.14
12810,SUSC,2021-12-31,MATURITY,2045-06-29,59.153,0.0,59.153
12811,SUSC,2021-12-31,MATURITY,2045-06-30,260.15,0.0,260.15
12812,SUSC,2021-12-31,MATURITY,2045-07-03,962.09,0.0,962.09
12813,SUSC,2021-12-31,MATURITY,2045-07-10,872.989,4939.759,5812.748
12814,SUSC,2021-12-31,MATURITY,2045-07-12,128.224,0.0,128.224
12815,SUSC,2021-12-31,MATURITY,2045-07-13,383.788,0.0,383.788
12816,SUSC,2021-12-31,MATURITY,2045-07-14,3.106,0.0,3.106
12817,SUSC,2021-12-31,MATURITY,2045-07-17,4270.486,17048.193,21318.678
12818,SUSC,2021-12-31,MATURITY,2045-07-20,799.039,12771.084,13570.123
12819,SUSC,2021-12-31,MATURITY,2045-07-21,100.708,0.0,100.708
12820,SUSC,2021-12-31,MATURITY,2045-07-24,2027.44,0.0,2027.44
12821,SUSC,2021-12-31,MATURITY,2045-07-25,264.211,0.0,264.211
12822,SUSC,2021-12-31,MATURITY,2045-07-28,206.871,8945.783,9152.654
12823,SUSC,2021-12-31,MATURITY,2045-07-31,1128.163,19307.229,20435.392
12824,SUSC,2021-12-31,MATURITY,2045-08-01,3367.206,6566.265,9933.471
12825,SUSC,2021-12-31,MATURITY,2045-08-02,132.53,0.0,132.53
12826,SUSC,2021-12-31,MATURITY,2045-08-03,242.417,0.0,242.417
12827,SUSC,2021-12-31,MATURITY,2045-08-04,387.214,7439.759,7826.973
12828,SUSC,2021-12-31,MATURITY,2045-08-07,506.7,0.0,506.7
12829,SUSC,2021-12-31,MATURITY,2045-08-08,478.825,0.0,478.825
12830,SUSC,2021-12-31,MATURITY,2045-08-09,292.131,0.0,292.131
12831,SUSC,2021-12-31,MATURITY,2045-08-10,66.099,0.0,66.099
12832,SUSC,2021-12-31,MATURITY,2045-08-14,353.422,0.0,353.422
12833,SUSC,2021-12-31,MATURITY,2045-08-15,5320.136,25933.735,31253.871
12834,SUSC,2021-12-31,MATURITY,2045-08-16,119.321,0.0,119.321
12835,SUSC,2021-12-31,MATURITY,2045-08-17,399.285,9036.145,9435.429
12836,SUSC,2021-12-31,MATURITY,2045-08-18,232.53,0.0,232.53
12837,SUSC,2021-12-31,MATURITY,2045-08-21,1223.805,0.0,1223.805
12838,SUSC,2021-12-31,MATURITY,2045-08-22,684.384,0.0,684.384
12839,SUSC,2021-12-31,MATURITY,2045-08-23,455.196,0.0,455.196
12840,SUSC,2021-12-31,MATURITY,2045-08-24,152.259,0.0,152.259
12841,SUSC,2021-12-31,MATURITY,2045-08-25,214.202,3584.337,3798.539
12842,SUSC,2021-12-31,MATURITY,2045-08-28,512.338,0.0,512.338
12843,SUSC,2021-12-31,MATURITY,2045-09-01,5906.542,2108.434,8014.976
12844,SUSC,2021-12-31,MATURITY,2045-09-05,597.613,0.0,597.613
12845,SUSC,2021-12-31,MATURITY,2045-09-06,35.386,0.0,35.386
12846,SUSC,2021-12-31,MATURITY,2045-09-07,229.816,0.0,229.816
12847,SUSC,2021-12-31,MATURITY,2045-09-08,269.286,0.0,269.286
12848,SUSC,2021-12-31,MATURITY,2045-09-11,486.747,0.0,486.747
12849,SUSC,2021-12-31,MATURITY,2045-09-12,207.312,0.0,207.312
12850,SUSC,2021-12-31,MATURITY,2045-09-13,403.549,0.0,403.549
12851,SUSC,2021-12-31,MATURITY,2045-09-14,205.535,3554.217,3759.752
12852,SUSC,2021-12-31,MATURITY,2045-09-15,8125.302,35813.253,43938.555
12853,SUSC,2021-12-31,MATURITY,2045-09-18,1142.864,0.0,1142.864
12854,SUSC,2021-12-31,MATURITY,2045-09-19,437.32,0.0,437.32
12855,SUSC,2021-12-31,MATURITY,2045-09-20,892.862,0.0,892.862
12856,SUSC,2021-12-31,MATURITY,2045-09-21,226.657,0.0,226.657
12857,SUSC,2021-12-31,MATURITY,2045-09-22,789.608,0.0,789.608
12858,SUSC,2021-12-31,MATURITY,2045-09-25,2237.225,0.0,2237.225
12859,SUSC,2021-12-31,MATURITY,2045-09-26,217.854,0.0,217.854
12860,SUSC,2021-12-31,MATURITY,2045-09-27,153.869,0.0,153.869
12861,SUSC,2021-12-31,MATURITY,2045-09-28,109.834,0.0,109.834
12862,SUSC,2021-12-31,MATURITY,2045-10-02,5989.116,5207.885,11197.001
12863,SUSC,2021-12-31,MATURITY,2045-10-03,257.474,0.0,257.474
12864,SUSC,2021-12-31,MATURITY,2045-10-05,183.286,0.0,183.286
12865,SUSC,2021-12-31,MATURITY,2045-10-06,279.912,0.0,279.912
12866,SUSC,2021-12-31,MATURITY,2045-10-10,53.84,0.0,53.84
12867,SUSC,2021-12-31,MATURITY,2045-10-16,6659.862,18915.663,25575.525
12868,SUSC,2021-12-31,MATURITY,2045-10-17,164.556,0.0,164.556
12869,SUSC,2021-12-31,MATURITY,2045-10-20,139.307,0.0,139.307
12870,SUSC,2021-12-31,MATURITY,2045-10-23,1193.295,26295.181,27488.476
12871,SUSC,2021-12-31,MATURITY,2045-10-24,215.64,0.0,215.64
12872,SUSC,2021-12-31,MATURITY,2045-10-25,12.236,0.0,12.236
12873,SUSC,2021-12-31,MATURITY,2045-10-26,213.14,0.0,213.14
12874,SUSC,2021-12-31,MATURITY,2045-10-27,68.742,0.0,68.742
12875,SUSC,2021-12-31,MATURITY,2045-10-30,477.873,0.0,477.873
12876,SUSC,2021-12-31,MATURITY,2045-11-01,4981.092,6114.458,11095.55
12877,SUSC,2021-12-31,MATURITY,2045-11-02,4.142,0.0,4.142
12878,SUSC,2021-12-31,MATURITY,2045-11-03,316.657,8283.133,8599.789
12879,SUSC,2021-12-31,MATURITY,2045-11-06,194.39,0.0,194.39
12880,SUSC,2021-12-31,MATURITY,2045-11-09,79.292,0.0,79.292
12881,SUSC,2021-12-31,MATURITY,2045-11-10,128.095,0.0,128.095
12882,SUSC,2021-12-31,MATURITY,2045-11-13,732.763,0.0,732.763
12883,SUSC,2021-12-31,MATURITY,2045-11-14,577.884,0.0,577.884
12884,SUSC,2021-12-31,MATURITY,2045-11-15,7674.537,23493.976,31168.512
12885,SUSC,2021-12-31,MATURITY,2045-11-16,703.411,8524.096,9227.508
12886,SUSC,2021-12-31,MATURITY,2045-11-20,831.495,3102.41,3933.904
12887,SUSC,2021-12-31,MATURITY,2045-11-21,627.026,0.0,627.026
12888,SUSC,2021-12-31,MATURITY,2045-11-24,23.72,0.0,23.72
12889,SUSC,2021-12-31,MATURITY,2045-11-27,68.301,0.0,68.301
12890,SUSC,2021-12-31,MATURITY,2045-11-29,234.525,0.0,234.525
12891,SUSC,2021-12-31,MATURITY,2045-11-30,1131.544,0.0,1131.544
12892,SUSC,2021-12-31,MATURITY,2045-12-01,5503.447,8283.133,13786.58
12893,SUSC,2021-12-31,MATURITY,2045-12-04,470.649,0.0,470.649
12894,SUSC,2021-12-31,MATURITY,2045-12-06,616.945,0.0,616.945
12895,SUSC,2021-12-31,MATURITY,2045-12-07,283.622,0.0,283.622
12896,SUSC,2021-12-31,MATURITY,2045-12-08,136.651,0.0,136.651
12897,SUSC,2021-12-31,MATURITY,2045-12-11,252.033,5542.169,5794.202
12898,SUSC,2021-12-31,MATURITY,2045-12-14,352.922,13192.771,13545.693
12899,SUSC,2021-12-31,MATURITY,2045-12-15,5654.254,150.602,5804.856
12900,SUSC,2021-12-31,MATURITY,2045-12-18,108.66,0.0,108.66
12901,SUSC,2021-12-31,MATURITY,2045-12-19,126.205,0.0,126.205
12902,SUSC,2021-12-31,MATURITY,2045-12-21,10.542,0.0,10.542
12903,SUSC,2021-12-31,MATURITY,2045-12-22,159.804,0.0,159.804
12904,SUSC,2021-12-31,MATURITY,2045-12-29,59.153,0.0,59.153
12905,SUSC,2021-12-31,MATURITY,2046-01-02,1222.239,0.0,1222.239
12906,SUSC,2021-12-31,MATURITY,2046-01-09,519.608,0.0,519.608
12907,SUSC,2021-12-31,MATURITY,2046-01-10,234.827,0.0,234.827
12908,SUSC,2021-12-31,MATURITY,2046-01-12,128.224,0.0,128.224
12909,SUSC,2021-12-31,MATURITY,2046-01-16,4243.916,3704.819,7948.735
12910,SUSC,2021-12-31,MATURITY,2046-01-22,971.113,0.0,971.113
12911,SUSC,2021-12-31,MATURITY,2046-01-23,1513.44,0.0,1513.44
12912,SUSC,2021-12-31,MATURITY,2046-01-24,115.373,0.0,115.373
12913,SUSC,2021-12-31,MATURITY,2046-01-25,264.211,0.0,264.211
12914,SUSC,2021-12-31,MATURITY,2046-01-29,114.179,0.0,114.179
12915,SUSC,2021-12-31,MATURITY,2046-01-30,358.637,0.0,358.637
12916,SUSC,2021-12-31,MATURITY,2046-01-31,191.958,0.0,191.958
12917,SUSC,2021-12-31,MATURITY,2046-02-01,3214.435,36445.783,39660.218
12918,SUSC,2021-12-31,MATURITY,2046-02-02,132.53,0.0,132.53
12919,SUSC,2021-12-31,MATURITY,2046-02-05,787.026,0.0,787.026
12920,SUSC,2021-12-31,MATURITY,2046-02-06,52.694,0.0,52.694
12921,SUSC,2021-12-31,MATURITY,2046-02-07,101.318,0.0,101.318
12922,SUSC,2021-12-31,MATURITY,2046-02-08,478.825,0.0,478.825
12923,SUSC,2021-12-31,MATURITY,2046-02-09,292.131,0.0,292.131
12924,SUSC,2021-12-31,MATURITY,2046-02-12,208.859,0.0,208.859
12925,SUSC,2021-12-31,MATURITY,2046-02-13,34.827,0.0,34.827
12926,SUSC,2021-12-31,MATURITY,2046-02-14,175.836,0.0,175.836
12927,SUSC,2021-12-31,MATURITY,2046-02-15,4709.323,6024.096,10733.419
12928,SUSC,2021-12-31,MATURITY,2046-02-16,119.321,0.0,119.321
12929,SUSC,2021-12-31,MATURITY,2046-02-20,859.992,4518.072,5378.065
12930,SUSC,2021-12-31,MATURITY,2046-02-21,758.428,0.0,758.428
12931,SUSC,2021-12-31,MATURITY,2046-02-22,684.384,0.0,684.384
12932,SUSC,2021-12-31,MATURITY,2046-02-23,455.196,19578.313,20033.509
12933,SUSC,2021-12-31,MATURITY,2046-02-26,602.986,0.0,602.986
12934,SUSC,2021-12-31,MATURITY,2046-02-28,198.75,0.0,198.75
12935,SUSC,2021-12-31,MATURITY,2046-03-01,5859.403,51325.301,57184.705
12936,SUSC,2021-12-31,MATURITY,2046-03-02,98.788,0.0,98.788
12937,SUSC,2021-12-31,MATURITY,2046-03-05,498.825,8644.578,9143.404
12938,SUSC,2021-12-31,MATURITY,2046-03-06,35.386,0.0,35.386
12939,SUSC,2021-12-31,MATURITY,2046-03-07,229.816,0.0,229.816
12940,SUSC,2021-12-31,MATURITY,2046-03-08,269.286,0.0,269.286
12941,SUSC,2021-12-31,MATURITY,2046-03-09,328.08,0.0,328.08
12942,SUSC,2021-12-31,MATURITY,2046-03-12,365.979,0.0,365.979
12943,SUSC,2021-12-31,MATURITY,2046-03-13,403.549,0.0,403.549
12944,SUSC,2021-12-31,MATURITY,2046-03-14,114.458,0.0,114.458
12945,SUSC,2021-12-31,MATURITY,2046-03-15,7248.965,8253.012,15501.977
12946,SUSC,2021-12-31,MATURITY,2046-03-16,30.648,0.0,30.648
12947,SUSC,2021-12-31,MATURITY,2046-03-19,1549.536,0.0,1549.536
12948,SUSC,2021-12-31,MATURITY,2046-03-20,892.862,0.0,892.862
12949,SUSC,2021-12-31,MATURITY,2046-03-21,226.657,0.0,226.657
12950,SUSC,2021-12-31,MATURITY,2046-03-22,789.608,0.0,789.608
12951,SUSC,2021-12-31,MATURITY,2046-03-23,198.193,0.0,198.193
12952,SUSC,2021-12-31,MATURITY,2046-03-26,2256.887,0.0,2256.887
12953,SUSC,2021-12-31,MATURITY,2046-03-27,153.869,0.0,153.869
12954,SUSC,2021-12-31,MATURITY,2046-03-28,109.834,0.0,109.834
12955,SUSC,2021-12-31,MATURITY,2046-03-30,126.807,0.0,126.807
12956,SUSC,2021-12-31,MATURITY,2046-04-02,5738.576,32710.843,38449.42
12957,SUSC,2021-12-31,MATURITY,2046-04-03,257.474,0.0,257.474
12958,SUSC,2021-12-31,MATURITY,2046-04-05,183.286,1506.024,1689.311
12959,SUSC,2021-12-31,MATURITY,2046-04-06,279.912,0.0,279.912
12960,SUSC,2021-12-31,MATURITY,2046-04-09,53.84,0.0,53.84
12961,SUSC,2021-12-31,MATURITY,2046-04-16,6076.677,49066.265,55142.942
12962,SUSC,2021-12-31,MATURITY,2046-04-17,164.556,0.0,164.556
12963,SUSC,2021-12-31,MATURITY,2046-04-20,139.307,0.0,139.307
12964,SUSC,2021-12-31,MATURITY,2046-04-23,440.824,0.0,440.824
12965,SUSC,2021-12-31,MATURITY,2046-04-24,215.64,0.0,215.64
12966,SUSC,2021-12-31,MATURITY,2046-04-25,12.236,0.0,12.236
12967,SUSC,2021-12-31,MATURITY,2046-04-26,213.14,0.0,213.14
12968,SUSC,2021-12-31,MATURITY,2046-04-27,68.742,0.0,68.742
12969,SUSC,2021-12-31,MATURITY,2046-04-30,477.873,0.0,477.873
12970,SUSC,2021-12-31,MATURITY,2046-05-01,4862.625,0.0,4862.625
12971,SUSC,2021-12-31,MATURITY,2046-05-02,4.142,0.0,4.142
12972,SUSC,2021-12-31,MATURITY,2046-05-03,132.357,0.0,132.357
12973,SUSC,2021-12-31,MATURITY,2046-05-04,194.39,0.0,194.39
12974,SUSC,2021-12-31,MATURITY,2046-05-09,79.292,0.0,79.292
12975,SUSC,2021-12-31,MATURITY,2046-05-10,128.095,0.0,128.095
12976,SUSC,2021-12-31,MATURITY,2046-05-11,359.081,0.0,359.081
12977,SUSC,2021-12-31,MATURITY,2046-05-14,951.566,17590.361,18541.928
12978,SUSC,2021-12-31,MATURITY,2046-05-15,7118.174,18915.663,26033.836
12979,SUSC,2021-12-31,MATURITY,2046-05-16,516.947,0.0,516.947
12980,SUSC,2021-12-31,MATURITY,2046-05-18,144.465,5512.048,5656.514
12981,SUSC,2021-12-31,MATURITY,2046-05-21,1252.007,4216.867,5468.875
12982,SUSC,2021-12-31,MATURITY,2046-05-24,23.72,0.0,23.72
12983,SUSC,2021-12-31,MATURITY,2046-05-25,68.301,0.0,68.301
12984,SUSC,2021-12-31,MATURITY,2046-05-29,234.525,0.0,234.525
12985,SUSC,2021-12-31,MATURITY,2046-05-30,1051.303,0.0,1051.303
12986,SUSC,2021-12-31,MATURITY,2046-05-31,80.241,0.0,80.241
12987,SUSC,2021-12-31,MATURITY,2046-06-01,5300.571,5180.723,10481.294
12988,SUSC,2021-12-31,MATURITY,2046-06-04,470.649,0.0,470.649
12989,SUSC,2021-12-31,MATURITY,2046-06-06,616.945,0.0,616.945
12990,SUSC,2021-12-31,MATURITY,2046-06-07,283.622,0.0,283.622
12991,SUSC,2021-12-31,MATURITY,2046-06-08,136.651,0.0,136.651
12992,SUSC,2021-12-31,MATURITY,2046-06-11,116.943,0.0,116.943
12993,SUSC,2021-12-31,MATURITY,2046-06-14,69.277,0.0,69.277
12994,SUSC,2021-12-31,MATURITY,2046-06-15,5650.263,26656.627,32306.889
12995,SUSC,2021-12-31,MATURITY,2046-06-18,108.66,0.0,108.66
12996,SUSC,2021-12-31,MATURITY,2046-06-19,126.205,0.0,126.205
12997,SUSC,2021-12-31,MATURITY,2046-06-21,10.542,0.0,10.542
12998,SUSC,2021-12-31,MATURITY,2046-06-22,159.804,0.0,159.804
12999,SUSC,2021-12-31,MATURITY,2046-06-29,59.153,0.0,59.153
13000,SUSC,2021-12-31,MATURITY,2046-07-02,1222.239,0.0,1222.239
13001,SUSC,2021-12-31,MATURITY,2046-07-09,519.608,0.0,519.608
13002,SUSC,2021-12-31,MATURITY,2046-07-10,234.827,0.0,234.827
13003,SUSC,2021-12-31,MATURITY,2046-07-12,128.224,0.0,128.224
13004,SUSC,2021-12-31,MATURITY,2046-07-13,383.788,0.0,383.788
13005,SUSC,2021-12-31,MATURITY,2046-07-16,3773.991,50391.566,54165.557
13006,SUSC,2021-12-31,MATURITY,2046-07-20,471.78,0.0,471.78
13007,SUSC,2021-12-31,MATURITY,2046-07-23,2012.774,0.0,2012.774
13008,SUSC,2021-12-31,MATURITY,2046-07-24,115.373,0.0,115.373
13009,SUSC,2021-12-31,MATURITY,2046-07-25,264.211,0.0,264.211
13010,SUSC,2021-12-31,MATURITY,2046-07-30,472.816,7921.687,8394.503
13011,SUSC,2021-12-31,MATURITY,2046-07-31,191.958,0.0,191.958
13012,SUSC,2021-12-31,MATURITY,2046-08-01,2321.514,14006.024,16327.538
13013,SUSC,2021-12-31,MATURITY,2046-08-02,132.53,8283.133,8415.663
13014,SUSC,2021-12-31,MATURITY,2046-08-03,242.417,0.0,242.417
13015,SUSC,2021-12-31,MATURITY,2046-08-06,597.303,9969.88,10567.182
13016,SUSC,2021-12-31,MATURITY,2046-08-07,101.318,0.0,101.318
13017,SUSC,2021-12-31,MATURITY,2046-08-08,478.825,11596.386,12075.211
13018,SUSC,2021-12-31,MATURITY,2046-08-09,292.131,0.0,292.131
13019,SUSC,2021-12-31,MATURITY,2046-08-10,66.099,0.0,66.099
13020,SUSC,2021-12-31,MATURITY,2046-08-13,177.586,0.0,177.586
13021,SUSC,2021-12-31,MATURITY,2046-08-14,175.836,0.0,175.836
13022,SUSC,2021-12-31,MATURITY,2046-08-15,4557.214,19246.988,23804.202
13023,SUSC,2021-12-31,MATURITY,2046-08-16,119.321,0.0,119.321
13024,SUSC,2021-12-31,MATURITY,2046-08-17,162.086,0.0,162.086
13025,SUSC,2021-12-31,MATURITY,2046-08-20,591.732,0.0,591.732
13026,SUSC,2021-12-31,MATURITY,2046-08-21,758.428,18734.94,19493.368
13027,SUSC,2021-12-31,MATURITY,2046-08-22,684.384,0.0,684.384
13028,SUSC,2021-12-31,MATURITY,2046-08-24,152.259,0.0,152.259
13029,SUSC,2021-12-31,MATURITY,2046-08-27,450.727,0.0,450.727
13030,SUSC,2021-12-31,MATURITY,2046-08-28,198.75,0.0,198.75
13031,SUSC,2021-12-31,MATURITY,2046-09-04,5147.227,0.0,5147.227
13032,SUSC,2021-12-31,MATURITY,2046-09-05,22.59,0.0,22.59
13033,SUSC,2021-12-31,MATURITY,2046-09-06,35.386,0.0,35.386
13034,SUSC,2021-12-31,MATURITY,2046-09-07,229.816,0.0,229.816
13035,SUSC,2021-12-31,MATURITY,2046-09-10,694.278,0.0,694.278
13036,SUSC,2021-12-31,MATURITY,2046-09-11,61.755,0.0,61.755
13037,SUSC,2021-12-31,MATURITY,2046-09-12,207.312,0.0,207.312
13038,SUSC,2021-12-31,MATURITY,2046-09-13,403.549,0.0,403.549
13039,SUSC,2021-12-31,MATURITY,2046-09-14,114.458,0.0,114.458
13040,SUSC,2021-12-31,MATURITY,2046-09-17,8166.456,3253.012,11419.468
13041,SUSC,2021-12-31,MATURITY,2046-09-19,437.32,3042.169,3479.489
13042,SUSC,2021-12-31,MATURITY,2046-09-20,892.862,0.0,892.862
13043,SUSC,2021-12-31,MATURITY,2046-09-21,226.657,0.0,226.657
13044,SUSC,2021-12-31,MATURITY,2046-09-24,1210.825,0.0,1210.825
13045,SUSC,2021-12-31,MATURITY,2046-09-25,1816.009,0.0,1816.009
13046,SUSC,2021-12-31,MATURITY,2046-09-26,217.854,0.0,217.854
13047,SUSC,2021-12-31,MATURITY,2046-09-27,153.869,0.0,153.869
13048,SUSC,2021-12-31,MATURITY,2046-09-28,109.834,0.0,109.834
13049,SUSC,2021-12-31,MATURITY,2046-10-01,5104.371,18461.763,23566.134
13050,SUSC,2021-12-31,MATURITY,2046-10-03,257.474,0.0,257.474
13051,SUSC,2021-12-31,MATURITY,2046-10-05,145.636,0.0,145.636
13052,SUSC,2021-12-31,MATURITY,2046-10-09,333.753,4246.988,4580.741
13053,SUSC,2021-12-31,MATURITY,2046-10-15,5039.576,8132.53,13172.106
13054,SUSC,2021-12-31,MATURITY,2046-10-17,164.556,0.0,164.556
13055,SUSC,2021-12-31,MATURITY,2046-10-22,522.495,0.0,522.495
13056,SUSC,2021-12-31,MATURITY,2046-10-23,57.636,0.0,57.636
13057,SUSC,2021-12-31,MATURITY,2046-10-24,215.64,0.0,215.64
13058,SUSC,2021-12-31,MATURITY,2046-10-25,12.236,0.0,12.236
13059,SUSC,2021-12-31,MATURITY,2046-10-26,213.14,0.0,213.14
13060,SUSC,2021-12-31,MATURITY,2046-10-29,142.651,0.0,142.651
13061,SUSC,2021-12-31,MATURITY,2046-10-30,403.965,0.0,403.965
13062,SUSC,2021-12-31,MATURITY,2046-11-01,4862.625,19307.229,24169.854
13063,SUSC,2021-12-31,MATURITY,2046-11-02,4.142,0.0,4.142
13064,SUSC,2021-12-31,MATURITY,2046-11-05,326.747,0.0,326.747
13065,SUSC,2021-12-31,MATURITY,2046-11-09,79.292,0.0,79.292
13066,SUSC,2021-12-31,MATURITY,2046-11-13,797.123,0.0,797.123
13067,SUSC,2021-12-31,MATURITY,2046-11-14,248.155,0.0,248.155
13068,SUSC,2021-12-31,MATURITY,2046-11-15,6693.241,10542.169,17235.41
13069,SUSC,2021-12-31,MATURITY,2046-11-16,516.947,0.0,516.947
13070,SUSC,2021-12-31,MATURITY,2046-11-19,106.739,0.0,106.739
13071,SUSC,2021-12-31,MATURITY,2046-11-20,445.35,0.0,445.35
13072,SUSC,2021-12-31,MATURITY,2046-11-21,627.026,4849.398,5476.423
13073,SUSC,2021-12-31,MATURITY,2046-11-26,92.021,0.0,92.021
13074,SUSC,2021-12-31,MATURITY,2046-11-29,234.525,0.0,234.525
13075,SUSC,2021-12-31,MATURITY,2046-11-30,1131.544,19036.145,20167.688
13076,SUSC,2021-12-31,MATURITY,2046-12-03,5495.91,13012.048,18507.958
13077,SUSC,2021-12-31,MATURITY,2046-12-04,158.744,0.0,158.744
13078,SUSC,2021-12-31,MATURITY,2046-12-06,616.945,0.0,616.945
13079,SUSC,2021-12-31,MATURITY,2046-12-07,283.622,0.0,283.622
13080,SUSC,2021-12-31,MATURITY,2046-12-10,253.594,0.0,253.594
13081,SUSC,2021-12-31,MATURITY,2046-12-14,69.277,0.0,69.277
13082,SUSC,2021-12-31,MATURITY,2046-12-17,5190.639,14969.88,20160.519
13083,SUSC,2021-12-31,MATURITY,2046-12-19,126.205,0.0,126.205
13084,SUSC,2021-12-31,MATURITY,2046-12-21,10.542,0.0,10.542
13085,SUSC,2021-12-31,MATURITY,2046-12-24,159.804,0.0,159.804
13086,SUSC,2021-12-31,MATURITY,2046-12-31,319.303,0.0,319.303
13087,SUSC,2021-12-31,MATURITY,2047-01-02,962.09,0.0,962.09
13088,SUSC,2021-12-31,MATURITY,2047-01-09,519.608,0.0,519.608
13089,SUSC,2021-12-31,MATURITY,2047-01-10,234.827,9487.952,9722.779
13090,SUSC,2021-12-31,MATURITY,2047-01-14,515.118,0.0,515.118
13091,SUSC,2021-12-31,MATURITY,2047-01-15,2435.102,8343.373,10778.475
13092,SUSC,2021-12-31,MATURITY,2047-01-16,231.928,0.0,231.928
13093,SUSC,2021-12-31,MATURITY,2047-01-22,971.113,18222.892,19194.005
13094,SUSC,2021-12-31,MATURITY,2047-01-23,1513.44,0.0,1513.44
13095,SUSC,2021-12-31,MATURITY,2047-01-24,115.373,0.0,115.373
13096,SUSC,2021-12-31,MATURITY,2047-01-25,264.211,0.0,264.211
13097,SUSC,2021-12-31,MATURITY,2047-01-29,114.179,0.0,114.179
13098,SUSC,2021-12-31,MATURITY,2047-01-30,232.402,6054.217,6286.619
13099,SUSC,2021-12-31,MATURITY,2047-01-31,191.958,0.0,191.958
13100,SUSC,2021-12-31,MATURITY,2047-02-01,2026.22,7620.482,9646.702
13101,SUSC,2021-12-31,MATURITY,2047-02-04,242.417,0.0,242.417
13102,SUSC,2021-12-31,MATURITY,2047-02-05,352.688,0.0,352.688
13103,SUSC,2021-12-31,MATURITY,2047-02-06,52.694,1355.422,1408.116
13104,SUSC,2021-12-31,MATURITY,2047-02-07,101.318,0.0,101.318
13105,SUSC,2021-12-31,MATURITY,2047-02-08,264.292,0.0,264.292
13106,SUSC,2021-12-31,MATURITY,2047-02-11,358.23,3524.096,3882.327
13107,SUSC,2021-12-31,MATURITY,2047-02-12,142.759,0.0,142.759
13108,SUSC,2021-12-31,MATURITY,2047-02-13,34.827,1506.024,1540.851
13109,SUSC,2021-12-31,MATURITY,2047-02-14,175.836,0.0,175.836
13110,SUSC,2021-12-31,MATURITY,2047-02-15,4195.724,6114.458,10310.181
13111,SUSC,2021-12-31,MATURITY,2047-02-19,545.383,0.0,545.383
13112,SUSC,2021-12-31,MATURITY,2047-02-20,327.756,0.0,327.756
13113,SUSC,2021-12-31,MATURITY,2047-02-21,302.982,0.0,302.982
13114,SUSC,2021-12-31,MATURITY,2047-02-22,684.384,0.0,684.384
13115,SUSC,2021-12-31,MATURITY,2047-02-25,289.398,0.0,289.398
13116,SUSC,2021-12-31,MATURITY,2047-02-26,313.588,0.0,313.588
13117,SUSC,2021-12-31,MATURITY,2047-02-28,198.75,0.0,198.75
13118,SUSC,2021-12-31,MATURITY,2047-03-01,4804.528,21024.096,25828.624
13119,SUSC,2021-12-31,MATURITY,2047-03-04,342.7,8795.181,9137.88
13120,SUSC,2021-12-31,MATURITY,2047-03-05,22.59,0.0,22.59
13121,SUSC,2021-12-31,MATURITY,2047-03-06,35.386,0.0,35.386
13122,SUSC,2021-12-31,MATURITY,2047-03-07,229.816,0.0,229.816
13123,SUSC,2021-12-31,MATURITY,2047-03-08,269.286,10331.325,10600.611
13124,SUSC,2021-12-31,MATURITY,2047-03-11,486.747,0.0,486.747
13125,SUSC,2021-12-31,MATURITY,2047-03-12,207.312,0.0,207.312
13126,SUSC,2021-12-31,MATURITY,2047-03-13,403.549,0.0,403.549
13127,SUSC,2021-12-31,MATURITY,2047-03-14,114.458,0.0,114.458
13128,SUSC,2021-12-31,MATURITY,2047-03-15,6956.859,5060.241,12017.1
13129,SUSC,2021-12-31,MATURITY,2047-03-18,1142.864,1114.458,2257.322
13130,SUSC,2021-12-31,MATURITY,2047-03-19,389.786,0.0,389.786
13131,SUSC,2021-12-31,MATURITY,2047-03-20,892.862,0.0,892.862
13132,SUSC,2021-12-31,MATURITY,2047-03-21,226.657,0.0,226.657
13133,SUSC,2021-12-31,MATURITY,2047-03-22,789.608,0.0,789.608
13134,SUSC,2021-12-31,MATURITY,2047-03-25,2237.225,0.0,2237.225
13135,SUSC,2021-12-31,MATURITY,2047-03-26,217.854,0.0,217.854
13136,SUSC,2021-12-31,MATURITY,2047-03-27,153.869,0.0,153.869
13137,SUSC,2021-12-31,MATURITY,2047-03-28,109.834,0.0,109.834
13138,SUSC,2021-12-31,MATURITY,2047-04-01,4727.372,23885.542,28612.914
13139,SUSC,2021-12-31,MATURITY,2047-04-03,257.474,0.0,257.474
13140,SUSC,2021-12-31,MATURITY,2047-04-05,145.636,0.0,145.636
13141,SUSC,2021-12-31,MATURITY,2047-04-08,206.652,0.0,206.652
13142,SUSC,2021-12-31,MATURITY,2047-04-09,53.84,0.0,53.84
13143,SUSC,2021-12-31,MATURITY,2047-04-15,4433.13,17259.036,21692.167
13144,SUSC,2021-12-31,MATURITY,2047-04-16,448.245,0.0,448.245
13145,SUSC,2021-12-31,MATURITY,2047-04-17,164.556,0.0,164.556
13146,SUSC,2021-12-31,MATURITY,2047-04-22,522.495,0.0,522.495
13147,SUSC,2021-12-31,MATURITY,2047-04-23,57.636,0.0,57.636
13148,SUSC,2021-12-31,MATURITY,2047-04-24,215.64,0.0,215.64
13149,SUSC,2021-12-31,MATURITY,2047-04-25,12.236,0.0,12.236
13150,SUSC,2021-12-31,MATURITY,2047-04-26,213.14,0.0,213.14
13151,SUSC,2021-12-31,MATURITY,2047-04-29,142.651,0.0,142.651
13152,SUSC,2021-12-31,MATURITY,2047-04-30,403.965,0.0,403.965
13153,SUSC,2021-12-31,MATURITY,2047-05-01,4491.612,22409.639,26901.251
13154,SUSC,2021-12-31,MATURITY,2047-05-02,4.142,0.0,4.142
13155,SUSC,2021-12-31,MATURITY,2047-05-03,132.357,6536.145,6668.502
13156,SUSC,2021-12-31,MATURITY,2047-05-06,194.39,9789.157,9983.547
13157,SUSC,2021-12-31,MATURITY,2047-05-09,79.292,3524.096,3603.389
13158,SUSC,2021-12-31,MATURITY,2047-05-10,128.095,0.0,128.095
13159,SUSC,2021-12-31,MATURITY,2047-05-13,669.028,4819.277,5488.305
13160,SUSC,2021-12-31,MATURITY,2047-05-14,248.155,0.0,248.155
13161,SUSC,2021-12-31,MATURITY,2047-05-15,6466.984,11566.265,18033.249
13162,SUSC,2021-12-31,MATURITY,2047-05-16,516.947,0.0,516.947
13163,SUSC,2021-12-31,MATURITY,2047-05-20,552.09,5271.084,5823.174
13164,SUSC,2021-12-31,MATURITY,2047-05-21,534.887,0.0,534.887
13165,SUSC,2021-12-31,MATURITY,2047-05-24,23.72,0.0,23.72
13166,SUSC,2021-12-31,MATURITY,2047-05-28,68.301,0.0,68.301
13167,SUSC,2021-12-31,MATURITY,2047-05-29,234.525,0.0,234.525
13168,SUSC,2021-12-31,MATURITY,2047-05-30,598.23,5361.446,5959.676
13169,SUSC,2021-12-31,MATURITY,2047-05-31,80.241,0.0,80.241
13170,SUSC,2021-12-31,MATURITY,2047-06-03,5185.8,22530.12,27715.921
13171,SUSC,2021-12-31,MATURITY,2047-06-04,158.744,0.0,158.744
13172,SUSC,2021-12-31,MATURITY,2047-06-06,616.945,11837.349,12454.295
13173,SUSC,2021-12-31,MATURITY,2047-06-07,283.622,0.0,283.622
13174,SUSC,2021-12-31,MATURITY,2047-06-10,253.594,0.0,253.594
13175,SUSC,2021-12-31,MATURITY,2047-06-14,69.277,0.0,69.277
13176,SUSC,2021-12-31,MATURITY,2047-06-17,4862.992,42349.398,47212.39
13177,SUSC,2021-12-31,MATURITY,2047-06-19,126.205,0.0,126.205
13178,SUSC,2021-12-31,MATURITY,2047-06-21,10.542,0.0,10.542
13179,SUSC,2021-12-31,MATURITY,2047-06-24,159.804,3102.41,3262.214
13180,SUSC,2021-12-31,MATURITY,2047-07-01,1008.546,753.012,1761.558
13181,SUSC,2021-12-31,MATURITY,2047-07-02,272.846,0.0,272.846
13182,SUSC,2021-12-31,MATURITY,2047-07-09,519.608,0.0,519.608
13183,SUSC,2021-12-31,MATURITY,2047-07-12,128.224,0.0,128.224
13184,SUSC,2021-12-31,MATURITY,2047-07-15,2642.688,13192.771,15835.459
13185,SUSC,2021-12-31,MATURITY,2047-07-16,231.928,0.0,231.928
13186,SUSC,2021-12-31,MATURITY,2047-07-22,348.776,0.0,348.776
13187,SUSC,2021-12-31,MATURITY,2047-07-23,1513.44,0.0,1513.44
13188,SUSC,2021-12-31,MATURITY,2047-07-24,115.373,0.0,115.373
13189,SUSC,2021-12-31,MATURITY,2047-07-25,264.211,0.0,264.211
13190,SUSC,2021-12-31,MATURITY,2047-07-29,114.179,0.0,114.179
13191,SUSC,2021-12-31,MATURITY,2047-07-30,100.723,0.0,100.723
13192,SUSC,2021-12-31,MATURITY,2047-07-31,191.958,0.0,191.958
13193,SUSC,2021-12-31,MATURITY,2047-08-01,1857.154,14728.916,16586.069
13194,SUSC,2021-12-31,MATURITY,2047-08-05,595.105,0.0,595.105
13195,SUSC,2021-12-31,MATURITY,2047-08-06,23.892,0.0,23.892
13196,SUSC,2021-12-31,MATURITY,2047-08-07,101.318,0.0,101.318
13197,SUSC,2021-12-31,MATURITY,2047-08-08,264.292,0.0,264.292
13198,SUSC,2021-12-31,MATURITY,2047-08-09,217.244,0.0,217.244
13199,SUSC,2021-12-31,MATURITY,2047-08-12,208.859,0.0,208.859
13200,SUSC,2021-12-31,MATURITY,2047-08-14,175.836,0.0,175.836
13201,SUSC,2021-12-31,MATURITY,2047-08-15,4034.767,40331.325,44366.093
13202,SUSC,2021-12-31,MATURITY,2047-08-16,119.321,0.0,119.321
13203,SUSC,2021-12-31,MATURITY,2047-08-19,426.062,0.0,426.062
13204,SUSC,2021-12-31,MATURITY,2047-08-20,327.756,0.0,327.756
13205,SUSC,2021-12-31,MATURITY,2047-08-21,302.982,0.0,302.982
13206,SUSC,2021-12-31,MATURITY,2047-08-22,479.346,7710.843,8190.19
13207,SUSC,2021-12-31,MATURITY,2047-08-26,450.727,0.0,450.727
13208,SUSC,2021-12-31,MATURITY,2047-08-27,152.259,0.0,152.259
13209,SUSC,2021-12-31,MATURITY,2047-08-28,198.75,0.0,198.75
13210,SUSC,2021-12-31,MATURITY,2047-09-03,4410.273,9307.229,13717.502
13211,SUSC,2021-12-31,MATURITY,2047-09-04,79.002,0.0,79.002
13212,SUSC,2021-12-31,MATURITY,2047-09-05,22.59,0.0,22.59
13213,SUSC,2021-12-31,MATURITY,2047-09-06,35.386,0.0,35.386
13214,SUSC,2021-12-31,MATURITY,2047-09-09,557.895,0.0,557.895
13215,SUSC,2021-12-31,MATURITY,2047-09-10,96.913,0.0,96.913
13216,SUSC,2021-12-31,MATURITY,2047-09-11,61.755,0.0,61.755
13217,SUSC,2021-12-31,MATURITY,2047-09-12,207.312,7439.759,7647.071
13218,SUSC,2021-12-31,MATURITY,2047-09-13,403.549,0.0,403.549
13219,SUSC,2021-12-31,MATURITY,2047-09-16,6958.704,16325.301,23284.005
13220,SUSC,2021-12-31,MATURITY,2047-09-17,1112.216,0.0,1112.216
13221,SUSC,2021-12-31,MATURITY,2047-09-19,389.786,0.0,389.786
13222,SUSC,2021-12-31,MATURITY,2047-09-20,892.862,14578.313,15471.175
13223,SUSC,2021-12-31,MATURITY,2047-09-23,1214.458,0.0,1214.458
13224,SUSC,2021-12-31,MATURITY,2047-09-24,223.024,0.0,223.024
13225,SUSC,2021-12-31,MATURITY,2047-09-25,1816.009,0.0,1816.009
13226,SUSC,2021-12-31,MATURITY,2047-09-26,217.854,0.0,217.854
13227,SUSC,2021-12-31,MATURITY,2047-09-27,153.869,0.0,153.869
13228,SUSC,2021-12-31,MATURITY,2047-09-30,270.979,1807.229,2078.208
13229,SUSC,2021-12-31,MATURITY,2047-10-01,3994.458,2985.596,6980.054
13230,SUSC,2021-12-31,MATURITY,2047-10-03,257.474,7379.518,7636.992
13231,SUSC,2021-12-31,MATURITY,2047-10-07,352.288,0.0,352.288
13232,SUSC,2021-12-31,MATURITY,2047-10-09,53.84,0.0,53.84
13233,SUSC,2021-12-31,MATURITY,2047-10-15,4522.694,17650.602,22173.296
13234,SUSC,2021-12-31,MATURITY,2047-10-17,164.556,0.0,164.556
13235,SUSC,2021-12-31,MATURITY,2047-10-21,160.015,0.0,160.015
13236,SUSC,2021-12-31,MATURITY,2047-10-22,362.48,0.0,362.48
13237,SUSC,2021-12-31,MATURITY,2047-10-23,57.636,0.0,57.636
13238,SUSC,2021-12-31,MATURITY,2047-10-24,137.288,0.0,137.288
13239,SUSC,2021-12-31,MATURITY,2047-10-25,12.236,0.0,12.236
13240,SUSC,2021-12-31,MATURITY,2047-10-28,355.791,0.0,355.791
13241,SUSC,2021-12-31,MATURITY,2047-10-30,403.965,0.0,403.965
13242,SUSC,2021-12-31,MATURITY,2047-11-01,3889.353,9759.036,13648.389
13243,SUSC,2021-12-31,MATURITY,2047-11-04,4.142,150.602,154.744
13244,SUSC,2021-12-31,MATURITY,2047-11-12,515.226,0.0,515.226
13245,SUSC,2021-12-31,MATURITY,2047-11-13,183.102,3463.855,3646.958
13246,SUSC,2021-12-31,MATURITY,2047-11-14,248.155,0.0,248.155
13247,SUSC,2021-12-31,MATURITY,2047-11-15,6204.13,24096.386,30300.515
13248,SUSC,2021-12-31,MATURITY,2047-11-18,530.501,0.0,530.501
13249,SUSC,2021-12-31,MATURITY,2047-11-19,93.185,0.0,93.185
13250,SUSC,2021-12-31,MATURITY,2047-11-20,332.022,0.0,332.022
13251,SUSC,2021-12-31,MATURITY,2047-11-21,534.887,2138.554,2673.442
13252,SUSC,2021-12-31,MATURITY,2047-11-25,92.021,0.0,92.021
13253,SUSC,2021-12-31,MATURITY,2047-11-29,234.525,0.0,234.525
13254,SUSC,2021-12-31,MATURITY,2047-12-02,5053.195,24638.554,29691.749
13255,SUSC,2021-12-31,MATURITY,2047-12-03,220.143,0.0,220.143
13256,SUSC,2021-12-31,MATURITY,2047-12-04,158.744,0.0,158.744
13257,SUSC,2021-12-31,MATURITY,2047-12-06,340.602,1716.867,2057.47
13258,SUSC,2021-12-31,MATURITY,2047-12-09,420.273,12891.566,13311.839
13259,SUSC,2021-12-31,MATURITY,2047-12-10,116.943,0.0,116.943
13260,SUSC,2021-12-31,MATURITY,2047-12-16,3831.797,32710.843,36542.64
13261,SUSC,2021-12-31,MATURITY,2047-12-17,108.66,0.0,108.66
13262,SUSC,2021-12-31,MATURITY,2047-12-19,126.205,0.0,126.205
13263,SUSC,2021-12-31,MATURITY,2047-12-23,97.44,0.0,97.44
13264,SUSC,2021-12-31,MATURITY,2047-12-30,319.303,0.0,319.303
13265,SUSC,2021-12-31,MATURITY,2048-01-02,946.465,0.0,946.465
13266,SUSC,2021-12-31,MATURITY,2048-01-09,519.608,12439.759,12959.367
13267,SUSC,2021-12-31,MATURITY,2048-01-13,353.224,0.0,353.224
13268,SUSC,2021-12-31,MATURITY,2048-01-14,3.106,0.0,3.106
13269,SUSC,2021-12-31,MATURITY,2048-01-15,2110.087,7921.687,10031.773
13270,SUSC,2021-12-31,MATURITY,2048-01-16,231.928,0.0,231.928
13271,SUSC,2021-12-31,MATURITY,2048-01-21,348.776,19939.759,20288.535
13272,SUSC,2021-12-31,MATURITY,2048-01-23,1513.44,0.0,1513.44
13273,SUSC,2021-12-31,MATURITY,2048-01-24,47.761,0.0,47.761
13274,SUSC,2021-12-31,MATURITY,2048-01-27,264.211,0.0,264.211
13275,SUSC,2021-12-31,MATURITY,2048-01-29,114.179,0.0,114.179
13276,SUSC,2021-12-31,MATURITY,2048-01-30,100.723,4578.313,4679.036
13277,SUSC,2021-12-31,MATURITY,2048-01-31,191.958,0.0,191.958
13278,SUSC,2021-12-31,MATURITY,2048-02-03,1823.419,24337.349,26160.768
13279,SUSC,2021-12-31,MATURITY,2048-02-05,352.688,0.0,352.688
13280,SUSC,2021-12-31,MATURITY,2048-02-06,23.892,0.0,23.892
13281,SUSC,2021-12-31,MATURITY,2048-02-07,101.318,0.0,101.318
13282,SUSC,2021-12-31,MATURITY,2048-02-10,547.636,0.0,547.636
13283,SUSC,2021-12-31,MATURITY,2048-02-12,142.759,0.0,142.759
13284,SUSC,2021-12-31,MATURITY,2048-02-14,175.836,0.0,175.836
13285,SUSC,2021-12-31,MATURITY,2048-02-18,3747.214,23765.06,27512.274
13286,SUSC,2021-12-31,MATURITY,2048-02-19,31.446,0.0,31.446
13287,SUSC,2021-12-31,MATURITY,2048-02-20,327.756,9457.831,9785.587
13288,SUSC,2021-12-31,MATURITY,2048-02-21,302.982,6054.217,6357.199
13289,SUSC,2021-12-31,MATURITY,2048-02-24,475.461,16596.386,17071.846
13290,SUSC,2021-12-31,MATURITY,2048-02-25,137.139,0.0,137.139
13291,SUSC,2021-12-31,MATURITY,2048-02-26,313.588,6114.458,6428.046
13292,SUSC,2021-12-31,MATURITY,2048-02-28,198.75,9578.313,9777.063
13293,SUSC,2021-12-31,MATURITY,2048-03-02,4223.85,67771.084,71994.934
13294,SUSC,2021-12-31,MATURITY,2048-03-04,79.002,0.0,79.002
13295,SUSC,2021-12-31,MATURITY,2048-03-05,22.59,0.0,22.59
13296,SUSC,2021-12-31,MATURITY,2048-03-06,35.386,1445.783,1481.169
13297,SUSC,2021-12-31,MATURITY,2048-03-09,557.895,10933.735,11491.63
13298,SUSC,2021-12-31,MATURITY,2048-03-10,96.913,0.0,96.913
13299,SUSC,2021-12-31,MATURITY,2048-03-11,61.755,0.0,61.755
13300,SUSC,2021-12-31,MATURITY,2048-03-12,61.551,0.0,61.551
13301,SUSC,2021-12-31,MATURITY,2048-03-13,403.549,0.0,403.549
13302,SUSC,2021-12-31,MATURITY,2048-03-16,6654.321,25180.723,31835.044
13303,SUSC,2021-12-31,MATURITY,2048-03-17,1112.216,0.0,1112.216
13304,SUSC,2021-12-31,MATURITY,2048-03-19,389.786,0.0,389.786
13305,SUSC,2021-12-31,MATURITY,2048-03-20,530.618,0.0,530.618
13306,SUSC,2021-12-31,MATURITY,2048-03-23,1214.458,0.0,1214.458
13307,SUSC,2021-12-31,MATURITY,2048-03-24,223.024,0.0,223.024
13308,SUSC,2021-12-31,MATURITY,2048-03-25,1816.009,31415.663,33231.672
13309,SUSC,2021-12-31,MATURITY,2048-03-26,217.854,0.0,217.854
13310,SUSC,2021-12-31,MATURITY,2048-03-27,153.869,2409.639,2563.508
13311,SUSC,2021-12-31,MATURITY,2048-03-30,236.642,0.0,236.642
13312,SUSC,2021-12-31,MATURITY,2048-04-01,3928.598,28343.373,32271.972
13313,SUSC,2021-12-31,MATURITY,2048-04-03,102.504,0.0,102.504
13314,SUSC,2021-12-31,MATURITY,2048-04-06,157.079,0.0,157.079
13315,SUSC,2021-12-31,MATURITY,2048-04-07,195.209,0.0,195.209
13316,SUSC,2021-12-31,MATURITY,2048-04-09,53.84,0.0,53.84
13317,SUSC,2021-12-31,MATURITY,2048-04-15,4198.353,23584.337,27782.69
13318,SUSC,2021-12-31,MATURITY,2048-04-17,164.556,753.012,917.568
13319,SUSC,2021-12-31,MATURITY,2048-04-20,139.307,5572.289,5711.596
13320,SUSC,2021-12-31,MATURITY,2048-04-21,20.708,0.0,20.708
13321,SUSC,2021-12-31,MATURITY,2048-04-22,362.48,0.0,362.48
13322,SUSC,2021-12-31,MATURITY,2048-04-23,57.636,0.0,57.636
13323,SUSC,2021-12-31,MATURITY,2048-04-24,137.288,7018.072,7155.36
13324,SUSC,2021-12-31,MATURITY,2048-04-27,294.119,0.0,294.119
13325,SUSC,2021-12-31,MATURITY,2048-04-28,73.908,0.0,73.908
13326,SUSC,2021-12-31,MATURITY,2048-04-30,403.965,0.0,403.965
13327,SUSC,2021-12-31,MATURITY,2048-05-01,3694.958,12560.241,16255.199
13328,SUSC,2021-12-31,MATURITY,2048-05-11,388.381,0.0,388.381
13329,SUSC,2021-12-31,MATURITY,2048-05-12,126.845,0.0,126.845
13330,SUSC,2021-12-31,MATURITY,2048-05-13,118.155,0.0,118.155
13331,SUSC,2021-12-31,MATURITY,2048-05-14,248.155,0.0,248.155
13332,SUSC,2021-12-31,MATURITY,2048-05-15,5476.771,23072.289,28549.06
13333,SUSC,2021-12-31,MATURITY,2048-05-18,530.501,0.0,530.501
13334,SUSC,2021-12-31,MATURITY,2048-05-19,93.185,0.0,93.185
13335,SUSC,2021-12-31,MATURITY,2048-05-20,332.022,0.0,332.022
13336,SUSC,2021-12-31,MATURITY,2048-05-21,494.127,0.0,494.127
13337,SUSC,2021-12-31,MATURITY,2048-05-26,92.021,1867.47,1959.491
13338,SUSC,2021-12-31,MATURITY,2048-05-29,234.525,0.0,234.525
13339,SUSC,2021-12-31,MATURITY,2048-06-01,4543.274,43765.06,48308.334
13340,SUSC,2021-12-31,MATURITY,2048-06-02,39.684,0.0,39.684
13341,SUSC,2021-12-31,MATURITY,2048-06-03,220.143,0.0,220.143
13342,SUSC,2021-12-31,MATURITY,2048-06-04,158.744,0.0,158.744
13343,SUSC,2021-12-31,MATURITY,2048-06-08,479.371,0.0,479.371
13344,SUSC,2021-12-31,MATURITY,2048-06-10,116.943,0.0,116.943
13345,SUSC,2021-12-31,MATURITY,2048-06-15,3155.709,26204.819,29360.529
13346,SUSC,2021-12-31,MATURITY,2048-06-17,108.66,0.0,108.66
13347,SUSC,2021-12-31,MATURITY,2048-06-19,126.205,0.0,126.205
13348,SUSC,2021-12-31,MATURITY,2048-06-22,97.44,0.0,97.44
13349,SUSC,2021-12-31,MATURITY,2048-06-29,59.153,0.0,59.153
13350,SUSC,2021-12-31,MATURITY,2048-06-30,260.15,0.0,260.15
13351,SUSC,2021-12-31,MATURITY,2048-07-01,673.618,0.0,673.618
13352,SUSC,2021-12-31,MATURITY,2048-07-02,272.846,0.0,272.846
13353,SUSC,2021-12-31,MATURITY,2048-07-09,249.416,0.0,249.416
13354,SUSC,2021-12-31,MATURITY,2048-07-13,353.224,0.0,353.224
13355,SUSC,2021-12-31,MATURITY,2048-07-14,3.106,0.0,3.106
13356,SUSC,2021-12-31,MATURITY,2048-07-15,1943.904,1957.831,3901.736
13357,SUSC,2021-12-31,MATURITY,2048-07-16,231.928,0.0,231.928
13358,SUSC,2021-12-31,MATURITY,2048-07-20,28.818,0.0,28.818
13359,SUSC,2021-12-31,MATURITY,2048-07-21,100.708,0.0,100.708
13360,SUSC,2021-12-31,MATURITY,2048-07-23,1278.4,16445.783,17724.183
13361,SUSC,2021-12-31,MATURITY,2048-07-24,47.761,5722.892,5770.653
13362,SUSC,2021-12-31,MATURITY,2048-07-27,264.211,0.0,264.211
13363,SUSC,2021-12-31,MATURITY,2048-07-29,114.179,0.0,114.179
13364,SUSC,2021-12-31,MATURITY,2048-07-31,191.958,0.0,191.958
13365,SUSC,2021-12-31,MATURITY,2048-08-03,1359.917,0.0,1359.917
13366,SUSC,2021-12-31,MATURITY,2048-08-05,352.688,0.0,352.688
13367,SUSC,2021-12-31,MATURITY,2048-08-06,23.892,0.0,23.892
13368,SUSC,2021-12-31,MATURITY,2048-08-07,101.318,0.0,101.318
13369,SUSC,2021-12-31,MATURITY,2048-08-10,547.636,0.0,547.636
13370,SUSC,2021-12-31,MATURITY,2048-08-12,142.759,0.0,142.759
13371,SUSC,2021-12-31,MATURITY,2048-08-14,175.836,0.0,175.836
13372,SUSC,2021-12-31,MATURITY,2048-08-17,2997.959,21867.47,24865.429
13373,SUSC,2021-12-31,MATURITY,2048-08-18,232.53,0.0,232.53
13374,SUSC,2021-12-31,MATURITY,2048-08-19,31.446,0.0,31.446
13375,SUSC,2021-12-31,MATURITY,2048-08-20,112.59,5060.241,5172.831
13376,SUSC,2021-12-31,MATURITY,2048-08-21,172.816,0.0,172.816
13377,SUSC,2021-12-31,MATURITY,2048-08-24,326.995,0.0,326.995
13378,SUSC,2021-12-31,MATURITY,2048-08-25,137.139,0.0,137.139
13379,SUSC,2021-12-31,MATURITY,2048-08-26,192.828,0.0,192.828
13380,SUSC,2021-12-31,MATURITY,2048-09-01,2683.869,18734.94,21418.809
13381,SUSC,2021-12-31,MATURITY,2048-09-02,98.788,0.0,98.788
13382,SUSC,2021-12-31,MATURITY,2048-09-04,79.002,0.0,79.002
13383,SUSC,2021-12-31,MATURITY,2048-09-08,205.441,0.0,205.441
13384,SUSC,2021-12-31,MATURITY,2048-09-09,134.255,0.0,134.255
13385,SUSC,2021-12-31,MATURITY,2048-09-10,96.913,4307.229,4404.142
13386,SUSC,2021-12-31,MATURITY,2048-09-11,61.755,0.0,61.755
13387,SUSC,2021-12-31,MATURITY,2048-09-14,579.558,5722.892,6302.45
13388,SUSC,2021-12-31,MATURITY,2048-09-15,5969.238,19909.639,25878.877
13389,SUSC,2021-12-31,MATURITY,2048-09-17,1112.216,0.0,1112.216
13390,SUSC,2021-12-31,MATURITY,2048-09-21,1147.061,5722.892,6869.953
13391,SUSC,2021-12-31,MATURITY,2048-09-22,789.608,0.0,789.608
13392,SUSC,2021-12-31,MATURITY,2048-09-23,198.193,0.0,198.193
13393,SUSC,2021-12-31,MATURITY,2048-09-24,223.024,0.0,223.024
13394,SUSC,2021-12-31,MATURITY,2048-09-25,1022.764,0.0,1022.764
13395,SUSC,2021-12-31,MATURITY,2048-09-28,428.328,5602.41,6030.738
13396,SUSC,2021-12-31,MATURITY,2048-09-30,126.807,0.0,126.807
13397,SUSC,2021-12-31,MATURITY,2048-10-01,3256.67,6742.685,9999.355
13398,SUSC,2021-12-31,MATURITY,2048-10-05,248.14,0.0,248.14
13399,SUSC,2021-12-31,MATURITY,2048-10-06,206.652,8795.181,9001.833
13400,SUSC,2021-12-31,MATURITY,2048-10-09,53.84,0.0,53.84
13401,SUSC,2021-12-31,MATURITY,2048-10-15,3647.562,16626.506,20274.068
13402,SUSC,2021-12-31,MATURITY,2048-10-19,146.86,5933.735,6080.595
13403,SUSC,2021-12-31,MATURITY,2048-10-21,20.708,0.0,20.708
13404,SUSC,2021-12-31,MATURITY,2048-10-22,362.48,0.0,362.48
13405,SUSC,2021-12-31,MATURITY,2048-10-23,57.636,0.0,57.636
13406,SUSC,2021-12-31,MATURITY,2048-10-26,290.794,0.0,290.794
13407,SUSC,2021-12-31,MATURITY,2048-10-27,68.742,0.0,68.742
13408,SUSC,2021-12-31,MATURITY,2048-10-28,73.908,0.0,73.908
13409,SUSC,2021-12-31,MATURITY,2048-10-30,403.965,0.0,403.965
13410,SUSC,2021-12-31,MATURITY,2048-11-02,3408.813,13192.771,16601.584
13411,SUSC,2021-12-31,MATURITY,2048-11-10,128.095,0.0,128.095
13412,SUSC,2021-12-31,MATURITY,2048-11-12,387.131,0.0,387.131
13413,SUSC,2021-12-31,MATURITY,2048-11-13,118.155,0.0,118.155
13414,SUSC,2021-12-31,MATURITY,2048-11-16,5744.452,77560.241,83304.693
13415,SUSC,2021-12-31,MATURITY,2048-11-18,13.554,0.0,13.554
13416,SUSC,2021-12-31,MATURITY,2048-11-19,93.185,0.0,93.185
13417,SUSC,2021-12-31,MATURITY,2048-11-20,332.022,0.0,332.022
13418,SUSC,2021-12-31,MATURITY,2048-11-23,494.127,0.0,494.127
13419,SUSC,2021-12-31,MATURITY,2048-11-24,23.72,0.0,23.72
13420,SUSC,2021-12-31,MATURITY,2048-11-25,20.821,0.0,20.821
13421,SUSC,2021-12-31,MATURITY,2048-11-30,314.766,2891.566,3206.332
13422,SUSC,2021-12-31,MATURITY,2048-12-01,3443.203,2198.795,5641.998
13423,SUSC,2021-12-31,MATURITY,2048-12-02,39.684,0.0,39.684
13424,SUSC,2021-12-31,MATURITY,2048-12-03,220.143,0.0,220.143
13425,SUSC,2021-12-31,MATURITY,2048-12-04,158.744,0.0,158.744
13426,SUSC,2021-12-31,MATURITY,2048-12-07,479.371,7409.639,7889.01
13427,SUSC,2021-12-31,MATURITY,2048-12-10,116.943,0.0,116.943
13428,SUSC,2021-12-31,MATURITY,2048-12-14,69.277,0.0,69.277
13429,SUSC,2021-12-31,MATURITY,2048-12-15,2524.068,26807.229,29331.297
13430,SUSC,2021-12-31,MATURITY,2048-12-17,108.66,4457.831,4566.491
13431,SUSC,2021-12-31,MATURITY,2048-12-21,136.747,0.0,136.747
13432,SUSC,2021-12-31,MATURITY,2048-12-22,86.898,0.0,86.898
13433,SUSC,2021-12-31,MATURITY,2048-12-29,59.153,0.0,59.153
13434,SUSC,2021-12-31,MATURITY,2048-12-30,260.15,0.0,260.15
13435,SUSC,2021-12-31,MATURITY,2049-01-04,946.465,0.0,946.465
13436,SUSC,2021-12-31,MATURITY,2049-01-12,377.64,7409.639,7787.279
13437,SUSC,2021-12-31,MATURITY,2049-01-13,225.0,0.0,225.0
13438,SUSC,2021-12-31,MATURITY,2049-01-14,3.106,0.0,3.106
13439,SUSC,2021-12-31,MATURITY,2049-01-15,1893.001,18644.578,20537.579
13440,SUSC,2021-12-31,MATURITY,2049-01-19,231.928,0.0,231.928
13441,SUSC,2021-12-31,MATURITY,2049-01-20,28.818,1295.181,1323.998
13442,SUSC,2021-12-31,MATURITY,2049-01-21,100.708,0.0,100.708
13443,SUSC,2021-12-31,MATURITY,2049-01-25,1160.247,38493.976,39654.223
13444,SUSC,2021-12-31,MATURITY,2049-01-29,205.791,0.0,205.791
13445,SUSC,2021-12-31,MATURITY,2049-02-01,1460.264,7620.482,9080.745
13446,SUSC,2021-12-31,MATURITY,2049-02-05,352.688,0.0,352.688
13447,SUSC,2021-12-31,MATURITY,2049-02-08,389.502,0.0,389.502
13448,SUSC,2021-12-31,MATURITY,2049-02-09,217.244,0.0,217.244
13449,SUSC,2021-12-31,MATURITY,2049-02-10,66.099,0.0,66.099
13450,SUSC,2021-12-31,MATURITY,2049-02-12,142.759,0.0,142.759
13451,SUSC,2021-12-31,MATURITY,2049-02-16,2699.495,15090.361,17789.857
13452,SUSC,2021-12-31,MATURITY,2049-02-18,232.53,0.0,232.53
13453,SUSC,2021-12-31,MATURITY,2049-02-19,31.446,0.0,31.446
13454,SUSC,2021-12-31,MATURITY,2049-02-22,347.553,0.0,347.553
13455,SUSC,2021-12-31,MATURITY,2049-02-24,152.259,0.0,152.259
13456,SUSC,2021-12-31,MATURITY,2049-02-25,137.139,0.0,137.139
13457,SUSC,2021-12-31,MATURITY,2049-02-26,192.828,0.0,192.828
13458,SUSC,2021-12-31,MATURITY,2049-03-01,2271.61,41837.349,44108.959
13459,SUSC,2021-12-31,MATURITY,2049-03-02,98.788,0.0,98.788
13460,SUSC,2021-12-31,MATURITY,2049-03-04,79.002,1867.47,1946.472
13461,SUSC,2021-12-31,MATURITY,2049-03-05,22.59,0.0,22.59
13462,SUSC,2021-12-31,MATURITY,2049-03-08,182.85,8644.578,8827.428
13463,SUSC,2021-12-31,MATURITY,2049-03-09,134.255,4487.952,4622.206
13464,SUSC,2021-12-31,MATURITY,2049-03-11,61.755,0.0,61.755
13465,SUSC,2021-12-31,MATURITY,2049-03-12,61.551,0.0,61.551
13466,SUSC,2021-12-31,MATURITY,2049-03-15,5981.623,50512.048,56493.672
13467,SUSC,2021-12-31,MATURITY,2049-03-17,1112.216,0.0,1112.216
13468,SUSC,2021-12-31,MATURITY,2049-03-19,389.786,0.0,389.786
13469,SUSC,2021-12-31,MATURITY,2049-03-22,1425.272,4668.675,6093.946
13470,SUSC,2021-12-31,MATURITY,2049-03-23,198.193,0.0,198.193
13471,SUSC,2021-12-31,MATURITY,2049-03-24,223.024,0.0,223.024
13472,SUSC,2021-12-31,MATURITY,2049-03-25,1022.764,0.0,1022.764
13473,SUSC,2021-12-31,MATURITY,2049-03-26,185.474,0.0,185.474
13474,SUSC,2021-12-31,MATURITY,2049-03-29,100.64,0.0,100.64
13475,SUSC,2021-12-31,MATURITY,2049-03-30,126.807,0.0,126.807
13476,SUSC,2021-12-31,MATURITY,2049-04-01,3088.075,5030.12,8118.196
13477,SUSC,2021-12-31,MATURITY,2049-04-05,248.14,813.253,1061.393
13478,SUSC,2021-12-31,MATURITY,2049-04-06,11.443,0.0,11.443
13479,SUSC,2021-12-31,MATURITY,2049-04-09,53.84,0.0,53.84
13480,SUSC,2021-12-31,MATURITY,2049-04-15,3256.523,5421.687,8678.209
13481,SUSC,2021-12-31,MATURITY,2049-04-21,20.708,0.0,20.708
13482,SUSC,2021-12-31,MATURITY,2049-04-22,362.48,963.855,1326.336
13483,SUSC,2021-12-31,MATURITY,2049-04-23,57.636,0.0,57.636
13484,SUSC,2021-12-31,MATURITY,2049-04-26,290.794,0.0,290.794
13485,SUSC,2021-12-31,MATURITY,2049-04-27,68.742,0.0,68.742
13486,SUSC,2021-12-31,MATURITY,2049-04-28,73.908,0.0,73.908
13487,SUSC,2021-12-31,MATURITY,2049-04-30,403.965,0.0,403.965
13488,SUSC,2021-12-31,MATURITY,2049-05-03,3084.009,24578.313,27662.322
13489,SUSC,2021-12-31,MATURITY,2049-05-10,128.095,0.0,128.095
13490,SUSC,2021-12-31,MATURITY,2049-05-11,260.286,0.0,260.286
13491,SUSC,2021-12-31,MATURITY,2049-05-12,126.845,0.0,126.845
13492,SUSC,2021-12-31,MATURITY,2049-05-13,118.155,0.0,118.155
13493,SUSC,2021-12-31,MATURITY,2049-05-17,4205.353,54789.157,58994.51
13494,SUSC,2021-12-31,MATURITY,2049-05-18,13.554,0.0,13.554
13495,SUSC,2021-12-31,MATURITY,2049-05-19,93.185,0.0,93.185
13496,SUSC,2021-12-31,MATURITY,2049-05-20,332.022,753.012,1085.034
13497,SUSC,2021-12-31,MATURITY,2049-05-21,494.127,0.0,494.127
13498,SUSC,2021-12-31,MATURITY,2049-05-24,23.72,903.614,927.334
13499,SUSC,2021-12-31,MATURITY,2049-05-25,20.821,0.0,20.821
13500,SUSC,2021-12-31,MATURITY,2049-06-01,3626.606,35662.651,39289.256
13501,SUSC,2021-12-31,MATURITY,2049-06-02,39.684,0.0,39.684
13502,SUSC,2021-12-31,MATURITY,2049-06-03,220.143,0.0,220.143
13503,SUSC,2021-12-31,MATURITY,2049-06-04,158.744,0.0,158.744
13504,SUSC,2021-12-31,MATURITY,2049-06-07,312.654,0.0,312.654
13505,SUSC,2021-12-31,MATURITY,2049-06-10,116.943,0.0,116.943
13506,SUSC,2021-12-31,MATURITY,2049-06-14,69.277,3463.855,3533.133
13507,SUSC,2021-12-31,MATURITY,2049-06-15,1855.341,19879.518,21734.859
13508,SUSC,2021-12-31,MATURITY,2049-06-21,136.747,1536.145,1672.892
13509,SUSC,2021-12-31,MATURITY,2049-06-22,86.898,0.0,86.898
13510,SUSC,2021-12-31,MATURITY,2049-06-29,59.153,0.0,59.153
13511,SUSC,2021-12-31,MATURITY,2049-06-30,260.15,0.0,260.15
13512,SUSC,2021-12-31,MATURITY,2049-07-01,630.817,18102.41,18733.227
13513,SUSC,2021-12-31,MATURITY,2049-07-02,272.846,0.0,272.846
13514,SUSC,2021-12-31,MATURITY,2049-07-09,249.416,0.0,249.416
13515,SUSC,2021-12-31,MATURITY,2049-07-13,225.0,0.0,225.0
13516,SUSC,2021-12-31,MATURITY,2049-07-14,3.106,0.0,3.106
13517,SUSC,2021-12-31,MATURITY,2049-07-15,1473.829,3644.578,5118.407
13518,SUSC,2021-12-31,MATURITY,2049-07-16,231.928,0.0,231.928
13519,SUSC,2021-12-31,MATURITY,2049-07-21,100.708,0.0,100.708
13520,SUSC,2021-12-31,MATURITY,2049-07-23,374.729,0.0,374.729
13521,SUSC,2021-12-31,MATURITY,2049-07-26,105.497,0.0,105.497
13522,SUSC,2021-12-31,MATURITY,2049-07-29,114.179,6204.819,6318.998
13523,SUSC,2021-12-31,MATURITY,2049-07-30,91.611,0.0,91.611
13524,SUSC,2021-12-31,MATURITY,2049-08-02,1284.367,7048.193,8332.56
13525,SUSC,2021-12-31,MATURITY,2049-08-05,352.688,0.0,352.688
13526,SUSC,2021-12-31,MATURITY,2049-08-06,23.892,0.0,23.892
13527,SUSC,2021-12-31,MATURITY,2049-08-09,582.854,0.0,582.854
13528,SUSC,2021-12-31,MATURITY,2049-08-10,66.099,3433.735,3499.834
13529,SUSC,2021-12-31,MATURITY,2049-08-12,142.759,0.0,142.759
13530,SUSC,2021-12-31,MATURITY,2049-08-16,2290.022,25572.289,27862.311
13531,SUSC,2021-12-31,MATURITY,2049-08-18,232.53,0.0,232.53
13532,SUSC,2021-12-31,MATURITY,2049-08-19,31.446,1746.988,1778.434
13533,SUSC,2021-12-31,MATURITY,2049-08-23,347.553,0.0,347.553
13534,SUSC,2021-12-31,MATURITY,2049-08-24,152.259,0.0,152.259
13535,SUSC,2021-12-31,MATURITY,2049-08-25,137.139,0.0,137.139
13536,SUSC,2021-12-31,MATURITY,2049-08-26,192.828,7108.434,7301.261
13537,SUSC,2021-12-31,MATURITY,2049-09-01,1329.209,28463.855,29793.065
13538,SUSC,2021-12-31,MATURITY,2049-09-02,98.788,0.0,98.788
13539,SUSC,2021-12-31,MATURITY,2049-09-07,73.268,692.771,766.039
13540,SUSC,2021-12-31,MATURITY,2049-09-09,32.154,0.0,32.154
13541,SUSC,2021-12-31,MATURITY,2049-09-13,526.855,7168.675,7695.529
13542,SUSC,2021-12-31,MATURITY,2049-09-15,4214.494,47921.687,52136.181
13543,SUSC,2021-12-31,MATURITY,2049-09-17,1112.216,0.0,1112.216
13544,SUSC,2021-12-31,MATURITY,2049-09-20,920.404,3313.253,4233.657
13545,SUSC,2021-12-31,MATURITY,2049-09-22,789.608,0.0,789.608
13546,SUSC,2021-12-31,MATURITY,2049-09-23,198.193,0.0,198.193
13547,SUSC,2021-12-31,MATURITY,2049-09-24,223.024,0.0,223.024
13548,SUSC,2021-12-31,MATURITY,2049-09-27,1308.878,0.0,1308.878
13549,SUSC,2021-12-31,MATURITY,2049-09-30,126.807,5421.687,5548.494
13550,SUSC,2021-12-31,MATURITY,2049-10-01,2954.31,13734.94,16689.25
13551,SUSC,2021-12-31,MATURITY,2049-10-04,102.504,0.0,102.504
13552,SUSC,2021-12-31,MATURITY,2049-10-05,127.134,0.0,127.134
13553,SUSC,2021-12-31,MATURITY,2049-10-06,11.443,0.0,11.443
13554,SUSC,2021-12-31,MATURITY,2049-10-12,53.84,0.0,53.84
13555,SUSC,2021-12-31,MATURITY,2049-10-15,3124.545,16987.952,20112.496
13556,SUSC,2021-12-31,MATURITY,2049-10-21,20.708,0.0,20.708
13557,SUSC,2021-12-31,MATURITY,2049-10-22,341.396,0.0,341.396
13558,SUSC,2021-12-31,MATURITY,2049-10-25,135.291,0.0,135.291
13559,SUSC,2021-12-31,MATURITY,2049-10-26,213.14,10030.12,10243.261
13560,SUSC,2021-12-31,MATURITY,2049-10-27,68.742,0.0,68.742
13561,SUSC,2021-12-31,MATURITY,2049-10-28,73.908,0.0,73.908
13562,SUSC,2021-12-31,MATURITY,2049-11-01,2983.985,7981.928,10965.913
13563,SUSC,2021-12-31,MATURITY,2049-11-10,128.095,0.0,128.095
13564,SUSC,2021-12-31,MATURITY,2049-11-12,387.131,0.0,387.131
13565,SUSC,2021-12-31,MATURITY,2049-11-15,3070.798,52861.446,55932.243
13566,SUSC,2021-12-31,MATURITY,2049-11-18,13.554,0.0,13.554
13567,SUSC,2021-12-31,MATURITY,2049-11-19,93.185,0.0,93.185
13568,SUSC,2021-12-31,MATURITY,2049-11-22,807.323,23253.012,24060.335
13569,SUSC,2021-12-31,MATURITY,2049-11-26,20.821,0.0,20.821
13570,SUSC,2021-12-31,MATURITY,2049-11-29,234.525,0.0,234.525
13571,SUSC,2021-12-31,MATURITY,2049-12-01,2690.559,10180.723,12871.282
13572,SUSC,2021-12-31,MATURITY,2049-12-02,39.684,0.0,39.684
13573,SUSC,2021-12-31,MATURITY,2049-12-03,220.143,0.0,220.143
13574,SUSC,2021-12-31,MATURITY,2049-12-06,296.575,0.0,296.575
13575,SUSC,2021-12-31,MATURITY,2049-12-07,174.823,8885.542,9060.365
13576,SUSC,2021-12-31,MATURITY,2049-12-10,116.943,0.0,116.943
13577,SUSC,2021-12-31,MATURITY,2049-12-15,1471.983,17138.554,18610.537
13578,SUSC,2021-12-31,MATURITY,2049-12-20,88.761,0.0,88.761
13579,SUSC,2021-12-31,MATURITY,2049-12-21,10.542,0.0,10.542
13580,SUSC,2021-12-31,MATURITY,2049-12-22,86.898,0.0,86.898
13581,SUSC,2021-12-31,MATURITY,2049-12-29,59.153,0.0,59.153
13582,SUSC,2021-12-31,MATURITY,2049-12-30,260.15,0.0,260.15
13583,SUSC,2021-12-31,MATURITY,2050-01-03,266.574,8945.783,9212.357
13584,SUSC,2021-12-31,MATURITY,2050-01-04,272.846,0.0,272.846
13585,SUSC,2021-12-31,MATURITY,2050-01-11,249.416,0.0,249.416
13586,SUSC,2021-12-31,MATURITY,2050-01-13,225.0,0.0,225.0
13587,SUSC,2021-12-31,MATURITY,2050-01-14,3.106,150.602,153.709
13588,SUSC,2021-12-31,MATURITY,2050-01-18,1630.132,37228.916,38859.047
13589,SUSC,2021-12-31,MATURITY,2050-01-21,100.708,0.0,100.708
13590,SUSC,2021-12-31,MATURITY,2050-01-24,374.729,0.0,374.729
13591,SUSC,2021-12-31,MATURITY,2050-01-25,105.497,0.0,105.497
13592,SUSC,2021-12-31,MATURITY,2050-01-31,191.958,3584.337,3776.295
13593,SUSC,2021-12-31,MATURITY,2050-02-01,1071.25,17018.072,18089.322
13594,SUSC,2021-12-31,MATURITY,2050-02-07,477.898,16686.747,17164.645
13595,SUSC,2021-12-31,MATURITY,2050-02-08,264.292,0.0,264.292
13596,SUSC,2021-12-31,MATURITY,2050-02-09,217.244,0.0,217.244
13597,SUSC,2021-12-31,MATURITY,2050-02-14,318.595,0.0,318.595
13598,SUSC,2021-12-31,MATURITY,2050-02-15,1567.311,26626.506,28193.817
13599,SUSC,2021-12-31,MATURITY,2050-02-16,51.269,0.0,51.269
13600,SUSC,2021-12-31,MATURITY,2050-02-18,232.53,0.0,232.53
13601,SUSC,2021-12-31,MATURITY,2050-02-22,347.553,10240.964,10588.517
13602,SUSC,2021-12-31,MATURITY,2050-02-24,152.259,10150.602,10302.861
13603,SUSC,2021-12-31,MATURITY,2050-02-25,137.139,5301.205,5438.343
13604,SUSC,2021-12-31,MATURITY,2050-02-28,77.316,0.0,77.316
13605,SUSC,2021-12-31,MATURITY,2050-03-01,879.036,20451.807,21330.843
13606,SUSC,2021-12-31,MATURITY,2050-03-02,98.788,0.0,98.788
13607,SUSC,2021-12-31,MATURITY,2050-03-04,40.719,0.0,40.719
13608,SUSC,2021-12-31,MATURITY,2050-03-07,22.59,0.0,22.59
13609,SUSC,2021-12-31,MATURITY,2050-03-09,32.154,0.0,32.154
13610,SUSC,2021-12-31,MATURITY,2050-03-14,416.644,3674.699,4091.343
13611,SUSC,2021-12-31,MATURITY,2050-03-15,3421.045,30391.566,33812.612
13612,SUSC,2021-12-31,MATURITY,2050-03-17,1112.216,0.0,1112.216
13613,SUSC,2021-12-31,MATURITY,2050-03-21,866.564,16475.904,17342.468
13614,SUSC,2021-12-31,MATURITY,2050-03-22,789.608,2891.566,3681.175
13615,SUSC,2021-12-31,MATURITY,2050-03-23,198.193,8433.735,8631.928
13616,SUSC,2021-12-31,MATURITY,2050-03-24,223.024,0.0,223.024
13617,SUSC,2021-12-31,MATURITY,2050-03-25,1022.764,17108.434,18131.197
13618,SUSC,2021-12-31,MATURITY,2050-03-28,286.114,15512.048,15798.163
13619,SUSC,2021-12-31,MATURITY,2050-03-30,30.572,0.0,30.572
13620,SUSC,2021-12-31,MATURITY,2050-04-01,2719.559,56566.265,59285.824
13621,SUSC,2021-12-31,MATURITY,2050-04-04,102.504,4969.88,5072.383
13622,SUSC,2021-12-31,MATURITY,2050-04-05,127.134,7108.434,7235.568
13623,SUSC,2021-12-31,MATURITY,2050-04-06,11.443,0.0,11.443
13624,SUSC,2021-12-31,MATURITY,2050-04-11,53.84,3313.253,3367.093
13625,SUSC,2021-12-31,MATURITY,2050-04-15,2813.005,105210.843,108023.848
13626,SUSC,2021-12-31,MATURITY,2050-04-21,20.708,0.0,20.708
13627,SUSC,2021-12-31,MATURITY,2050-04-22,341.396,0.0,341.396
13628,SUSC,2021-12-31,MATURITY,2050-04-25,135.291,4186.747,4322.038
13629,SUSC,2021-12-31,MATURITY,2050-04-27,68.742,5391.566,5460.309
13630,SUSC,2021-12-31,MATURITY,2050-04-28,73.908,4548.193,4622.101
13631,SUSC,2021-12-31,MATURITY,2050-05-02,2838.971,48222.892,51061.863
13632,SUSC,2021-12-31,MATURITY,2050-05-10,128.095,0.0,128.095
13633,SUSC,2021-12-31,MATURITY,2050-05-11,260.286,17620.482,17880.768
13634,SUSC,2021-12-31,MATURITY,2050-05-12,156.463,1506.024,1662.487
13635,SUSC,2021-12-31,MATURITY,2050-05-13,118.155,0.0,118.155
13636,SUSC,2021-12-31,MATURITY,2050-05-16,1997.206,52198.795,54196.001
13637,SUSC,2021-12-31,MATURITY,2050-05-18,13.554,0.0,13.554
13638,SUSC,2021-12-31,MATURITY,2050-05-19,93.185,3765.06,3858.245
13639,SUSC,2021-12-31,MATURITY,2050-05-20,313.197,873.494,1186.691
13640,SUSC,2021-12-31,MATURITY,2050-05-25,20.821,0.0,20.821
13641,SUSC,2021-12-31,MATURITY,2050-05-31,234.525,15000.0,15234.525
13642,SUSC,2021-12-31,MATURITY,2050-06-01,2528.003,45120.482,47648.485
13643,SUSC,2021-12-31,MATURITY,2050-06-02,39.684,0.0,39.684
13644,SUSC,2021-12-31,MATURITY,2050-06-03,220.143,5753.012,5973.155
13645,SUSC,2021-12-31,MATURITY,2050-06-06,296.575,0.0,296.575
13646,SUSC,2021-12-31,MATURITY,2050-06-10,116.943,0.0,116.943
13647,SUSC,2021-12-31,MATURITY,2050-06-15,1132.02,28162.651,29294.671
13648,SUSC,2021-12-31,MATURITY,2050-06-20,88.761,0.0,88.761
13649,SUSC,2021-12-31,MATURITY,2050-06-21,10.542,0.0,10.542
13650,SUSC,2021-12-31,MATURITY,2050-06-22,86.898,3765.06,3851.958
13651,SUSC,2021-12-31,MATURITY,2050-06-29,59.153,0.0,59.153
13652,SUSC,2021-12-31,MATURITY,2050-06-30,260.15,4126.506,4386.656
13653,SUSC,2021-12-31,MATURITY,2050-07-01,254.081,10451.807,10705.889
13654,SUSC,2021-12-31,MATURITY,2050-07-05,272.846,0.0,272.846
13655,SUSC,2021-12-31,MATURITY,2050-07-11,249.416,8283.133,8532.549
13656,SUSC,2021-12-31,MATURITY,2050-07-13,225.0,0.0,225.0
13657,SUSC,2021-12-31,MATURITY,2050-07-15,975.358,10542.169,11517.526
13658,SUSC,2021-12-31,MATURITY,2050-07-21,100.708,0.0,100.708
13659,SUSC,2021-12-31,MATURITY,2050-07-25,480.226,0.0,480.226
13660,SUSC,2021-12-31,MATURITY,2050-07-29,91.611,0.0,91.611
13661,SUSC,2021-12-31,MATURITY,2050-08-01,788.381,4216.867,5005.248
13662,SUSC,2021-12-31,MATURITY,2050-08-05,196.062,0.0,196.062
13663,SUSC,2021-12-31,MATURITY,2050-08-08,288.184,0.0,288.184
13664,SUSC,2021-12-31,MATURITY,2050-08-09,217.244,0.0,217.244
13665,SUSC,2021-12-31,MATURITY,2050-08-12,142.759,4427.711,4570.47
13666,SUSC,2021-12-31,MATURITY,2050-08-15,1215.353,14698.795,15914.149
13667,SUSC,2021-12-31,MATURITY,2050-08-16,51.269,0.0,51.269
13668,SUSC,2021-12-31,MATURITY,2050-08-18,232.53,0.0,232.53
13669,SUSC,2021-12-31,MATURITY,2050-08-22,174.736,0.0,174.736
13670,SUSC,2021-12-31,MATURITY,2050-08-25,21.837,0.0,21.837
13671,SUSC,2021-12-31,MATURITY,2050-08-26,77.316,0.0,77.316
13672,SUSC,2021-12-31,MATURITY,2050-09-01,480.587,6325.301,6805.889
13673,SUSC,2021-12-31,MATURITY,2050-09-02,98.788,3433.735,3532.523
13674,SUSC,2021-12-31,MATURITY,2050-09-06,63.309,3102.41,3165.719
13675,SUSC,2021-12-31,MATURITY,2050-09-09,32.154,0.0,32.154
13676,SUSC,2021-12-31,MATURITY,2050-09-13,355.093,0.0,355.093
13677,SUSC,2021-12-31,MATURITY,2050-09-15,3001.416,7740.964,10742.38
13678,SUSC,2021-12-31,MATURITY,2050-09-19,1112.216,14036.145,15148.361
13679,SUSC,2021-12-31,MATURITY,2050-09-20,445.258,0.0,445.258
13680,SUSC,2021-12-31,MATURITY,2050-09-22,731.777,0.0,731.777
13681,SUSC,2021-12-31,MATURITY,2050-09-26,855.005,0.0,855.005
13682,SUSC,2021-12-31,MATURITY,2050-09-30,30.572,0.0,30.572
13683,SUSC,2021-12-31,MATURITY,2050-10-03,1567.089,1506.024,3073.113
13684,SUSC,2021-12-31,MATURITY,2050-10-06,11.443,0.0,11.443
13685,SUSC,2021-12-31,MATURITY,2050-10-17,712.535,7500.0,8212.535
13686,SUSC,2021-12-31,MATURITY,2050-10-21,20.708,0.0,20.708
13687,SUSC,2021-12-31,MATURITY,2050-10-24,357.119,0.0,357.119
13688,SUSC,2021-12-31,MATURITY,2050-10-25,12.236,0.0,12.236
13689,SUSC,2021-12-31,MATURITY,2050-10-31,403.965,0.0,403.965
13690,SUSC,2021-12-31,MATURITY,2050-11-01,1575.428,0.0,1575.428
13691,SUSC,2021-12-31,MATURITY,2050-11-10,128.095,7259.036,7387.131
13692,SUSC,2021-12-31,MATURITY,2050-11-14,245.0,873.494,1118.494
13693,SUSC,2021-12-31,MATURITY,2050-11-15,1165.948,10271.084,11437.032
13694,SUSC,2021-12-31,MATURITY,2050-11-18,13.554,0.0,13.554
13695,SUSC,2021-12-31,MATURITY,2050-11-21,299.002,9668.675,9967.677
13696,SUSC,2021-12-31,MATURITY,2050-11-25,20.821,0.0,20.821
13697,SUSC,2021-12-31,MATURITY,2050-12-01,1815.285,0.0,1815.285
13698,SUSC,2021-12-31,MATURITY,2050-12-02,39.684,0.0,39.684
13699,SUSC,2021-12-31,MATURITY,2050-12-05,306.974,0.0,306.974
13700,SUSC,2021-12-31,MATURITY,2050-12-06,137.831,0.0,137.831
13701,SUSC,2021-12-31,MATURITY,2050-12-12,116.943,0.0,116.943
13702,SUSC,2021-12-31,MATURITY,2050-12-15,676.907,0.0,676.907
13703,SUSC,2021-12-31,MATURITY,2050-12-19,88.761,0.0,88.761
13704,SUSC,2021-12-31,MATURITY,2050-12-21,10.542,0.0,10.542
13705,SUSC,2021-12-31,MATURITY,2050-12-22,11.596,0.0,11.596
13706,SUSC,2021-12-31,MATURITY,2050-12-29,59.153,0.0,59.153
13707,SUSC,2021-12-31,MATURITY,2050-12-30,178.464,0.0,178.464
13708,SUSC,2021-12-31,MATURITY,2051-01-03,272.846,0.0,272.846
13709,SUSC,2021-12-31,MATURITY,2051-01-10,117.922,0.0,117.922
13710,SUSC,2021-12-31,MATURITY,2051-01-13,225.0,12500.0,12725.0
13711,SUSC,2021-12-31,MATURITY,2051-01-17,806.261,14638.554,15444.816
13712,SUSC,2021-12-31,MATURITY,2051-01-23,475.437,0.0,475.437
13713,SUSC,2021-12-31,MATURITY,2051-01-25,105.497,0.0,105.497
13714,SUSC,2021-12-31,MATURITY,2051-01-31,116.687,1355.422,1472.108
13715,SUSC,2021-12-31,MATURITY,2051-02-01,694.782,8433.735,9128.517
13716,SUSC,2021-12-31,MATURITY,2051-02-06,219.953,0.0,219.953
13717,SUSC,2021-12-31,MATURITY,2051-02-08,264.292,1054.217,1318.509
13718,SUSC,2021-12-31,MATURITY,2051-02-09,217.244,6024.096,6241.34
13719,SUSC,2021-12-31,MATURITY,2051-02-13,90.889,0.0,90.889
13720,SUSC,2021-12-31,MATURITY,2051-02-15,1059.728,23403.614,24463.343
13721,SUSC,2021-12-31,MATURITY,2051-02-16,51.269,0.0,51.269
13722,SUSC,2021-12-31,MATURITY,2051-02-21,232.53,0.0,232.53
13723,SUSC,2021-12-31,MATURITY,2051-02-22,174.736,0.0,174.736
13724,SUSC,2021-12-31,MATURITY,2051-02-27,99.153,0.0,99.153
13725,SUSC,2021-12-31,MATURITY,2051-03-01,398.358,0.0,398.358
13726,SUSC,2021-12-31,MATURITY,2051-03-02,37.839,0.0,37.839
13727,SUSC,2021-12-31,MATURITY,2051-03-06,22.59,1506.024,1528.614
13728,SUSC,2021-12-31,MATURITY,2051-03-09,32.154,0.0,32.154
13729,SUSC,2021-12-31,MATURITY,2051-03-13,355.093,7710.843,8065.936
13730,SUSC,2021-12-31,MATURITY,2051-03-15,2897.651,20060.241,22957.892
13731,SUSC,2021-12-31,MATURITY,2051-03-17,814.882,0.0,814.882
13732,SUSC,2021-12-31,MATURITY,2051-03-20,445.258,23584.337,24029.595
13733,SUSC,2021-12-31,MATURITY,2051-03-22,731.777,19879.518,20611.295
13734,SUSC,2021-12-31,MATURITY,2051-03-24,198.469,8162.651,8361.119
13735,SUSC,2021-12-31,MATURITY,2051-03-27,656.536,9096.386,9752.922
13736,SUSC,2021-12-31,MATURITY,2051-03-30,30.572,1746.988,1777.56
13737,SUSC,2021-12-31,MATURITY,2051-04-03,1546.757,16084.337,17631.095
13738,SUSC,2021-12-31,MATURITY,2051-04-06,11.443,0.0,11.443
13739,SUSC,2021-12-31,MATURITY,2051-04-17,597.719,5753.012,6350.731
13740,SUSC,2021-12-31,MATURITY,2051-04-21,20.708,0.0,20.708
13741,SUSC,2021-12-31,MATURITY,2051-04-24,357.119,14578.313,14935.433
13742,SUSC,2021-12-31,MATURITY,2051-04-25,12.236,0.0,12.236
13743,SUSC,2021-12-31,MATURITY,2051-05-01,1979.393,0.0,1979.393
13744,SUSC,2021-12-31,MATURITY,2051-05-10,27.485,1506.024,1533.509
13745,SUSC,2021-12-31,MATURITY,2051-05-12,126.845,5120.482,5247.327
13746,SUSC,2021-12-31,MATURITY,2051-05-15,1091.761,903.614,1995.376
13747,SUSC,2021-12-31,MATURITY,2051-05-18,13.554,903.614,917.169
13748,SUSC,2021-12-31,MATURITY,2051-05-22,160.015,753.012,913.027
13749,SUSC,2021-12-31,MATURITY,2051-05-25,20.821,1054.217,1075.038
13750,SUSC,2021-12-31,MATURITY,2051-06-01,1815.285,25753.012,27568.297
13751,SUSC,2021-12-31,MATURITY,2051-06-02,39.684,0.0,39.684
13752,SUSC,2021-12-31,MATURITY,2051-06-05,306.974,5963.855,6270.829
13753,SUSC,2021-12-31,MATURITY,2051-06-06,137.831,0.0,137.831
13754,SUSC,2021-12-31,MATURITY,2051-06-12,116.943,0.0,116.943
13755,SUSC,2021-12-31,MATURITY,2051-06-15,676.907,20120.482,20797.389
13756,SUSC,2021-12-31,MATURITY,2051-06-19,88.761,0.0,88.761
13757,SUSC,2021-12-31,MATURITY,2051-06-21,10.542,0.0,10.542
13758,SUSC,2021-12-31,MATURITY,2051-06-22,11.596,0.0,11.596
13759,SUSC,2021-12-31,MATURITY,2051-06-29,59.153,0.0,59.153
13760,SUSC,2021-12-31,MATURITY,2051-06-30,178.464,0.0,178.464
13761,SUSC,2021-12-31,MATURITY,2051-07-03,272.846,0.0,272.846
13762,SUSC,2021-12-31,MATURITY,2051-07-10,117.922,0.0,117.922
13763,SUSC,2021-12-31,MATURITY,2051-07-17,537.459,5873.494,6410.953
13764,SUSC,2021-12-31,MATURITY,2051-07-21,100.708,0.0,100.708
13765,SUSC,2021-12-31,MATURITY,2051-07-24,374.729,0.0,374.729
13766,SUSC,2021-12-31,MATURITY,2051-07-25,56.852,0.0,56.852
13767,SUSC,2021-12-31,MATURITY,2051-07-31,91.611,0.0,91.611
13768,SUSC,2021-12-31,MATURITY,2051-08-01,568.276,1054.217,1622.492
13769,SUSC,2021-12-31,MATURITY,2051-08-07,219.953,3975.904,4195.857
13770,SUSC,2021-12-31,MATURITY,2051-08-08,250.324,0.0,250.324
13771,SUSC,2021-12-31,MATURITY,2051-08-09,122.364,0.0,122.364
13772,SUSC,2021-12-31,MATURITY,2051-08-14,90.889,4819.277,4910.166
13773,SUSC,2021-12-31,MATURITY,2051-08-15,662.936,1957.831,2620.768
13774,SUSC,2021-12-31,MATURITY,2051-08-16,51.269,0.0,51.269
13775,SUSC,2021-12-31,MATURITY,2051-08-18,232.53,0.0,232.53
13776,SUSC,2021-12-31,MATURITY,2051-08-22,174.736,0.0,174.736
13777,SUSC,2021-12-31,MATURITY,2051-08-25,21.837,1506.024,1527.861
13778,SUSC,2021-12-31,MATURITY,2051-08-28,77.316,0.0,77.316
13779,SUSC,2021-12-31,MATURITY,2051-09-01,398.358,18825.301,19223.66
13780,SUSC,2021-12-31,MATURITY,2051-09-05,37.839,2259.036,2296.875
13781,SUSC,2021-12-31,MATURITY,2051-09-11,32.154,0.0,32.154
13782,SUSC,2021-12-31,MATURITY,2051-09-13,106.106,0.0,106.106
13783,SUSC,2021-12-31,MATURITY,2051-09-15,2562.673,16987.952,19550.625
13784,SUSC,2021-12-31,MATURITY,2051-09-18,814.882,0.0,814.882
13785,SUSC,2021-12-31,MATURITY,2051-09-20,49.144,0.0,49.144
13786,SUSC,2021-12-31,MATURITY,2051-09-22,378.916,0.0,378.916
13787,SUSC,2021-12-31,MATURITY,2051-09-25,476.883,0.0,476.883
13788,SUSC,2021-12-31,MATURITY,2051-10-02,1252.958,11325.301,12578.26
13789,SUSC,2021-12-31,MATURITY,2051-10-06,11.443,0.0,11.443
13790,SUSC,2021-12-31,MATURITY,2051-10-16,498.422,0.0,498.422
13791,SUSC,2021-12-31,MATURITY,2051-10-23,136.551,1506.024,1642.575
13792,SUSC,2021-12-31,MATURITY,2051-10-25,12.236,753.012,765.248
13793,SUSC,2021-12-31,MATURITY,2051-10-30,403.965,0.0,403.965
13794,SUSC,2021-12-31,MATURITY,2051-11-01,1575.428,54397.59,55973.018
13795,SUSC,2021-12-31,MATURITY,2051-11-13,154.495,0.0,154.495
13796,SUSC,2021-12-31,MATURITY,2051-11-15,970.06,602.41,1572.469
13797,SUSC,2021-12-31,MATURITY,2051-11-20,146.837,0.0,146.837
13798,SUSC,2021-12-31,MATURITY,2051-12-01,1376.203,10993.976,12370.179
13799,SUSC,2021-12-31,MATURITY,2051-12-04,258.434,8584.337,8842.771
13800,SUSC,2021-12-31,MATURITY,2051-12-06,137.831,0.0,137.831
13801,SUSC,2021-12-31,MATURITY,2051-12-11,116.943,5271.084,5388.027
13802,SUSC,2021-12-31,MATURITY,2051-12-15,213.309,6174.699,6388.008
13803,SUSC,2021-12-31,MATURITY,2051-12-19,88.761,0.0,88.761
13804,SUSC,2021-12-31,MATURITY,2051-12-21,10.542,753.012,763.554
13805,SUSC,2021-12-31,MATURITY,2051-12-22,11.596,602.41,614.006
13806,SUSC,2021-12-31,MATURITY,2051-12-29,59.153,0.0,59.153
13807,SUSC,2021-12-31,MATURITY,2052-01-02,451.31,0.0,451.31
13808,SUSC,2021-12-31,MATURITY,2052-01-09,117.922,0.0,117.922
13809,SUSC,2021-12-31,MATURITY,2052-01-16,441.721,13704.819,14146.54
13810,SUSC,2021-12-31,MATURITY,2052-01-22,55.881,0.0,55.881
13811,SUSC,2021-12-31,MATURITY,2052-01-23,374.729,0.0,374.729
13812,SUSC,2021-12-31,MATURITY,2052-01-25,57.168,7530.12,7587.289
13813,SUSC,2021-12-31,MATURITY,2052-01-31,91.611,0.0,91.611
13814,SUSC,2021-12-31,MATURITY,2052-02-01,550.354,5632.53,6182.884
13815,SUSC,2021-12-31,MATURITY,2052-02-05,142.387,0.0,142.387
13816,SUSC,2021-12-31,MATURITY,2052-02-06,23.892,0.0,23.892
13817,SUSC,2021-12-31,MATURITY,2052-02-08,250.324,0.0,250.324
13818,SUSC,2021-12-31,MATURITY,2052-02-09,122.364,0.0,122.364
13819,SUSC,2021-12-31,MATURITY,2052-02-12,24.096,0.0,24.096
13820,SUSC,2021-12-31,MATURITY,2052-02-15,631.807,1054.217,1686.024
13821,SUSC,2021-12-31,MATURITY,2052-02-16,51.269,0.0,51.269
13822,SUSC,2021-12-31,MATURITY,2052-02-20,232.53,0.0,232.53
13823,SUSC,2021-12-31,MATURITY,2052-02-22,174.736,0.0,174.736
13824,SUSC,2021-12-31,MATURITY,2052-02-26,77.316,0.0,77.316
13825,SUSC,2021-12-31,MATURITY,2052-03-01,132.922,0.0,132.922
13826,SUSC,2021-12-31,MATURITY,2052-03-11,32.154,2108.434,2140.587
13827,SUSC,2021-12-31,MATURITY,2052-03-13,105.52,12198.795,12304.315
13828,SUSC,2021-12-31,MATURITY,2052-03-15,2320.196,3162.651,5482.846
13829,SUSC,2021-12-31,MATURITY,2052-03-18,814.882,54515.663,55330.545
13830,SUSC,2021-12-31,MATURITY,2052-03-20,49.144,0.0,49.144
13831,SUSC,2021-12-31,MATURITY,2052-03-22,378.916,0.0,378.916
13832,SUSC,2021-12-31,MATURITY,2052-03-25,476.883,0.0,476.883
13833,SUSC,2021-12-31,MATURITY,2052-04-01,1054.081,15060.241,16114.322
13834,SUSC,2021-12-31,MATURITY,2052-04-08,11.443,0.0,11.443
13835,SUSC,2021-12-31,MATURITY,2052-04-15,498.422,0.0,498.422
13836,SUSC,2021-12-31,MATURITY,2052-04-22,57.25,6897.59,6954.84
13837,SUSC,2021-12-31,MATURITY,2052-04-23,57.636,0.0,57.636
13838,SUSC,2021-12-31,MATURITY,2052-04-30,403.965,0.0,403.965
13839,SUSC,2021-12-31,MATURITY,2052-05-01,786.645,0.0,786.645
13840,SUSC,2021-12-31,MATURITY,2052-05-13,154.495,0.0,154.495
13841,SUSC,2021-12-31,MATURITY,2052-05-15,959.517,0.0,959.517
13842,SUSC,2021-12-31,MATURITY,2052-05-20,146.837,0.0,146.837
13843,SUSC,2021-12-31,MATURITY,2052-06-03,1328.622,1716.867,3045.489
13844,SUSC,2021-12-31,MATURITY,2052-06-06,137.831,0.0,137.831
13845,SUSC,2021-12-31,MATURITY,2052-06-10,43.675,0.0,43.675
13846,SUSC,2021-12-31,MATURITY,2052-06-17,117.752,2560.241,2677.993
13847,SUSC,2021-12-31,MATURITY,2052-06-19,88.761,0.0,88.761
13848,SUSC,2021-12-31,MATURITY,2052-07-01,237.617,0.0,237.617
13849,SUSC,2021-12-31,MATURITY,2052-07-02,272.846,0.0,272.846
13850,SUSC,2021-12-31,MATURITY,2052-07-09,117.922,0.0,117.922
13851,SUSC,2021-12-31,MATURITY,2052-07-15,235.433,0.0,235.433
13852,SUSC,2021-12-31,MATURITY,2052-07-22,55.572,6777.108,6832.681
13853,SUSC,2021-12-31,MATURITY,2052-07-23,374.729,0.0,374.729
13854,SUSC,2021-12-31,MATURITY,2052-07-31,91.611,0.0,91.611
13855,SUSC,2021-12-31,MATURITY,2052-08-01,457.417,0.0,457.417
13856,SUSC,2021-12-31,MATURITY,2052-08-05,142.387,0.0,142.387
13857,SUSC,2021-12-31,MATURITY,2052-08-06,23.892,0.0,23.892
13858,SUSC,2021-12-31,MATURITY,2052-08-08,250.324,0.0,250.324
13859,SUSC,2021-12-31,MATURITY,2052-08-09,122.364,0.0,122.364
13860,SUSC,2021-12-31,MATURITY,2052-08-12,24.096,0.0,24.096
13861,SUSC,2021-12-31,MATURITY,2052-08-15,613.885,11144.578,11758.463
13862,SUSC,2021-12-31,MATURITY,2052-08-16,51.269,0.0,51.269
13863,SUSC,2021-12-31,MATURITY,2052-08-19,232.53,0.0,232.53
13864,SUSC,2021-12-31,MATURITY,2052-08-22,174.736,0.0,174.736
13865,SUSC,2021-12-31,MATURITY,2052-08-26,77.316,0.0,77.316
13866,SUSC,2021-12-31,MATURITY,2052-09-03,132.922,0.0,132.922
13867,SUSC,2021-12-31,MATURITY,2052-09-16,2272.831,0.0,2272.831
13868,SUSC,2021-12-31,MATURITY,2052-09-17,18.319,0.0,18.319
13869,SUSC,2021-12-31,MATURITY,2052-09-20,49.144,0.0,49.144
13870,SUSC,2021-12-31,MATURITY,2052-09-23,378.916,0.0,378.916
13871,SUSC,2021-12-31,MATURITY,2052-09-25,476.883,0.0,476.883
13872,SUSC,2021-12-31,MATURITY,2052-10-01,743.238,0.0,743.238
13873,SUSC,2021-12-31,MATURITY,2052-10-07,11.443,0.0,11.443
13874,SUSC,2021-12-31,MATURITY,2052-10-15,498.422,4819.277,5317.7
13875,SUSC,2021-12-31,MATURITY,2052-10-23,57.636,0.0,57.636
13876,SUSC,2021-12-31,MATURITY,2052-10-30,403.965,0.0,403.965
13877,SUSC,2021-12-31,MATURITY,2052-11-01,786.645,4216.867,5003.512
13878,SUSC,2021-12-31,MATURITY,2052-11-12,47.477,0.0,47.477
13879,SUSC,2021-12-31,MATURITY,2052-11-13,107.018,0.0,107.018
13880,SUSC,2021-12-31,MATURITY,2052-11-15,959.517,0.0,959.517
13881,SUSC,2021-12-31,MATURITY,2052-11-20,146.837,0.0,146.837
13882,SUSC,2021-12-31,MATURITY,2052-12-02,1162.989,0.0,1162.989
13883,SUSC,2021-12-31,MATURITY,2052-12-03,132.154,0.0,132.154
13884,SUSC,2021-12-31,MATURITY,2052-12-06,137.831,0.0,137.831
13885,SUSC,2021-12-31,MATURITY,2052-12-10,43.675,0.0,43.675
13886,SUSC,2021-12-31,MATURITY,2052-12-16,80.949,0.0,80.949
13887,SUSC,2021-12-31,MATURITY,2052-12-19,88.761,0.0,88.761
13888,SUSC,2021-12-31,MATURITY,2052-12-30,237.617,0.0,237.617
13889,SUSC,2021-12-31,MATURITY,2053-01-02,272.846,0.0,272.846
13890,SUSC,2021-12-31,MATURITY,2053-01-09,117.922,0.0,117.922
13891,SUSC,2021-12-31,MATURITY,2053-01-15,235.433,0.0,235.433
13892,SUSC,2021-12-31,MATURITY,2053-01-23,374.729,0.0,374.729
13893,SUSC,2021-12-31,MATURITY,2053-01-31,91.611,0.0,91.611
13894,SUSC,2021-12-31,MATURITY,2053-02-03,457.417,0.0,457.417
13895,SUSC,2021-12-31,MATURITY,2053-02-05,142.387,0.0,142.387
13896,SUSC,2021-12-31,MATURITY,2053-02-06,23.892,0.0,23.892
13897,SUSC,2021-12-31,MATURITY,2053-02-10,372.688,0.0,372.688
13898,SUSC,2021-12-31,MATURITY,2053-02-12,24.096,0.0,24.096
13899,SUSC,2021-12-31,MATURITY,2053-02-18,693.693,1204.819,1898.512
13900,SUSC,2021-12-31,MATURITY,2053-02-24,174.736,0.0,174.736
13901,SUSC,2021-12-31,MATURITY,2053-02-26,77.316,0.0,77.316
13902,SUSC,2021-12-31,MATURITY,2053-03-03,132.922,0.0,132.922
13903,SUSC,2021-12-31,MATURITY,2053-03-17,2291.151,0.0,2291.151
13904,SUSC,2021-12-31,MATURITY,2053-03-20,49.144,0.0,49.144
13905,SUSC,2021-12-31,MATURITY,2053-03-24,378.916,0.0,378.916
13906,SUSC,2021-12-31,MATURITY,2053-03-25,476.883,0.0,476.883
13907,SUSC,2021-12-31,MATURITY,2053-04-01,743.238,0.0,743.238
13908,SUSC,2021-12-31,MATURITY,2053-04-07,11.443,0.0,11.443
13909,SUSC,2021-12-31,MATURITY,2053-04-15,417.53,0.0,417.53
13910,SUSC,2021-12-31,MATURITY,2053-04-23,57.636,0.0,57.636
13911,SUSC,2021-12-31,MATURITY,2053-04-30,403.965,0.0,403.965
13912,SUSC,2021-12-31,MATURITY,2053-05-01,701.274,0.0,701.274
13913,SUSC,2021-12-31,MATURITY,2053-05-12,47.477,0.0,47.477
13914,SUSC,2021-12-31,MATURITY,2053-05-13,107.018,0.0,107.018
13915,SUSC,2021-12-31,MATURITY,2053-05-15,959.517,0.0,959.517
13916,SUSC,2021-12-31,MATURITY,2053-05-20,146.837,0.0,146.837
13917,SUSC,2021-12-31,MATURITY,2053-06-02,1162.989,0.0,1162.989
13918,SUSC,2021-12-31,MATURITY,2053-06-03,132.154,0.0,132.154
13919,SUSC,2021-12-31,MATURITY,2053-06-06,137.831,0.0,137.831
13920,SUSC,2021-12-31,MATURITY,2053-06-10,43.675,0.0,43.675
13921,SUSC,2021-12-31,MATURITY,2053-06-16,80.949,0.0,80.949
13922,SUSC,2021-12-31,MATURITY,2053-06-19,88.761,0.0,88.761
13923,SUSC,2021-12-31,MATURITY,2053-06-30,237.617,0.0,237.617
13924,SUSC,2021-12-31,MATURITY,2053-07-02,272.846,0.0,272.846
13925,SUSC,2021-12-31,MATURITY,2053-07-09,117.922,0.0,117.922
13926,SUSC,2021-12-31,MATURITY,2053-07-15,235.433,0.0,235.433
13927,SUSC,2021-12-31,MATURITY,2053-07-23,374.729,0.0,374.729
13928,SUSC,2021-12-31,MATURITY,2053-07-31,91.611,0.0,91.611
13929,SUSC,2021-12-31,MATURITY,2053-08-01,457.417,0.0,457.417
13930,SUSC,2021-12-31,MATURITY,2053-08-05,142.387,0.0,142.387
13931,SUSC,2021-12-31,MATURITY,2053-08-06,23.892,0.0,23.892
13932,SUSC,2021-12-31,MATURITY,2053-08-08,250.324,0.0,250.324
13933,SUSC,2021-12-31,MATURITY,2053-08-11,122.364,0.0,122.364
13934,SUSC,2021-12-31,MATURITY,2053-08-12,24.096,0.0,24.096
13935,SUSC,2021-12-31,MATURITY,2053-08-15,390.014,0.0,390.014
13936,SUSC,2021-12-31,MATURITY,2053-08-18,283.799,0.0,283.799
13937,SUSC,2021-12-31,MATURITY,2053-08-22,174.736,0.0,174.736
13938,SUSC,2021-12-31,MATURITY,2053-08-26,77.316,0.0,77.316
13939,SUSC,2021-12-31,MATURITY,2053-09-02,132.922,602.41,735.331
13940,SUSC,2021-12-31,MATURITY,2053-09-15,2272.831,24246.988,26519.819
13941,SUSC,2021-12-31,MATURITY,2053-09-17,18.319,0.0,18.319
13942,SUSC,2021-12-31,MATURITY,2053-09-22,428.059,0.0,428.059
13943,SUSC,2021-12-31,MATURITY,2053-09-25,476.883,0.0,476.883
13944,SUSC,2021-12-31,MATURITY,2053-10-01,743.238,0.0,743.238
13945,SUSC,2021-12-31,MATURITY,2053-10-06,11.443,0.0,11.443
13946,SUSC,2021-12-31,MATURITY,2053-10-15,417.53,0.0,417.53
13947,SUSC,2021-12-31,MATURITY,2053-10-23,57.636,0.0,57.636
13948,SUSC,2021-12-31,MATURITY,2053-10-30,403.965,0.0,403.965
13949,SUSC,2021-12-31,MATURITY,2053-11-03,701.274,0.0,701.274
13950,SUSC,2021-12-31,MATURITY,2053-11-12,47.477,0.0,47.477
13951,SUSC,2021-12-31,MATURITY,2053-11-13,107.018,0.0,107.018
13952,SUSC,2021-12-31,MATURITY,2053-11-17,959.517,0.0,959.517
13953,SUSC,2021-12-31,MATURITY,2053-11-20,146.837,0.0,146.837
13954,SUSC,2021-12-31,MATURITY,2053-12-01,1162.989,0.0,1162.989
13955,SUSC,2021-12-31,MATURITY,2053-12-03,132.154,0.0,132.154
13956,SUSC,2021-12-31,MATURITY,2053-12-08,137.831,0.0,137.831
13957,SUSC,2021-12-31,MATURITY,2053-12-10,43.675,0.0,43.675
13958,SUSC,2021-12-31,MATURITY,2053-12-15,80.949,0.0,80.949
13959,SUSC,2021-12-31,MATURITY,2053-12-19,88.761,0.0,88.761
13960,SUSC,2021-12-31,MATURITY,2053-12-29,59.153,0.0,59.153
13961,SUSC,2021-12-31,MATURITY,2053-12-30,178.464,0.0,178.464
13962,SUSC,2021-12-31,MATURITY,2054-01-02,272.846,0.0,272.846
13963,SUSC,2021-12-31,MATURITY,2054-01-09,117.922,0.0,117.922
13964,SUSC,2021-12-31,MATURITY,2054-01-15,235.433,0.0,235.433
13965,SUSC,2021-12-31,MATURITY,2054-01-23,374.729,0.0,374.729
13966,SUSC,2021-12-31,MATURITY,2054-01-30,91.611,0.0,91.611
13967,SUSC,2021-12-31,MATURITY,2054-02-02,457.417,0.0,457.417
13968,SUSC,2021-12-31,MATURITY,2054-02-05,142.387,0.0,142.387
13969,SUSC,2021-12-31,MATURITY,2054-02-06,23.892,0.0,23.892
13970,SUSC,2021-12-31,MATURITY,2054-02-09,372.688,0.0,372.688
13971,SUSC,2021-12-31,MATURITY,2054-02-12,24.096,0.0,24.096
13972,SUSC,2021-12-31,MATURITY,2054-02-17,441.283,0.0,441.283
13973,SUSC,2021-12-31,MATURITY,2054-02-18,232.53,0.0,232.53
13974,SUSC,2021-12-31,MATURITY,2054-02-23,174.736,0.0,174.736
13975,SUSC,2021-12-31,MATURITY,2054-02-26,77.316,0.0,77.316
13976,SUSC,2021-12-31,MATURITY,2054-03-02,124.578,0.0,124.578
13977,SUSC,2021-12-31,MATURITY,2054-03-16,1848.509,0.0,1848.509
13978,SUSC,2021-12-31,MATURITY,2054-03-17,18.319,0.0,18.319
13979,SUSC,2021-12-31,MATURITY,2054-03-20,49.144,0.0,49.144
13980,SUSC,2021-12-31,MATURITY,2054-03-23,378.916,0.0,378.916
13981,SUSC,2021-12-31,MATURITY,2054-03-25,476.883,0.0,476.883
13982,SUSC,2021-12-31,MATURITY,2054-04-01,743.238,0.0,743.238
13983,SUSC,2021-12-31,MATURITY,2054-04-06,11.443,0.0,11.443
13984,SUSC,2021-12-31,MATURITY,2054-04-15,417.53,0.0,417.53
13985,SUSC,2021-12-31,MATURITY,2054-04-23,57.636,0.0,57.636
13986,SUSC,2021-12-31,MATURITY,2054-04-30,403.965,0.0,403.965
13987,SUSC,2021-12-31,MATURITY,2054-05-01,701.274,0.0,701.274
13988,SUSC,2021-12-31,MATURITY,2054-05-12,47.477,0.0,47.477
13989,SUSC,2021-12-31,MATURITY,2054-05-13,107.018,0.0,107.018
13990,SUSC,2021-12-31,MATURITY,2054-05-15,959.517,0.0,959.517
13991,SUSC,2021-12-31,MATURITY,2054-05-20,146.837,0.0,146.837
13992,SUSC,2021-12-31,MATURITY,2054-06-01,1162.989,0.0,1162.989
13993,SUSC,2021-12-31,MATURITY,2054-06-03,132.154,0.0,132.154
13994,SUSC,2021-12-31,MATURITY,2054-06-08,137.831,0.0,137.831
13995,SUSC,2021-12-31,MATURITY,2054-06-10,43.675,0.0,43.675
13996,SUSC,2021-12-31,MATURITY,2054-06-15,80.949,0.0,80.949
13997,SUSC,2021-12-31,MATURITY,2054-06-19,88.761,0.0,88.761
13998,SUSC,2021-12-31,MATURITY,2054-06-29,59.153,0.0,59.153
13999,SUSC,2021-12-31,MATURITY,2054-06-30,178.464,0.0,178.464
14000,SUSC,2021-12-31,MATURITY,2054-07-02,272.846,0.0,272.846
14001,SUSC,2021-12-31,MATURITY,2054-07-09,117.922,0.0,117.922
14002,SUSC,2021-12-31,MATURITY,2054-07-15,235.433,0.0,235.433
14003,SUSC,2021-12-31,MATURITY,2054-07-23,374.729,0.0,374.729
14004,SUSC,2021-12-31,MATURITY,2054-07-31,91.611,0.0,91.611
14005,SUSC,2021-12-31,MATURITY,2054-08-03,457.417,2409.639,2867.056
14006,SUSC,2021-12-31,MATURITY,2054-08-05,142.387,0.0,142.387
14007,SUSC,2021-12-31,MATURITY,2054-08-06,23.892,0.0,23.892
14008,SUSC,2021-12-31,MATURITY,2054-08-10,372.688,0.0,372.688
14009,SUSC,2021-12-31,MATURITY,2054-08-12,24.096,0.0,24.096
14010,SUSC,2021-12-31,MATURITY,2054-08-17,441.283,0.0,441.283
14011,SUSC,2021-12-31,MATURITY,2054-08-18,232.53,0.0,232.53
14012,SUSC,2021-12-31,MATURITY,2054-08-24,174.736,0.0,174.736
14013,SUSC,2021-12-31,MATURITY,2054-08-26,77.316,0.0,77.316
14014,SUSC,2021-12-31,MATURITY,2054-09-01,124.578,0.0,124.578
14015,SUSC,2021-12-31,MATURITY,2054-09-15,1848.509,6024.096,7872.605
14016,SUSC,2021-12-31,MATURITY,2054-09-17,18.319,0.0,18.319
14017,SUSC,2021-12-31,MATURITY,2054-09-21,49.144,0.0,49.144
14018,SUSC,2021-12-31,MATURITY,2054-09-22,378.916,0.0,378.916
14019,SUSC,2021-12-31,MATURITY,2054-09-25,476.883,0.0,476.883
14020,SUSC,2021-12-31,MATURITY,2054-10-01,743.238,692.771,1436.009
14021,SUSC,2021-12-31,MATURITY,2054-10-06,11.443,0.0,11.443
14022,SUSC,2021-12-31,MATURITY,2054-10-15,417.53,2108.434,2525.964
14023,SUSC,2021-12-31,MATURITY,2054-10-23,57.636,0.0,57.636
14024,SUSC,2021-12-31,MATURITY,2054-10-30,403.965,0.0,403.965
14025,SUSC,2021-12-31,MATURITY,2054-11-02,701.274,0.0,701.274
14026,SUSC,2021-12-31,MATURITY,2054-11-12,47.477,0.0,47.477
14027,SUSC,2021-12-31,MATURITY,2054-11-13,107.018,0.0,107.018
14028,SUSC,2021-12-31,MATURITY,2054-11-16,959.517,0.0,959.517
14029,SUSC,2021-12-31,MATURITY,2054-11-20,146.837,0.0,146.837
14030,SUSC,2021-12-31,MATURITY,2054-12-01,1162.989,2590.361,3753.351
14031,SUSC,2021-12-31,MATURITY,2054-12-03,132.154,0.0,132.154
14032,SUSC,2021-12-31,MATURITY,2054-12-07,137.831,0.0,137.831
14033,SUSC,2021-12-31,MATURITY,2054-12-10,43.675,0.0,43.675
14034,SUSC,2021-12-31,MATURITY,2054-12-15,80.949,0.0,80.949
14035,SUSC,2021-12-31,MATURITY,2054-12-21,88.761,0.0,88.761
14036,SUSC,2021-12-31,MATURITY,2054-12-29,59.153,0.0,59.153
14037,SUSC,2021-12-31,MATURITY,2054-12-30,178.464,0.0,178.464
14038,SUSC,2021-12-31,MATURITY,2055-01-04,272.846,0.0,272.846
14039,SUSC,2021-12-31,MATURITY,2055-01-12,117.922,0.0,117.922
14040,SUSC,2021-12-31,MATURITY,2055-01-15,235.433,5030.12,5265.553
14041,SUSC,2021-12-31,MATURITY,2055-01-25,374.729,0.0,374.729
14042,SUSC,2021-12-31,MATURITY,2055-01-29,91.611,0.0,91.611
14043,SUSC,2021-12-31,MATURITY,2055-02-01,403.2,4759.036,5162.236
14044,SUSC,2021-12-31,MATURITY,2055-02-05,142.387,0.0,142.387
14045,SUSC,2021-12-31,MATURITY,2055-02-08,274.216,0.0,274.216
14046,SUSC,2021-12-31,MATURITY,2055-02-09,122.364,0.0,122.364
14047,SUSC,2021-12-31,MATURITY,2055-02-12,24.096,0.0,24.096
14048,SUSC,2021-12-31,MATURITY,2055-02-16,441.283,0.0,441.283
14049,SUSC,2021-12-31,MATURITY,2055-02-18,232.53,0.0,232.53
14050,SUSC,2021-12-31,MATURITY,2055-02-22,174.736,0.0,174.736
14051,SUSC,2021-12-31,MATURITY,2055-02-26,77.316,3343.373,3420.689
14052,SUSC,2021-12-31,MATURITY,2055-03-01,124.578,0.0,124.578
14053,SUSC,2021-12-31,MATURITY,2055-03-15,1697.907,0.0,1697.907
14054,SUSC,2021-12-31,MATURITY,2055-03-17,18.319,0.0,18.319
14055,SUSC,2021-12-31,MATURITY,2055-03-22,428.059,0.0,428.059
14056,SUSC,2021-12-31,MATURITY,2055-03-25,476.883,0.0,476.883
14057,SUSC,2021-12-31,MATURITY,2055-04-01,725.053,0.0,725.053
14058,SUSC,2021-12-31,MATURITY,2055-04-06,11.443,0.0,11.443
14059,SUSC,2021-12-31,MATURITY,2055-04-15,365.346,0.0,365.346
14060,SUSC,2021-12-31,MATURITY,2055-04-23,57.636,0.0,57.636
14061,SUSC,2021-12-31,MATURITY,2055-04-30,403.965,0.0,403.965
14062,SUSC,2021-12-31,MATURITY,2055-05-03,701.274,0.0,701.274
14063,SUSC,2021-12-31,MATURITY,2055-05-12,47.477,0.0,47.477
14064,SUSC,2021-12-31,MATURITY,2055-05-13,107.018,0.0,107.018
14065,SUSC,2021-12-31,MATURITY,2055-05-17,959.517,5933.735,6893.252
14066,SUSC,2021-12-31,MATURITY,2055-05-20,146.837,0.0,146.837
14067,SUSC,2021-12-31,MATURITY,2055-06-01,1103.087,0.0,1103.087
14068,SUSC,2021-12-31,MATURITY,2055-06-03,132.154,0.0,132.154
14069,SUSC,2021-12-31,MATURITY,2055-06-07,137.831,0.0,137.831
14070,SUSC,2021-12-31,MATURITY,2055-06-10,43.675,0.0,43.675
14071,SUSC,2021-12-31,MATURITY,2055-06-15,80.949,0.0,80.949
14072,SUSC,2021-12-31,MATURITY,2055-06-21,88.761,0.0,88.761
14073,SUSC,2021-12-31,MATURITY,2055-06-29,59.153,0.0,59.153
14074,SUSC,2021-12-31,MATURITY,2055-06-30,178.464,0.0,178.464
14075,SUSC,2021-12-31,MATURITY,2055-07-02,272.846,0.0,272.846
14076,SUSC,2021-12-31,MATURITY,2055-07-09,117.922,0.0,117.922
14077,SUSC,2021-12-31,MATURITY,2055-07-15,125.399,0.0,125.399
14078,SUSC,2021-12-31,MATURITY,2055-07-23,374.729,0.0,374.729
14079,SUSC,2021-12-31,MATURITY,2055-07-30,91.611,0.0,91.611
14080,SUSC,2021-12-31,MATURITY,2055-08-02,310.994,0.0,310.994
14081,SUSC,2021-12-31,MATURITY,2055-08-05,142.387,0.0,142.387
14082,SUSC,2021-12-31,MATURITY,2055-08-06,23.892,0.0,23.892
14083,SUSC,2021-12-31,MATURITY,2055-08-09,372.688,0.0,372.688
14084,SUSC,2021-12-31,MATURITY,2055-08-12,24.096,0.0,24.096
14085,SUSC,2021-12-31,MATURITY,2055-08-16,441.283,0.0,441.283
14086,SUSC,2021-12-31,MATURITY,2055-08-18,232.53,14397.59,14630.12
14087,SUSC,2021-12-31,MATURITY,2055-08-23,174.736,0.0,174.736
14088,SUSC,2021-12-31,MATURITY,2055-09-01,124.578,0.0,124.578
14089,SUSC,2021-12-31,MATURITY,2055-09-15,1697.907,41506.024,43203.931
14090,SUSC,2021-12-31,MATURITY,2055-09-17,18.319,0.0,18.319
14091,SUSC,2021-12-31,MATURITY,2055-09-20,49.144,0.0,49.144
14092,SUSC,2021-12-31,MATURITY,2055-09-22,378.916,0.0,378.916
14093,SUSC,2021-12-31,MATURITY,2055-09-27,476.883,0.0,476.883
14094,SUSC,2021-12-31,MATURITY,2055-10-01,725.053,0.0,725.053
14095,SUSC,2021-12-31,MATURITY,2055-10-06,11.443,0.0,11.443
14096,SUSC,2021-12-31,MATURITY,2055-10-15,365.346,0.0,365.346
14097,SUSC,2021-12-31,MATURITY,2055-10-25,57.636,1686.747,1744.383
14098,SUSC,2021-12-31,MATURITY,2055-11-01,1105.239,0.0,1105.239
14099,SUSC,2021-12-31,MATURITY,2055-11-12,47.477,0.0,47.477
14100,SUSC,2021-12-31,MATURITY,2055-11-15,945.922,0.0,945.922
14101,SUSC,2021-12-31,MATURITY,2055-11-22,146.837,0.0,146.837
14102,SUSC,2021-12-31,MATURITY,2055-12-01,1103.087,0.0,1103.087
14103,SUSC,2021-12-31,MATURITY,2055-12-03,132.154,0.0,132.154
14104,SUSC,2021-12-31,MATURITY,2055-12-06,137.831,0.0,137.831
14105,SUSC,2021-12-31,MATURITY,2055-12-10,43.675,0.0,43.675
14106,SUSC,2021-12-31,MATURITY,2055-12-15,80.949,0.0,80.949
14107,SUSC,2021-12-31,MATURITY,2055-12-20,88.761,0.0,88.761
14108,SUSC,2021-12-31,MATURITY,2055-12-29,59.153,0.0,59.153
14109,SUSC,2021-12-31,MATURITY,2055-12-30,178.464,0.0,178.464
14110,SUSC,2021-12-31,MATURITY,2056-01-04,272.846,0.0,272.846
14111,SUSC,2021-12-31,MATURITY,2056-01-11,117.922,0.0,117.922
14112,SUSC,2021-12-31,MATURITY,2056-01-18,125.399,0.0,125.399
14113,SUSC,2021-12-31,MATURITY,2056-01-24,374.729,0.0,374.729
14114,SUSC,2021-12-31,MATURITY,2056-01-31,91.611,0.0,91.611
14115,SUSC,2021-12-31,MATURITY,2056-02-01,310.994,0.0,310.994
14116,SUSC,2021-12-31,MATURITY,2056-02-07,166.279,0.0,166.279
14117,SUSC,2021-12-31,MATURITY,2056-02-08,250.324,0.0,250.324
14118,SUSC,2021-12-31,MATURITY,2056-02-09,122.364,0.0,122.364
14119,SUSC,2021-12-31,MATURITY,2056-02-14,24.096,0.0,24.096
14120,SUSC,2021-12-31,MATURITY,2056-02-15,390.014,0.0,390.014
14121,SUSC,2021-12-31,MATURITY,2056-02-16,51.269,0.0,51.269
14122,SUSC,2021-12-31,MATURITY,2056-02-18,34.563,0.0,34.563
14123,SUSC,2021-12-31,MATURITY,2056-02-22,174.736,0.0,174.736
14124,SUSC,2021-12-31,MATURITY,2056-03-01,124.578,0.0,124.578
14125,SUSC,2021-12-31,MATURITY,2056-03-15,925.392,0.0,925.392
14126,SUSC,2021-12-31,MATURITY,2056-03-17,18.319,0.0,18.319
14127,SUSC,2021-12-31,MATURITY,2056-03-20,49.144,0.0,49.144
14128,SUSC,2021-12-31,MATURITY,2056-03-22,378.916,0.0,378.916
14129,SUSC,2021-12-31,MATURITY,2056-03-27,476.883,0.0,476.883
14130,SUSC,2021-12-31,MATURITY,2056-04-03,725.053,0.0,725.053
14131,SUSC,2021-12-31,MATURITY,2056-04-06,11.443,0.0,11.443
14132,SUSC,2021-12-31,MATURITY,2056-04-17,365.346,0.0,365.346
14133,SUSC,2021-12-31,MATURITY,2056-05-01,1105.239,0.0,1105.239
14134,SUSC,2021-12-31,MATURITY,2056-05-12,47.477,0.0,47.477
14135,SUSC,2021-12-31,MATURITY,2056-05-15,945.922,0.0,945.922
14136,SUSC,2021-12-31,MATURITY,2056-05-22,146.837,0.0,146.837
14137,SUSC,2021-12-31,MATURITY,2056-06-01,1103.087,0.0,1103.087
14138,SUSC,2021-12-31,MATURITY,2056-06-05,132.154,0.0,132.154
14139,SUSC,2021-12-31,MATURITY,2056-06-06,137.831,0.0,137.831
14140,SUSC,2021-12-31,MATURITY,2056-06-12,43.675,0.0,43.675
14141,SUSC,2021-12-31,MATURITY,2056-06-15,80.949,0.0,80.949
14142,SUSC,2021-12-31,MATURITY,2056-06-19,88.761,0.0,88.761
14143,SUSC,2021-12-31,MATURITY,2056-06-29,59.153,0.0,59.153
14144,SUSC,2021-12-31,MATURITY,2056-06-30,178.464,0.0,178.464
14145,SUSC,2021-12-31,MATURITY,2056-07-03,272.846,0.0,272.846
14146,SUSC,2021-12-31,MATURITY,2056-07-10,117.922,0.0,117.922
14147,SUSC,2021-12-31,MATURITY,2056-07-17,125.399,0.0,125.399
14148,SUSC,2021-12-31,MATURITY,2056-07-24,374.729,0.0,374.729
14149,SUSC,2021-12-31,MATURITY,2056-07-31,91.611,0.0,91.611
14150,SUSC,2021-12-31,MATURITY,2056-08-01,310.994,0.0,310.994
14151,SUSC,2021-12-31,MATURITY,2056-08-07,166.279,0.0,166.279
14152,SUSC,2021-12-31,MATURITY,2056-08-08,250.324,7530.12,7780.444
14153,SUSC,2021-12-31,MATURITY,2056-08-09,122.364,0.0,122.364
14154,SUSC,2021-12-31,MATURITY,2056-08-14,24.096,0.0,24.096
14155,SUSC,2021-12-31,MATURITY,2056-08-15,390.014,0.0,390.014
14156,SUSC,2021-12-31,MATURITY,2056-08-16,51.269,0.0,51.269
14157,SUSC,2021-12-31,MATURITY,2056-08-18,34.563,0.0,34.563
14158,SUSC,2021-12-31,MATURITY,2056-08-22,174.736,0.0,174.736
14159,SUSC,2021-12-31,MATURITY,2056-09-01,124.578,0.0,124.578
14160,SUSC,2021-12-31,MATURITY,2056-09-15,925.392,12018.072,12943.464
14161,SUSC,2021-12-31,MATURITY,2056-09-18,18.319,0.0,18.319
14162,SUSC,2021-12-31,MATURITY,2056-09-20,49.144,0.0,49.144
14163,SUSC,2021-12-31,MATURITY,2056-09-22,378.916,0.0,378.916
14164,SUSC,2021-12-31,MATURITY,2056-09-25,476.883,0.0,476.883
14165,SUSC,2021-12-31,MATURITY,2056-10-02,725.053,0.0,725.053
14166,SUSC,2021-12-31,MATURITY,2056-10-06,11.443,0.0,11.443
14167,SUSC,2021-12-31,MATURITY,2056-10-16,365.346,0.0,365.346
14168,SUSC,2021-12-31,MATURITY,2056-10-30,403.965,27048.193,27452.158
14169,SUSC,2021-12-31,MATURITY,2056-11-01,701.274,28825.301,29526.575
14170,SUSC,2021-12-31,MATURITY,2056-11-13,154.495,0.0,154.495
14171,SUSC,2021-12-31,MATURITY,2056-11-15,838.904,0.0,838.904
14172,SUSC,2021-12-31,MATURITY,2056-11-20,146.837,0.0,146.837
14173,SUSC,2021-12-31,MATURITY,2056-12-01,1103.087,4216.867,5319.955
14174,SUSC,2021-12-31,MATURITY,2056-12-04,132.154,0.0,132.154
14175,SUSC,2021-12-31,MATURITY,2056-12-06,137.831,0.0,137.831
14176,SUSC,2021-12-31,MATURITY,2056-12-11,43.675,0.0,43.675
14177,SUSC,2021-12-31,MATURITY,2056-12-15,80.949,0.0,80.949
14178,SUSC,2021-12-31,MATURITY,2056-12-19,88.761,0.0,88.761
14179,SUSC,2021-12-31,MATURITY,2056-12-29,59.153,0.0,59.153
14180,SUSC,2021-12-31,MATURITY,2057-01-02,451.31,0.0,451.31
14181,SUSC,2021-12-31,MATURITY,2057-01-09,117.922,0.0,117.922
14182,SUSC,2021-12-31,MATURITY,2057-01-16,125.399,0.0,125.399
14183,SUSC,2021-12-31,MATURITY,2057-01-23,374.729,0.0,374.729
14184,SUSC,2021-12-31,MATURITY,2057-01-31,91.611,0.0,91.611
14185,SUSC,2021-12-31,MATURITY,2057-02-01,310.994,0.0,310.994
14186,SUSC,2021-12-31,MATURITY,2057-02-05,142.387,0.0,142.387
14187,SUSC,2021-12-31,MATURITY,2057-02-06,23.892,0.0,23.892
14188,SUSC,2021-12-31,MATURITY,2057-02-08,101.604,0.0,101.604
14189,SUSC,2021-12-31,MATURITY,2057-02-09,122.364,0.0,122.364
14190,SUSC,2021-12-31,MATURITY,2057-02-12,24.096,0.0,24.096
14191,SUSC,2021-12-31,MATURITY,2057-02-15,390.014,0.0,390.014
14192,SUSC,2021-12-31,MATURITY,2057-02-16,51.269,0.0,51.269
14193,SUSC,2021-12-31,MATURITY,2057-02-20,34.563,0.0,34.563
14194,SUSC,2021-12-31,MATURITY,2057-02-22,174.736,0.0,174.736
14195,SUSC,2021-12-31,MATURITY,2057-03-01,124.578,2078.313,2202.892
14196,SUSC,2021-12-31,MATURITY,2057-03-15,715.075,0.0,715.075
14197,SUSC,2021-12-31,MATURITY,2057-03-19,18.319,0.0,18.319
14198,SUSC,2021-12-31,MATURITY,2057-03-20,49.144,0.0,49.144
14199,SUSC,2021-12-31,MATURITY,2057-03-22,378.916,0.0,378.916
14200,SUSC,2021-12-31,MATURITY,2057-03-26,476.883,0.0,476.883
14201,SUSC,2021-12-31,MATURITY,2057-04-02,725.053,0.0,725.053
14202,SUSC,2021-12-31,MATURITY,2057-04-06,11.443,0.0,11.443
14203,SUSC,2021-12-31,MATURITY,2057-04-16,365.346,0.0,365.346
14204,SUSC,2021-12-31,MATURITY,2057-05-01,277.975,0.0,277.975
14205,SUSC,2021-12-31,MATURITY,2057-05-14,154.495,0.0,154.495
14206,SUSC,2021-12-31,MATURITY,2057-05-15,838.904,0.0,838.904
14207,SUSC,2021-12-31,MATURITY,2057-05-21,146.837,0.0,146.837
14208,SUSC,2021-12-31,MATURITY,2057-06-01,1012.425,0.0,1012.425
14209,SUSC,2021-12-31,MATURITY,2057-06-04,132.154,0.0,132.154
14210,SUSC,2021-12-31,MATURITY,2057-06-06,137.831,0.0,137.831
14211,SUSC,2021-12-31,MATURITY,2057-06-11,43.675,0.0,43.675
14212,SUSC,2021-12-31,MATURITY,2057-06-15,80.949,0.0,80.949
14213,SUSC,2021-12-31,MATURITY,2057-06-19,88.761,0.0,88.761
14214,SUSC,2021-12-31,MATURITY,2057-06-29,59.153,0.0,59.153
14215,SUSC,2021-12-31,MATURITY,2057-07-02,451.31,0.0,451.31
14216,SUSC,2021-12-31,MATURITY,2057-07-09,117.922,0.0,117.922
14217,SUSC,2021-12-31,MATURITY,2057-07-16,125.399,0.0,125.399
14218,SUSC,2021-12-31,MATURITY,2057-07-23,374.729,0.0,374.729
14219,SUSC,2021-12-31,MATURITY,2057-07-31,91.611,0.0,91.611
14220,SUSC,2021-12-31,MATURITY,2057-08-01,310.994,0.0,310.994
14221,SUSC,2021-12-31,MATURITY,2057-08-06,166.279,0.0,166.279
14222,SUSC,2021-12-31,MATURITY,2057-08-08,101.604,0.0,101.604
14223,SUSC,2021-12-31,MATURITY,2057-08-09,122.364,0.0,122.364
14224,SUSC,2021-12-31,MATURITY,2057-08-13,24.096,0.0,24.096
14225,SUSC,2021-12-31,MATURITY,2057-08-15,390.014,0.0,390.014
14226,SUSC,2021-12-31,MATURITY,2057-08-16,51.269,0.0,51.269
14227,SUSC,2021-12-31,MATURITY,2057-08-20,34.563,0.0,34.563
14228,SUSC,2021-12-31,MATURITY,2057-08-22,174.736,8222.892,8397.628
14229,SUSC,2021-12-31,MATURITY,2057-09-04,65.346,0.0,65.346
14230,SUSC,2021-12-31,MATURITY,2057-09-17,733.395,0.0,733.395
14231,SUSC,2021-12-31,MATURITY,2057-09-20,49.144,0.0,49.144
14232,SUSC,2021-12-31,MATURITY,2057-09-24,378.916,0.0,378.916
14233,SUSC,2021-12-31,MATURITY,2057-09-25,476.883,0.0,476.883
14234,SUSC,2021-12-31,MATURITY,2057-10-01,725.053,0.0,725.053
14235,SUSC,2021-12-31,MATURITY,2057-10-09,11.443,0.0,11.443
14236,SUSC,2021-12-31,MATURITY,2057-10-15,365.346,0.0,365.346
14237,SUSC,2021-12-31,MATURITY,2057-11-01,277.975,0.0,277.975
14238,SUSC,2021-12-31,MATURITY,2057-11-13,154.495,0.0,154.495
14239,SUSC,2021-12-31,MATURITY,2057-11-15,838.904,6265.06,7103.964
14240,SUSC,2021-12-31,MATURITY,2057-11-20,146.837,0.0,146.837
14241,SUSC,2021-12-31,MATURITY,2057-12-03,1144.578,24487.952,25632.53
14242,SUSC,2021-12-31,MATURITY,2057-12-06,137.831,6265.06,6402.892
14243,SUSC,2021-12-31,MATURITY,2057-12-10,43.675,0.0,43.675
14244,SUSC,2021-12-31,MATURITY,2057-12-17,80.949,0.0,80.949
14245,SUSC,2021-12-31,MATURITY,2057-12-19,88.761,0.0,88.761
14246,SUSC,2021-12-31,MATURITY,2057-12-31,237.617,0.0,237.617
14247,SUSC,2021-12-31,MATURITY,2058-01-02,272.846,0.0,272.846
14248,SUSC,2021-12-31,MATURITY,2058-01-09,117.922,0.0,117.922
14249,SUSC,2021-12-31,MATURITY,2058-01-15,125.399,0.0,125.399
14250,SUSC,2021-12-31,MATURITY,2058-01-23,374.729,0.0,374.729
14251,SUSC,2021-12-31,MATURITY,2058-01-31,91.611,0.0,91.611
14252,SUSC,2021-12-31,MATURITY,2058-02-01,310.994,0.0,310.994
14253,SUSC,2021-12-31,MATURITY,2058-02-05,142.387,0.0,142.387
14254,SUSC,2021-12-31,MATURITY,2058-02-06,23.892,0.0,23.892
14255,SUSC,2021-12-31,MATURITY,2058-02-08,101.604,0.0,101.604
14256,SUSC,2021-12-31,MATURITY,2058-02-11,122.364,0.0,122.364
14257,SUSC,2021-12-31,MATURITY,2058-02-12,24.096,0.0,24.096
14258,SUSC,2021-12-31,MATURITY,2058-02-15,390.014,0.0,390.014
14259,SUSC,2021-12-31,MATURITY,2058-02-19,85.832,0.0,85.832
14260,SUSC,2021-12-31,MATURITY,2058-03-01,65.346,0.0,65.346
14261,SUSC,2021-12-31,MATURITY,2058-03-15,715.075,0.0,715.075
14262,SUSC,2021-12-31,MATURITY,2058-03-18,18.319,0.0,18.319
14263,SUSC,2021-12-31,MATURITY,2058-03-20,49.144,0.0,49.144
14264,SUSC,2021-12-31,MATURITY,2058-03-22,378.916,0.0,378.916
14265,SUSC,2021-12-31,MATURITY,2058-03-25,476.883,0.0,476.883
14266,SUSC,2021-12-31,MATURITY,2058-04-01,725.053,0.0,725.053
14267,SUSC,2021-12-31,MATURITY,2058-04-08,11.443,0.0,11.443
14268,SUSC,2021-12-31,MATURITY,2058-04-15,167.191,2168.675,2335.866
14269,SUSC,2021-12-31,MATURITY,2058-04-16,198.155,8343.373,8541.529
14270,SUSC,2021-12-31,MATURITY,2058-05-01,277.975,0.0,277.975
14271,SUSC,2021-12-31,MATURITY,2058-05-13,154.495,0.0,154.495
14272,SUSC,2021-12-31,MATURITY,2058-05-15,707.503,3283.133,3990.636
14273,SUSC,2021-12-31,MATURITY,2058-05-20,146.837,0.0,146.837
14274,SUSC,2021-12-31,MATURITY,2058-06-03,679.307,0.0,679.307
14275,SUSC,2021-12-31,MATURITY,2058-06-10,43.675,0.0,43.675
14276,SUSC,2021-12-31,MATURITY,2058-06-17,80.949,0.0,80.949
14277,SUSC,2021-12-31,MATURITY,2058-06-19,88.761,0.0,88.761
14278,SUSC,2021-12-31,MATURITY,2058-07-01,237.617,0.0,237.617
14279,SUSC,2021-12-31,MATURITY,2058-07-02,272.846,0.0,272.846
14280,SUSC,2021-12-31,MATURITY,2058-07-09,117.922,0.0,117.922
14281,SUSC,2021-12-31,MATURITY,2058-07-15,125.399,0.0,125.399
14282,SUSC,2021-12-31,MATURITY,2058-07-23,374.729,0.0,374.729
14283,SUSC,2021-12-31,MATURITY,2058-07-31,91.611,0.0,91.611
14284,SUSC,2021-12-31,MATURITY,2058-08-01,310.994,0.0,310.994
14285,SUSC,2021-12-31,MATURITY,2058-08-05,142.387,0.0,142.387
14286,SUSC,2021-12-31,MATURITY,2058-08-06,23.892,0.0,23.892
14287,SUSC,2021-12-31,MATURITY,2058-08-08,101.604,0.0,101.604
14288,SUSC,2021-12-31,MATURITY,2058-08-09,122.364,0.0,122.364
14289,SUSC,2021-12-31,MATURITY,2058-08-12,24.096,0.0,24.096
14290,SUSC,2021-12-31,MATURITY,2058-08-15,390.014,0.0,390.014
14291,SUSC,2021-12-31,MATURITY,2058-08-16,51.269,0.0,51.269
14292,SUSC,2021-12-31,MATURITY,2058-08-19,34.563,0.0,34.563
14293,SUSC,2021-12-31,MATURITY,2058-09-03,65.346,0.0,65.346
14294,SUSC,2021-12-31,MATURITY,2058-09-16,715.075,0.0,715.075
14295,SUSC,2021-12-31,MATURITY,2058-09-17,18.319,0.0,18.319
14296,SUSC,2021-12-31,MATURITY,2058-09-20,49.144,0.0,49.144
14297,SUSC,2021-12-31,MATURITY,2058-09-23,378.916,0.0,378.916
14298,SUSC,2021-12-31,MATURITY,2058-09-25,476.883,0.0,476.883
14299,SUSC,2021-12-31,MATURITY,2058-10-01,725.053,0.0,725.053
14300,SUSC,2021-12-31,MATURITY,2058-10-07,11.443,0.0,11.443
14301,SUSC,2021-12-31,MATURITY,2058-10-15,114.059,4608.434,4722.492
14302,SUSC,2021-12-31,MATURITY,2058-11-01,277.975,0.0,277.975
14303,SUSC,2021-12-31,MATURITY,2058-11-12,47.477,0.0,47.477
14304,SUSC,2021-12-31,MATURITY,2058-11-13,107.018,0.0,107.018
14305,SUSC,2021-12-31,MATURITY,2058-11-15,633.633,0.0,633.633
14306,SUSC,2021-12-31,MATURITY,2058-11-20,146.837,0.0,146.837
14307,SUSC,2021-12-31,MATURITY,2058-12-02,547.154,0.0,547.154
14308,SUSC,2021-12-31,MATURITY,2058-12-03,132.154,0.0,132.154
14309,SUSC,2021-12-31,MATURITY,2058-12-10,43.675,0.0,43.675
14310,SUSC,2021-12-31,MATURITY,2058-12-16,80.949,0.0,80.949
14311,SUSC,2021-12-31,MATURITY,2058-12-19,88.761,0.0,88.761
14312,SUSC,2021-12-31,MATURITY,2058-12-30,237.617,0.0,237.617
14313,SUSC,2021-12-31,MATURITY,2059-01-02,272.846,0.0,272.846
14314,SUSC,2021-12-31,MATURITY,2059-01-09,117.922,0.0,117.922
14315,SUSC,2021-12-31,MATURITY,2059-01-15,125.399,0.0,125.399
14316,SUSC,2021-12-31,MATURITY,2059-01-23,374.729,12921.687,13296.416
14317,SUSC,2021-12-31,MATURITY,2059-01-31,91.611,0.0,91.611
14318,SUSC,2021-12-31,MATURITY,2059-02-03,310.994,0.0,310.994
14319,SUSC,2021-12-31,MATURITY,2059-02-05,142.387,0.0,142.387
14320,SUSC,2021-12-31,MATURITY,2059-02-06,23.892,0.0,23.892
14321,SUSC,2021-12-31,MATURITY,2059-02-10,223.969,0.0,223.969
14322,SUSC,2021-12-31,MATURITY,2059-02-12,24.096,0.0,24.096
14323,SUSC,2021-12-31,MATURITY,2059-02-18,475.846,0.0,475.846
14324,SUSC,2021-12-31,MATURITY,2059-03-03,65.346,0.0,65.346
14325,SUSC,2021-12-31,MATURITY,2059-03-17,733.395,0.0,733.395
14326,SUSC,2021-12-31,MATURITY,2059-03-20,49.144,0.0,49.144
14327,SUSC,2021-12-31,MATURITY,2059-03-24,378.916,0.0,378.916
14328,SUSC,2021-12-31,MATURITY,2059-03-25,476.883,0.0,476.883
14329,SUSC,2021-12-31,MATURITY,2059-04-01,725.053,0.0,725.053
14330,SUSC,2021-12-31,MATURITY,2059-04-07,11.443,0.0,11.443
14331,SUSC,2021-12-31,MATURITY,2059-05-01,277.975,0.0,277.975
14332,SUSC,2021-12-31,MATURITY,2059-05-12,47.477,0.0,47.477
14333,SUSC,2021-12-31,MATURITY,2059-05-13,107.018,0.0,107.018
14334,SUSC,2021-12-31,MATURITY,2059-05-15,633.633,0.0,633.633
14335,SUSC,2021-12-31,MATURITY,2059-05-20,146.837,0.0,146.837
14336,SUSC,2021-12-31,MATURITY,2059-06-02,547.154,0.0,547.154
14337,SUSC,2021-12-31,MATURITY,2059-06-03,132.154,0.0,132.154
14338,SUSC,2021-12-31,MATURITY,2059-06-10,43.675,0.0,43.675
14339,SUSC,2021-12-31,MATURITY,2059-06-16,80.949,0.0,80.949
14340,SUSC,2021-12-31,MATURITY,2059-06-19,88.761,3463.855,3552.617
14341,SUSC,2021-12-31,MATURITY,2059-06-30,237.617,0.0,237.617
14342,SUSC,2021-12-31,MATURITY,2059-07-02,272.846,0.0,272.846
14343,SUSC,2021-12-31,MATURITY,2059-07-09,117.922,0.0,117.922
14344,SUSC,2021-12-31,MATURITY,2059-07-15,125.399,0.0,125.399
14345,SUSC,2021-12-31,MATURITY,2059-07-31,91.611,0.0,91.611
14346,SUSC,2021-12-31,MATURITY,2059-08-01,310.994,0.0,310.994
14347,SUSC,2021-12-31,MATURITY,2059-08-05,142.387,0.0,142.387
14348,SUSC,2021-12-31,MATURITY,2059-08-06,23.892,0.0,23.892
14349,SUSC,2021-12-31,MATURITY,2059-08-08,101.604,0.0,101.604
14350,SUSC,2021-12-31,MATURITY,2059-08-11,122.364,0.0,122.364
14351,SUSC,2021-12-31,MATURITY,2059-08-12,24.096,0.0,24.096
14352,SUSC,2021-12-31,MATURITY,2059-08-15,390.014,7951.807,8341.822
14353,SUSC,2021-12-31,MATURITY,2059-08-18,85.832,0.0,85.832
14354,SUSC,2021-12-31,MATURITY,2059-09-02,65.346,0.0,65.346
14355,SUSC,2021-12-31,MATURITY,2059-09-15,715.075,25903.614,26618.69
14356,SUSC,2021-12-31,MATURITY,2059-09-17,18.319,0.0,18.319
14357,SUSC,2021-12-31,MATURITY,2059-09-22,428.059,0.0,428.059
14358,SUSC,2021-12-31,MATURITY,2059-09-25,476.883,0.0,476.883
14359,SUSC,2021-12-31,MATURITY,2059-10-01,725.053,0.0,725.053
14360,SUSC,2021-12-31,MATURITY,2059-10-06,11.443,0.0,11.443
14361,SUSC,2021-12-31,MATURITY,2059-11-03,277.975,0.0,277.975
14362,SUSC,2021-12-31,MATURITY,2059-11-12,47.477,0.0,47.477
14363,SUSC,2021-12-31,MATURITY,2059-11-13,107.018,0.0,107.018
14364,SUSC,2021-12-31,MATURITY,2059-11-17,560.982,1325.301,1886.283
14365,SUSC,2021-12-31,MATURITY,2059-11-20,146.837,0.0,146.837
14366,SUSC,2021-12-31,MATURITY,2059-12-01,547.154,0.0,547.154
14367,SUSC,2021-12-31,MATURITY,2059-12-03,132.154,0.0,132.154
14368,SUSC,2021-12-31,MATURITY,2059-12-10,43.675,0.0,43.675
14369,SUSC,2021-12-31,MATURITY,2059-12-15,80.949,0.0,80.949
14370,SUSC,2021-12-31,MATURITY,2059-12-29,59.153,0.0,59.153
14371,SUSC,2021-12-31,MATURITY,2059-12-30,178.464,0.0,178.464
14372,SUSC,2021-12-31,MATURITY,2060-01-02,272.846,0.0,272.846
14373,SUSC,2021-12-31,MATURITY,2060-01-09,117.922,0.0,117.922
14374,SUSC,2021-12-31,MATURITY,2060-01-15,125.399,0.0,125.399
14375,SUSC,2021-12-31,MATURITY,2060-01-30,91.611,4638.554,4730.166
14376,SUSC,2021-12-31,MATURITY,2060-02-02,310.994,0.0,310.994
14377,SUSC,2021-12-31,MATURITY,2060-02-05,142.387,0.0,142.387
14378,SUSC,2021-12-31,MATURITY,2060-02-06,23.892,0.0,23.892
14379,SUSC,2021-12-31,MATURITY,2060-02-09,223.969,0.0,223.969
14380,SUSC,2021-12-31,MATURITY,2060-02-12,24.096,0.0,24.096
14381,SUSC,2021-12-31,MATURITY,2060-02-17,285.94,2108.434,2394.374
14382,SUSC,2021-12-31,MATURITY,2060-02-18,34.563,0.0,34.563
14383,SUSC,2021-12-31,MATURITY,2060-03-01,65.346,0.0,65.346
14384,SUSC,2021-12-31,MATURITY,2060-03-15,242.334,0.0,242.334
14385,SUSC,2021-12-31,MATURITY,2060-03-17,18.319,0.0,18.319
14386,SUSC,2021-12-31,MATURITY,2060-03-22,428.059,2560.241,2988.3
14387,SUSC,2021-12-31,MATURITY,2060-03-25,476.883,10361.446,10838.328
14388,SUSC,2021-12-31,MATURITY,2060-04-01,725.053,23072.289,23797.342
14389,SUSC,2021-12-31,MATURITY,2060-04-06,11.443,0.0,11.443
14390,SUSC,2021-12-31,MATURITY,2060-05-03,277.975,0.0,277.975
14391,SUSC,2021-12-31,MATURITY,2060-05-12,47.477,0.0,47.477
14392,SUSC,2021-12-31,MATURITY,2060-05-13,107.018,5632.53,5739.548
14393,SUSC,2021-12-31,MATURITY,2060-05-17,536.464,2861.446,3397.91
14394,SUSC,2021-12-31,MATURITY,2060-05-20,146.837,0.0,146.837
14395,SUSC,2021-12-31,MATURITY,2060-06-01,547.154,25813.253,26360.407
14396,SUSC,2021-12-31,MATURITY,2060-06-03,132.154,9789.157,9921.31
14397,SUSC,2021-12-31,MATURITY,2060-06-10,43.675,0.0,43.675
14398,SUSC,2021-12-31,MATURITY,2060-06-15,80.949,5180.723,5261.672
14399,SUSC,2021-12-31,MATURITY,2060-06-29,59.153,3493.976,3553.129
14400,SUSC,2021-12-31,MATURITY,2060-06-30,178.464,0.0,178.464
14401,SUSC,2021-12-31,MATURITY,2060-07-02,272.846,0.0,272.846
14402,SUSC,2021-12-31,MATURITY,2060-07-09,117.922,6987.952,7105.873
14403,SUSC,2021-12-31,MATURITY,2060-07-15,125.399,0.0,125.399
14404,SUSC,2021-12-31,MATURITY,2060-08-02,310.994,0.0,310.994
14405,SUSC,2021-12-31,MATURITY,2060-08-05,142.387,0.0,142.387
14406,SUSC,2021-12-31,MATURITY,2060-08-06,23.892,0.0,23.892
14407,SUSC,2021-12-31,MATURITY,2060-08-09,223.969,0.0,223.969
14408,SUSC,2021-12-31,MATURITY,2060-08-12,24.096,0.0,24.096
14409,SUSC,2021-12-31,MATURITY,2060-08-16,253.26,11475.904,11729.163
14410,SUSC,2021-12-31,MATURITY,2060-08-18,34.563,2710.843,2745.407
14411,SUSC,2021-12-31,MATURITY,2060-09-01,65.346,2590.361,2655.708
14412,SUSC,2021-12-31,MATURITY,2060-09-15,242.334,1506.024,1748.358
14413,SUSC,2021-12-31,MATURITY,2060-09-17,18.319,0.0,18.319
14414,SUSC,2021-12-31,MATURITY,2060-09-22,378.916,0.0,378.916
14415,SUSC,2021-12-31,MATURITY,2060-09-27,220.437,0.0,220.437
14416,SUSC,2021-12-31,MATURITY,2060-10-01,286.785,5542.169,5828.953
14417,SUSC,2021-12-31,MATURITY,2060-10-06,11.443,0.0,11.443
14418,SUSC,2021-12-31,MATURITY,2060-11-01,277.975,0.0,277.975
14419,SUSC,2021-12-31,MATURITY,2060-11-12,47.477,0.0,47.477
14420,SUSC,2021-12-31,MATURITY,2060-11-15,709.706,6445.783,7155.489
14421,SUSC,2021-12-31,MATURITY,2060-11-22,146.837,9789.157,9935.994
14422,SUSC,2021-12-31,MATURITY,2060-12-01,146.103,0.0,146.103
14423,SUSC,2021-12-31,MATURITY,2060-12-10,43.675,0.0,43.675
14424,SUSC,2021-12-31,MATURITY,2060-12-30,178.464,0.0,178.464
14425,SUSC,2021-12-31,MATURITY,2061-01-04,272.846,0.0,272.846
14426,SUSC,2021-12-31,MATURITY,2061-01-18,125.399,0.0,125.399
14427,SUSC,2021-12-31,MATURITY,2061-02-01,310.994,17771.084,18082.078
14428,SUSC,2021-12-31,MATURITY,2061-02-07,166.279,0.0,166.279
14429,SUSC,2021-12-31,MATURITY,2061-02-08,101.604,6204.819,6306.423
14430,SUSC,2021-12-31,MATURITY,2061-02-09,122.364,7530.12,7652.485
14431,SUSC,2021-12-31,MATURITY,2061-02-14,24.096,0.0,24.096
14432,SUSC,2021-12-31,MATURITY,2061-02-15,71.426,0.0,71.426
14433,SUSC,2021-12-31,MATURITY,2061-02-16,51.269,0.0,51.269
14434,SUSC,2021-12-31,MATURITY,2061-03-01,33.614,0.0,33.614
14435,SUSC,2021-12-31,MATURITY,2061-03-15,219.744,0.0,219.744
14436,SUSC,2021-12-31,MATURITY,2061-03-17,18.319,0.0,18.319
14437,SUSC,2021-12-31,MATURITY,2061-03-22,378.916,20481.928,20860.843
14438,SUSC,2021-12-31,MATURITY,2061-03-25,220.437,10753.012,10973.449
14439,SUSC,2021-12-31,MATURITY,2061-04-01,181.483,9427.711,9609.194
14440,SUSC,2021-12-31,MATURITY,2061-04-06,11.443,0.0,11.443
14441,SUSC,2021-12-31,MATURITY,2061-05-02,277.975,0.0,277.975
14442,SUSC,2021-12-31,MATURITY,2061-05-12,47.477,2921.687,2969.164
14443,SUSC,2021-12-31,MATURITY,2061-05-16,448.38,0.0,448.38
14444,SUSC,2021-12-31,MATURITY,2061-06-01,26.826,0.0,26.826
14445,SUSC,2021-12-31,MATURITY,2061-06-10,43.675,0.0,43.675
14446,SUSC,2021-12-31,MATURITY,2061-06-30,178.464,0.0,178.464
14447,SUSC,2021-12-31,MATURITY,2061-07-05,272.846,0.0,272.846
14448,SUSC,2021-12-31,MATURITY,2061-07-15,125.399,8222.892,8348.291
14449,SUSC,2021-12-31,MATURITY,2061-08-05,142.387,4126.506,4268.893
14450,SUSC,2021-12-31,MATURITY,2061-08-08,23.892,1204.819,1228.711
14451,SUSC,2021-12-31,MATURITY,2061-08-12,24.096,1506.024,1530.12
14452,SUSC,2021-12-31,MATURITY,2061-08-15,71.426,0.0,71.426
14453,SUSC,2021-12-31,MATURITY,2061-08-16,51.269,0.0,51.269
14454,SUSC,2021-12-31,MATURITY,2061-09-01,33.614,0.0,33.614
14455,SUSC,2021-12-31,MATURITY,2061-09-15,219.744,0.0,219.744
14456,SUSC,2021-12-31,MATURITY,2061-09-19,18.319,0.0,18.319
14457,SUSC,2021-12-31,MATURITY,2061-10-06,11.443,0.0,11.443
14458,SUSC,2021-12-31,MATURITY,2061-11-01,277.975,0.0,277.975
14459,SUSC,2021-12-31,MATURITY,2061-11-15,448.38,0.0,448.38
14460,SUSC,2021-12-31,MATURITY,2061-12-01,265.38,5421.687,5687.067
14461,SUSC,2021-12-31,MATURITY,2061-12-12,43.675,3012.048,3055.723
14462,SUSC,2021-12-31,MATURITY,2061-12-30,178.464,0.0,178.464
14463,SUSC,2021-12-31,MATURITY,2062-01-03,272.846,0.0,272.846
14464,SUSC,2021-12-31,MATURITY,2062-02-06,83.584,0.0,83.584
14465,SUSC,2021-12-31,MATURITY,2062-02-15,71.426,0.0,71.426
14466,SUSC,2021-12-31,MATURITY,2062-02-16,51.269,0.0,51.269
14467,SUSC,2021-12-31,MATURITY,2062-03-01,33.614,0.0,33.614
14468,SUSC,2021-12-31,MATURITY,2062-03-15,219.744,0.0,219.744
14469,SUSC,2021-12-31,MATURITY,2062-03-17,18.319,1204.819,1223.139
14470,SUSC,2021-12-31,MATURITY,2062-04-06,11.443,0.0,11.443
14471,SUSC,2021-12-31,MATURITY,2062-05-01,277.975,0.0,277.975
14472,SUSC,2021-12-31,MATURITY,2062-05-15,448.38,0.0,448.38
14473,SUSC,2021-12-31,MATURITY,2062-06-01,26.826,0.0,26.826
14474,SUSC,2021-12-31,MATURITY,2062-06-30,178.464,9036.145,9214.608
14475,SUSC,2021-12-31,MATURITY,2062-07-03,272.846,0.0,272.846
14476,SUSC,2021-12-31,MATURITY,2062-08-07,83.584,0.0,83.584
14477,SUSC,2021-12-31,MATURITY,2062-08-15,71.426,2168.675,2240.101
14478,SUSC,2021-12-31,MATURITY,2062-08-16,51.269,0.0,51.269
14479,SUSC,2021-12-31,MATURITY,2062-09-01,33.614,0.0,33.614
14480,SUSC,2021-12-31,MATURITY,2062-09-15,219.744,0.0,219.744
14481,SUSC,2021-12-31,MATURITY,2062-10-06,11.443,0.0,11.443
14482,SUSC,2021-12-31,MATURITY,2062-11-01,277.975,0.0,277.975
14483,SUSC,2021-12-31,MATURITY,2062-11-15,448.38,0.0,448.38
14484,SUSC,2021-12-31,MATURITY,2062-12-01,26.826,0.0,26.826
14485,SUSC,2021-12-31,MATURITY,2063-01-02,272.846,0.0,272.846
14486,SUSC,2021-12-31,MATURITY,2063-02-05,83.584,0.0,83.584
14487,SUSC,2021-12-31,MATURITY,2063-02-15,42.691,0.0,42.691
14488,SUSC,2021-12-31,MATURITY,2063-02-16,51.269,0.0,51.269
14489,SUSC,2021-12-31,MATURITY,2063-03-01,33.614,0.0,33.614
14490,SUSC,2021-12-31,MATURITY,2063-03-15,219.744,0.0,219.744
14491,SUSC,2021-12-31,MATURITY,2063-04-06,11.443,0.0,11.443
14492,SUSC,2021-12-31,MATURITY,2063-05-01,277.975,0.0,277.975
14493,SUSC,2021-12-31,MATURITY,2063-05-15,448.38,0.0,448.38
14494,SUSC,2021-12-31,MATURITY,2063-06-01,26.826,0.0,26.826
14495,SUSC,2021-12-31,MATURITY,2063-07-02,272.846,0.0,272.846
14496,SUSC,2021-12-31,MATURITY,2063-08-06,83.584,0.0,83.584
14497,SUSC,2021-12-31,MATURITY,2063-08-15,42.691,0.0,42.691
14498,SUSC,2021-12-31,MATURITY,2063-08-16,51.269,0.0,51.269
14499,SUSC,2021-12-31,MATURITY,2063-09-04,33.614,0.0,33.614
14500,SUSC,2021-12-31,MATURITY,2063-09-17,219.744,0.0,219.744
14501,SUSC,2021-12-31,MATURITY,2063-10-09,11.443,0.0,11.443
14502,SUSC,2021-12-31,MATURITY,2063-11-01,277.975,12740.964,13018.938
14503,SUSC,2021-12-31,MATURITY,2063-11-15,448.38,0.0,448.38
14504,SUSC,2021-12-31,MATURITY,2063-12-03,26.826,0.0,26.826
14505,SUSC,2021-12-31,MATURITY,2064-01-02,272.846,0.0,272.846
14506,SUSC,2021-12-31,MATURITY,2064-02-05,83.584,0.0,83.584
14507,SUSC,2021-12-31,MATURITY,2064-02-15,42.691,0.0,42.691
14508,SUSC,2021-12-31,MATURITY,2064-02-19,51.269,0.0,51.269
14509,SUSC,2021-12-31,MATURITY,2064-03-03,33.614,0.0,33.614
14510,SUSC,2021-12-31,MATURITY,2064-03-17,219.744,0.0,219.744
14511,SUSC,2021-12-31,MATURITY,2064-04-07,11.443,0.0,11.443
14512,SUSC,2021-12-31,MATURITY,2064-05-01,87.688,0.0,87.688
14513,SUSC,2021-12-31,MATURITY,2064-05-15,448.38,2620.482,3068.862
14514,SUSC,2021-12-31,MATURITY,2064-06-02,26.826,0.0,26.826
14515,SUSC,2021-12-31,MATURITY,2064-07-02,272.846,11024.096,11296.943
14516,SUSC,2021-12-31,MATURITY,2064-08-05,83.584,0.0,83.584
14517,SUSC,2021-12-31,MATURITY,2064-08-15,42.691,0.0,42.691
14518,SUSC,2021-12-31,MATURITY,2064-08-18,51.269,0.0,51.269
14519,SUSC,2021-12-31,MATURITY,2064-09-02,33.614,0.0,33.614
14520,SUSC,2021-12-31,MATURITY,2064-09-15,219.744,0.0,219.744
14521,SUSC,2021-12-31,MATURITY,2064-10-06,11.443,0.0,11.443
14522,SUSC,2021-12-31,MATURITY,2064-11-03,87.688,0.0,87.688
14523,SUSC,2021-12-31,MATURITY,2064-11-17,386.144,0.0,386.144
14524,SUSC,2021-12-31,MATURITY,2064-12-01,26.826,0.0,26.826
14525,SUSC,2021-12-31,MATURITY,2065-02-05,83.584,0.0,83.584
14526,SUSC,2021-12-31,MATURITY,2065-02-17,93.96,0.0,93.96
14527,SUSC,2021-12-31,MATURITY,2065-03-02,33.614,0.0,33.614
14528,SUSC,2021-12-31,MATURITY,2065-03-16,219.744,0.0,219.744
14529,SUSC,2021-12-31,MATURITY,2065-04-06,11.443,0.0,11.443
14530,SUSC,2021-12-31,MATURITY,2065-05-01,87.688,0.0,87.688
14531,SUSC,2021-12-31,MATURITY,2065-05-15,386.144,0.0,386.144
14532,SUSC,2021-12-31,MATURITY,2065-06-01,26.826,0.0,26.826
14533,SUSC,2021-12-31,MATURITY,2065-08-05,83.584,0.0,83.584
14534,SUSC,2021-12-31,MATURITY,2065-08-17,93.96,0.0,93.96
14535,SUSC,2021-12-31,MATURITY,2065-09-01,33.614,0.0,33.614
14536,SUSC,2021-12-31,MATURITY,2065-09-15,219.744,0.0,219.744
14537,SUSC,2021-12-31,MATURITY,2065-10-06,11.443,0.0,11.443
14538,SUSC,2021-12-31,MATURITY,2065-11-02,87.688,0.0,87.688
14539,SUSC,2021-12-31,MATURITY,2065-11-16,386.144,0.0,386.144
14540,SUSC,2021-12-31,MATURITY,2065-12-01,26.826,0.0,26.826
14541,SUSC,2021-12-31,MATURITY,2066-02-05,83.584,0.0,83.584
14542,SUSC,2021-12-31,MATURITY,2066-02-16,93.96,0.0,93.96
14543,SUSC,2021-12-31,MATURITY,2066-03-01,33.614,0.0,33.614
14544,SUSC,2021-12-31,MATURITY,2066-03-15,219.744,0.0,219.744
14545,SUSC,2021-12-31,MATURITY,2066-04-06,11.443,0.0,11.443
14546,SUSC,2021-12-31,MATURITY,2066-05-03,87.688,0.0,87.688
14547,SUSC,2021-12-31,MATURITY,2066-05-17,386.144,0.0,386.144
14548,SUSC,2021-12-31,MATURITY,2066-06-01,26.826,0.0,26.826
14549,SUSC,2021-12-31,MATURITY,2066-08-05,83.584,0.0,83.584
14550,SUSC,2021-12-31,MATURITY,2066-08-16,93.96,0.0,93.96
14551,SUSC,2021-12-31,MATURITY,2066-09-01,33.614,0.0,33.614
14552,SUSC,2021-12-31,MATURITY,2066-09-15,219.744,0.0,219.744
14553,SUSC,2021-12-31,MATURITY,2066-10-06,11.443,0.0,11.443
14554,SUSC,2021-12-31,MATURITY,2066-11-01,87.688,4126.506,4214.194
14555,SUSC,2021-12-31,MATURITY,2066-11-15,386.144,0.0,386.144
14556,SUSC,2021-12-31,MATURITY,2066-12-01,26.826,0.0,26.826
14557,SUSC,2021-12-31,MATURITY,2067-02-07,83.584,0.0,83.584
14558,SUSC,2021-12-31,MATURITY,2067-02-15,42.691,0.0,42.691
14559,SUSC,2021-12-31,MATURITY,2067-02-16,51.269,0.0,51.269
14560,SUSC,2021-12-31,MATURITY,2067-03-01,33.614,0.0,33.614
14561,SUSC,2021-12-31,MATURITY,2067-03-15,219.744,0.0,219.744
14562,SUSC,2021-12-31,MATURITY,2067-04-06,11.443,0.0,11.443
14563,SUSC,2021-12-31,MATURITY,2067-05-16,386.144,843.373,1229.517
14564,SUSC,2021-12-31,MATURITY,2067-06-01,26.826,0.0,26.826
14565,SUSC,2021-12-31,MATURITY,2067-08-05,83.584,0.0,83.584
14566,SUSC,2021-12-31,MATURITY,2067-08-15,42.691,0.0,42.691
14567,SUSC,2021-12-31,MATURITY,2067-08-16,51.269,0.0,51.269
14568,SUSC,2021-12-31,MATURITY,2067-09-01,33.614,0.0,33.614
14569,SUSC,2021-12-31,MATURITY,2067-09-15,219.744,2439.759,2659.503
14570,SUSC,2021-12-31,MATURITY,2067-10-06,11.443,0.0,11.443
14571,SUSC,2021-12-31,MATURITY,2067-11-15,375.437,0.0,375.437
14572,SUSC,2021-12-31,MATURITY,2067-12-01,26.826,0.0,26.826
14573,SUSC,2021-12-31,MATURITY,2068-02-06,83.584,0.0,83.584
14574,SUSC,2021-12-31,MATURITY,2068-02-15,42.691,0.0,42.691
14575,SUSC,2021-12-31,MATURITY,2068-02-16,51.269,0.0,51.269
14576,SUSC,2021-12-31,MATURITY,2068-03-01,33.614,1445.783,1479.398
14577,SUSC,2021-12-31,MATURITY,2068-03-15,169.729,0.0,169.729
14578,SUSC,2021-12-31,MATURITY,2068-04-06,11.443,0.0,11.443
14579,SUSC,2021-12-31,MATURITY,2068-05-15,375.437,0.0,375.437
14580,SUSC,2021-12-31,MATURITY,2068-06-01,26.826,0.0,26.826
14581,SUSC,2021-12-31,MATURITY,2068-08-06,83.584,0.0,83.584
14582,SUSC,2021-12-31,MATURITY,2068-08-15,42.691,0.0,42.691
14583,SUSC,2021-12-31,MATURITY,2068-08-16,51.269,0.0,51.269
14584,SUSC,2021-12-31,MATURITY,2068-09-17,169.729,0.0,169.729
14585,SUSC,2021-12-31,MATURITY,2068-10-09,11.443,0.0,11.443
14586,SUSC,2021-12-31,MATURITY,2068-11-15,375.437,2981.928,3357.364
14587,SUSC,2021-12-31,MATURITY,2068-12-03,26.826,0.0,26.826
14588,SUSC,2021-12-31,MATURITY,2069-02-05,83.584,0.0,83.584
14589,SUSC,2021-12-31,MATURITY,2069-02-15,42.691,0.0,42.691
14590,SUSC,2021-12-31,MATURITY,2069-02-19,51.269,0.0,51.269
14591,SUSC,2021-12-31,MATURITY,2069-03-15,169.729,0.0,169.729
14592,SUSC,2021-12-31,MATURITY,2069-04-08,11.443,0.0,11.443
14593,SUSC,2021-12-31,MATURITY,2069-05-15,288.215,0.0,288.215
14594,SUSC,2021-12-31,MATURITY,2069-06-03,26.826,0.0,26.826
14595,SUSC,2021-12-31,MATURITY,2069-08-05,83.584,0.0,83.584
14596,SUSC,2021-12-31,MATURITY,2069-08-15,42.691,0.0,42.691
14597,SUSC,2021-12-31,MATURITY,2069-08-16,51.269,0.0,51.269
14598,SUSC,2021-12-31,MATURITY,2069-09-16,169.729,0.0,169.729
14599,SUSC,2021-12-31,MATURITY,2069-10-07,11.443,0.0,11.443
14600,SUSC,2021-12-31,MATURITY,2069-11-15,288.215,3162.651,3450.866
14601,SUSC,2021-12-31,MATURITY,2069-12-02,26.826,0.0,26.826
14602,SUSC,2021-12-31,MATURITY,2070-02-05,83.584,4457.831,4541.416
14603,SUSC,2021-12-31,MATURITY,2070-02-18,93.96,0.0,93.96
14604,SUSC,2021-12-31,MATURITY,2070-03-17,169.729,0.0,169.729
14605,SUSC,2021-12-31,MATURITY,2070-04-07,11.443,0.0,11.443
14606,SUSC,2021-12-31,MATURITY,2070-05-15,221.8,0.0,221.8
14607,SUSC,2021-12-31,MATURITY,2070-06-02,26.826,0.0,26.826
14608,SUSC,2021-12-31,MATURITY,2070-08-15,42.691,0.0,42.691
14609,SUSC,2021-12-31,MATURITY,2070-08-18,51.269,0.0,51.269
14610,SUSC,2021-12-31,MATURITY,2070-09-15,169.729,0.0,169.729
14611,SUSC,2021-12-31,MATURITY,2070-10-06,11.443,0.0,11.443
14612,SUSC,2021-12-31,MATURITY,2070-11-17,221.8,0.0,221.8
14613,SUSC,2021-12-31,MATURITY,2070-12-01,26.826,0.0,26.826
14614,SUSC,2021-12-31,MATURITY,2071-02-17,93.96,0.0,93.96
14615,SUSC,2021-12-31,MATURITY,2071-03-16,169.729,0.0,169.729
14616,SUSC,2021-12-31,MATURITY,2071-04-06,11.443,602.41,613.852
14617,SUSC,2021-12-31,MATURITY,2071-05-15,221.8,0.0,221.8
14618,SUSC,2021-12-31,MATURITY,2071-06-01,26.826,0.0,26.826
14619,SUSC,2021-12-31,MATURITY,2071-08-17,93.96,0.0,93.96
14620,SUSC,2021-12-31,MATURITY,2071-09-15,169.729,0.0,169.729
14621,SUSC,2021-12-31,MATURITY,2071-11-16,221.8,0.0,221.8
14622,SUSC,2021-12-31,MATURITY,2071-12-01,26.826,0.0,26.826
14623,SUSC,2021-12-31,MATURITY,2072-02-16,93.96,0.0,93.96
14624,SUSC,2021-12-31,MATURITY,2072-03-15,169.729,0.0,169.729
14625,SUSC,2021-12-31,MATURITY,2072-05-16,221.8,0.0,221.8
14626,SUSC,2021-12-31,MATURITY,2072-06-01,26.826,0.0,26.826
14627,SUSC,2021-12-31,MATURITY,2072-08-15,42.691,0.0,42.691
14628,SUSC,2021-12-31,MATURITY,2072-08-16,51.269,0.0,51.269
14629,SUSC,2021-12-31,MATURITY,2072-09-15,169.729,0.0,169.729
14630,SUSC,2021-12-31,MATURITY,2072-11-15,221.8,0.0,221.8
14631,SUSC,2021-12-31,MATURITY,2072-12-01,26.826,0.0,26.826
14632,SUSC,2021-12-31,MATURITY,2073-02-15,42.691,0.0,42.691
14633,SUSC,2021-12-31,MATURITY,2073-02-16,51.269,0.0,51.269
14634,SUSC,2021-12-31,MATURITY,2073-03-15,169.729,0.0,169.729
14635,SUSC,2021-12-31,MATURITY,2073-05-15,221.8,0.0,221.8
14636,SUSC,2021-12-31,MATURITY,2073-06-01,26.826,0.0,26.826
14637,SUSC,2021-12-31,MATURITY,2073-08-15,42.691,0.0,42.691
14638,SUSC,2021-12-31,MATURITY,2073-08-16,51.269,0.0,51.269
14639,SUSC,2021-12-31,MATURITY,2073-09-15,169.729,0.0,169.729
14640,SUSC,2021-12-31,MATURITY,2073-11-15,221.8,0.0,221.8
14641,SUSC,2021-12-31,MATURITY,2073-12-01,26.826,0.0,26.826
14642,SUSC,2021-12-31,MATURITY,2074-02-15,42.691,0.0,42.691
14643,SUSC,2021-12-31,MATURITY,2074-02-16,51.269,0.0,51.269
14644,SUSC,2021-12-31,MATURITY,2074-03-15,169.729,0.0,169.729
14645,SUSC,2021-12-31,MATURITY,2074-05-15,221.8,0.0,221.8
14646,SUSC,2021-12-31,MATURITY,2074-06-01,26.826,0.0,26.826
14647,SUSC,2021-12-31,MATURITY,2074-08-15,42.691,0.0,42.691
14648,SUSC,2021-12-31,MATURITY,2074-08-16,51.269,0.0,51.269
14649,SUSC,2021-12-31,MATURITY,2074-09-17,169.729,0.0,169.729
14650,SUSC,2021-12-31,MATURITY,2074-11-15,221.8,0.0,221.8
14651,SUSC,2021-12-31,MATURITY,2074-12-03,26.826,0.0,26.826
14652,SUSC,2021-12-31,MATURITY,2075-02-15,42.691,0.0,42.691
14653,SUSC,2021-12-31,MATURITY,2075-02-19,51.269,0.0,51.269
14654,SUSC,2021-12-31,MATURITY,2075-03-15,169.729,0.0,169.729
14655,SUSC,2021-12-31,MATURITY,2075-05-15,221.8,0.0,221.8
14656,SUSC,2021-12-31,MATURITY,2075-06-03,26.826,0.0,26.826
14657,SUSC,2021-12-31,MATURITY,2075-08-15,42.691,0.0,42.691
14658,SUSC,2021-12-31,MATURITY,2075-08-16,51.269,0.0,51.269
14659,SUSC,2021-12-31,MATURITY,2075-09-16,169.729,0.0,169.729
14660,SUSC,2021-12-31,MATURITY,2075-11-15,221.8,0.0,221.8
14661,SUSC,2021-12-31,MATURITY,2075-12-02,26.826,0.0,26.826
14662,SUSC,2021-12-31,MATURITY,2076-02-18,93.96,0.0,93.96
14663,SUSC,2021-12-31,MATURITY,2076-03-16,169.729,0.0,169.729
14664,SUSC,2021-12-31,MATURITY,2076-05-15,221.8,0.0,221.8
14665,SUSC,2021-12-31,MATURITY,2076-06-01,26.826,0.0,26.826
14666,SUSC,2021-12-31,MATURITY,2076-08-17,93.96,0.0,93.96
14667,SUSC,2021-12-31,MATURITY,2076-09-15,169.729,0.0,169.729
14668,SUSC,2021-12-31,MATURITY,2076-11-16,221.8,0.0,221.8
14669,SUSC,2021-12-31,MATURITY,2076-12-01,26.826,0.0,26.826
14670,SUSC,2021-12-31,MATURITY,2077-02-16,93.96,0.0,93.96
14671,SUSC,2021-12-31,MATURITY,2077-03-15,169.729,0.0,169.729
14672,SUSC,2021-12-31,MATURITY,2077-05-17,221.8,0.0,221.8
14673,SUSC,2021-12-31,MATURITY,2077-06-01,26.826,0.0,26.826
14674,SUSC,2021-12-31,MATURITY,2077-08-16,93.96,3162.651,3256.611
14675,SUSC,2021-12-31,MATURITY,2077-09-15,169.729,0.0,169.729
14676,SUSC,2021-12-31,MATURITY,2077-11-15,221.8,0.0,221.8
14677,SUSC,2021-12-31,MATURITY,2077-12-01,26.826,0.0,26.826
14678,SUSC,2021-12-31,MATURITY,2078-02-15,42.691,3072.289,3114.981
14679,SUSC,2021-12-31,MATURITY,2078-03-15,169.729,0.0,169.729
14680,SUSC,2021-12-31,MATURITY,2078-05-16,221.8,0.0,221.8
14681,SUSC,2021-12-31,MATURITY,2078-06-01,26.826,0.0,26.826
14682,SUSC,2021-12-31,MATURITY,2078-09-15,169.729,0.0,169.729
14683,SUSC,2021-12-31,MATURITY,2078-11-15,221.8,0.0,221.8
14684,SUSC,2021-12-31,MATURITY,2078-12-01,26.826,0.0,26.826
14685,SUSC,2021-12-31,MATURITY,2079-03-15,169.729,0.0,169.729
14686,SUSC,2021-12-31,MATURITY,2079-05-15,221.8,0.0,221.8
14687,SUSC,2021-12-31,MATURITY,2079-06-01,26.826,0.0,26.826
14688,SUSC,2021-12-31,MATURITY,2079-09-15,169.729,0.0,169.729
14689,SUSC,2021-12-31,MATURITY,2079-11-15,221.8,5873.494,6095.294
14690,SUSC,2021-12-31,MATURITY,2079-12-01,26.826,0.0,26.826
14691,SUSC,2021-12-31,MATURITY,2080-03-15,169.729,0.0,169.729
14692,SUSC,2021-12-31,MATURITY,2080-05-15,61.747,0.0,61.747
14693,SUSC,2021-12-31,MATURITY,2080-06-03,26.826,0.0,26.826
14694,SUSC,2021-12-31,MATURITY,2080-09-16,169.729,0.0,169.729
14695,SUSC,2021-12-31,MATURITY,2080-11-15,61.747,0.0,61.747
14696,SUSC,2021-12-31,MATURITY,2080-12-02,26.826,0.0,26.826
14697,SUSC,2021-12-31,MATURITY,2081-03-17,169.729,0.0,169.729
14698,SUSC,2021-12-31,MATURITY,2081-05-15,61.747,0.0,61.747
14699,SUSC,2021-12-31,MATURITY,2081-06-02,26.826,0.0,26.826
14700,SUSC,2021-12-31,MATURITY,2081-09-15,169.729,0.0,169.729
14701,SUSC,2021-12-31,MATURITY,2081-11-17,61.747,0.0,61.747
14702,SUSC,2021-12-31,MATURITY,2081-12-01,26.826,0.0,26.826
14703,SUSC,2021-12-31,MATURITY,2082-03-16,169.729,0.0,169.729
14704,SUSC,2021-12-31,MATURITY,2082-05-15,61.747,0.0,61.747
14705,SUSC,2021-12-31,MATURITY,2082-06-01,26.826,0.0,26.826
14706,SUSC,2021-12-31,MATURITY,2082-09-15,169.729,0.0,169.729
14707,SUSC,2021-12-31,MATURITY,2082-11-16,61.747,0.0,61.747
14708,SUSC,2021-12-31,MATURITY,2082-12-01,26.826,0.0,26.826
14709,SUSC,2021-12-31,MATURITY,2083-03-15,169.729,0.0,169.729
14710,SUSC,2021-12-31,MATURITY,2083-05-17,61.747,0.0,61.747
14711,SUSC,2021-12-31,MATURITY,2083-06-01,26.826,0.0,26.826
14712,SUSC,2021-12-31,MATURITY,2083-09-15,169.729,0.0,169.729
14713,SUSC,2021-12-31,MATURITY,2083-11-15,61.747,0.0,61.747
14714,SUSC,2021-12-31,MATURITY,2083-12-01,26.826,0.0,26.826
14715,SUSC,2021-12-31,MATURITY,2084-03-15,169.729,0.0,169.729
14716,SUSC,2021-12-31,MATURITY,2084-05-15,61.747,0.0,61.747
14717,SUSC,2021-12-31,MATURITY,2084-06-01,26.826,0.0,26.826
14718,SUSC,2021-12-31,MATURITY,2084-09-15,169.729,0.0,169.729
14719,SUSC,2021-12-31,MATURITY,2084-11-15,61.747,0.0,61.747
14720,SUSC,2021-12-31,MATURITY,2084-12-01,26.826,0.0,26.826
14721,SUSC,2021-12-31,MATURITY,2085-03-15,169.729,0.0,169.729
14722,SUSC,2021-12-31,MATURITY,2085-05-15,61.747,0.0,61.747
14723,SUSC,2021-12-31,MATURITY,2085-06-01,26.826,0.0,26.826
14724,SUSC,2021-12-31,MATURITY,2085-09-17,169.729,0.0,169.729
14725,SUSC,2021-12-31,MATURITY,2085-11-15,61.747,0.0,61.747
14726,SUSC,2021-12-31,MATURITY,2085-12-03,26.826,0.0,26.826
14727,SUSC,2021-12-31,MATURITY,2086-03-15,169.729,0.0,169.729
14728,SUSC,2021-12-31,MATURITY,2086-05-15,61.747,0.0,61.747
14729,SUSC,2021-12-31,MATURITY,2086-06-03,26.826,0.0,26.826
14730,SUSC,2021-12-31,MATURITY,2086-09-16,169.729,0.0,169.729
14731,SUSC,2021-12-31,MATURITY,2086-11-15,61.747,0.0,61.747
14732,SUSC,2021-12-31,MATURITY,2086-12-02,26.826,0.0,26.826
14733,SUSC,2021-12-31,MATURITY,2087-03-17,169.729,0.0,169.729
14734,SUSC,2021-12-31,MATURITY,2087-05-15,61.747,0.0,61.747
14735,SUSC,2021-12-31,MATURITY,2087-06-02,26.826,0.0,26.826
14736,SUSC,2021-12-31,MATURITY,2087-09-15,169.729,0.0,169.729
14737,SUSC,2021-12-31,MATURITY,2087-11-17,61.747,0.0,61.747
14738,SUSC,2021-12-31,MATURITY,2087-12-01,26.826,0.0,26.826
14739,SUSC,2021-12-31,MATURITY,2088-03-15,169.729,0.0,169.729
14740,SUSC,2021-12-31,MATURITY,2088-05-17,61.747,0.0,61.747
14741,SUSC,2021-12-31,MATURITY,2088-06-01,26.826,0.0,26.826
14742,SUSC,2021-12-31,MATURITY,2088-09-15,169.729,0.0,169.729
14743,SUSC,2021-12-31,MATURITY,2088-11-15,61.747,0.0,61.747
14744,SUSC,2021-12-31,MATURITY,2088-12-01,26.826,0.0,26.826
14745,SUSC,2021-12-31,MATURITY,2089-03-15,169.729,0.0,169.729
14746,SUSC,2021-12-31,MATURITY,2089-05-16,61.747,0.0,61.747
14747,SUSC,2021-12-31,MATURITY,2089-06-01,26.826,0.0,26.826
14748,SUSC,2021-12-31,MATURITY,2089-09-15,169.729,0.0,169.729
14749,SUSC,2021-12-31,MATURITY,2089-11-15,61.747,0.0,61.747
14750,SUSC,2021-12-31,MATURITY,2089-12-01,26.826,0.0,26.826
14751,SUSC,2021-12-31,MATURITY,2090-03-15,169.729,0.0,169.729
14752,SUSC,2021-12-31,MATURITY,2090-05-15,61.747,0.0,61.747
14753,SUSC,2021-12-31,MATURITY,2090-06-01,26.826,0.0,26.826
14754,SUSC,2021-12-31,MATURITY,2090-09-15,169.729,0.0,169.729
14755,SUSC,2021-12-31,MATURITY,2090-11-15,61.747,0.0,61.747
14756,SUSC,2021-12-31,MATURITY,2090-12-01,26.826,0.0,26.826
14757,SUSC,2021-12-31,MATURITY,2091-03-15,169.729,0.0,169.729
14758,SUSC,2021-12-31,MATURITY,2091-05-15,61.747,0.0,61.747
14759,SUSC,2021-12-31,MATURITY,2091-06-01,26.826,0.0,26.826
14760,SUSC,2021-12-31,MATURITY,2091-09-17,169.729,0.0,169.729
14761,SUSC,2021-12-31,MATURITY,2091-11-15,61.747,0.0,61.747
14762,SUSC,2021-12-31,MATURITY,2091-12-03,26.826,0.0,26.826
14763,SUSC,2021-12-31,MATURITY,2092-03-17,169.729,0.0,169.729
14764,SUSC,2021-12-31,MATURITY,2092-05-15,61.747,0.0,61.747
14765,SUSC,2021-12-31,MATURITY,2092-06-02,26.826,0.0,26.826
14766,SUSC,2021-12-31,MATURITY,2092-09-15,169.729,0.0,169.729
14767,SUSC,2021-12-31,MATURITY,2092-11-17,61.747,0.0,61.747
14768,SUSC,2021-12-31,MATURITY,2092-12-01,26.826,0.0,26.826
14769,SUSC,2021-12-31,MATURITY,2093-03-16,169.729,0.0,169.729
14770,SUSC,2021-12-31,MATURITY,2093-05-15,61.747,0.0,61.747
14771,SUSC,2021-12-31,MATURITY,2093-06-01,26.826,0.0,26.826
14772,SUSC,2021-12-31,MATURITY,2093-09-15,169.729,0.0,169.729
14773,SUSC,2021-12-31,MATURITY,2093-11-16,61.747,0.0,61.747
14774,SUSC,2021-12-31,MATURITY,2093-12-01,26.826,0.0,26.826
14775,SUSC,2021-12-31,MATURITY,2094-03-15,169.729,0.0,169.729
14776,SUSC,2021-12-31,MATURITY,2094-05-17,61.747,0.0,61.747
14777,SUSC,2021-12-31,MATURITY,2094-06-01,26.826,0.0,26.826
14778,SUSC,2021-12-31,MATURITY,2094-09-15,169.729,0.0,169.729
14779,SUSC,2021-12-31,MATURITY,2094-11-15,61.747,0.0,61.747
14780,SUSC,2021-12-31,MATURITY,2094-12-01,26.826,0.0,26.826
14781,SUSC,2021-12-31,MATURITY,2095-03-15,169.729,0.0,169.729
14782,SUSC,2021-12-31,MATURITY,2095-05-16,61.747,0.0,61.747
14783,SUSC,2021-12-31,MATURITY,2095-06-01,26.826,0.0,26.826
14784,SUSC,2021-12-31,MATURITY,2095-09-15,169.729,0.0,169.729
14785,SUSC,2021-12-31,MATURITY,2095-11-15,61.747,0.0,61.747
14786,SUSC,2021-12-31,MATURITY,2095-12-01,26.826,0.0,26.826
14787,SUSC,2021-12-31,MATURITY,2096-03-15,169.729,0.0,169.729
14788,SUSC,2021-12-31,MATURITY,2096-05-15,61.747,0.0,61.747
14789,SUSC,2021-12-31,MATURITY,2096-06-01,26.826,0.0,26.826
14790,SUSC,2021-12-31,MATURITY,2096-09-17,169.729,0.0,169.729
14791,SUSC,2021-12-31,MATURITY,2096-11-15,61.747,0.0,61.747
14792,SUSC,2021-12-31,MATURITY,2096-12-03,26.826,753.012,779.838
14793,SUSC,2021-12-31,MATURITY,2097-03-15,169.729,0.0,169.729
14794,SUSC,2021-12-31,MATURITY,2097-05-15,61.747,0.0,61.747
14795,SUSC,2021-12-31,MATURITY,2097-09-16,169.729,0.0,169.729
14796,SUSC,2021-12-31,MATURITY,2097-11-15,61.747,0.0,61.747
14797,SUSC,2021-12-31,MATURITY,2098-03-17,169.729,0.0,169.729
14798,SUSC,2021-12-31,MATURITY,2098-05-15,61.747,0.0,61.747
14799,SUSC,2021-12-31,MATURITY,2098-09-15,169.729,0.0,169.729
14800,SUSC,2021-12-31,MATURITY,2098-11-17,61.747,0.0,61.747
14801,SUSC,2021-12-31,MATURITY,2099-03-16,169.729,0.0,169.729
14802,SUSC,2021-12-31,MATURITY,2099-05-15,61.747,0.0,61.747
14803,SUSC,2021-12-31,MATURITY,2099-09-15,169.729,0.0,169.729
14804,SUSC,2021-12-31,MATURITY,2099-11-16,61.747,0.0,61.747
14805,SUSC,2021-12-31,MATURITY,2100-03-15,169.729,0.0,169.729
14806,SUSC,2021-12-31,MATURITY,2100-05-17,61.747,0.0,61.747
14807,SUSC,2021-12-31,MATURITY,2100-09-15,169.729,0.0,169.729
14808,SUSC,2021-12-31,MATURITY,2100-11-15,61.747,0.0,61.747
14809,SUSC,2021-12-31,MATURITY,2101-03-15,169.729,0.0,169.729
14810,SUSC,2021-12-31,MATURITY,2101-05-16,61.747,0.0,61.747
14811,SUSC,2021-12-31,MATURITY,2101-09-15,169.729,0.0,169.729
14812,SUSC,2021-12-31,MATURITY,2101-11-15,61.747,0.0,61.747
14813,SUSC,2021-12-31,MATURITY,2102-03-15,169.729,0.0,169.729
14814,SUSC,2021-12-31,MATURITY,2102-05-15,61.747,0.0,61.747
14815,SUSC,2021-12-31,MATURITY,2102-09-15,169.729,0.0,169.729
14816,SUSC,2021-12-31,MATURITY,2102-11-15,61.747,0.0,61.747
14817,SUSC,2021-12-31,MATURITY,2103-03-15,169.729,0.0,169.729
14818,SUSC,2021-12-31,MATURITY,2103-05-15,61.747,0.0,61.747
14819,SUSC,2021-12-31,MATURITY,2103-09-17,169.729,0.0,169.729
14820,SUSC,2021-12-31,MATURITY,2103-11-15,61.747,0.0,61.747
14821,SUSC,2021-12-31,MATURITY,2104-03-17,169.729,0.0,169.729
14822,SUSC,2021-12-31,MATURITY,2104-05-15,61.747,0.0,61.747
14823,SUSC,2021-12-31,MATURITY,2104-09-15,169.729,0.0,169.729
14824,SUSC,2021-12-31,MATURITY,2104-11-17,61.747,0.0,61.747
14825,SUSC,2021-12-31,MATURITY,2105-03-16,169.729,0.0,169.729
14826,SUSC,2021-12-31,MATURITY,2105-05-15,61.747,0.0,61.747
14827,SUSC,2021-12-31,MATURITY,2105-09-15,169.729,0.0,169.729
14828,SUSC,2021-12-31,MATURITY,2105-11-16,61.747,0.0,61.747
14829,SUSC,2021-12-31,MATURITY,2106-03-15,169.729,0.0,169.729
14830,SUSC,2021-12-31,MATURITY,2106-05-17,61.747,0.0,61.747
14831,SUSC,2021-12-31,MATURITY,2106-09-15,169.729,0.0,169.729
14832,SUSC,2021-12-31,MATURITY,2106-11-15,61.747,0.0,61.747
14833,SUSC,2021-12-31,MATURITY,2107-03-15,169.729,0.0,169.729
14834,SUSC,2021-12-31,MATURITY,2107-05-16,61.747,0.0,61.747
14835,SUSC,2021-12-31,MATURITY,2107-09-15,169.729,0.0,169.729
14836,SUSC,2021-12-31,MATURITY,2107-11-15,61.747,0.0,61.747
14837,SUSC,2021-12-31,MATURITY,2108-03-15,169.729,0.0,169.729
14838,SUSC,2021-12-31,MATURITY,2108-05-15,61.747,0.0,61.747
14839,SUSC,2021-12-31,MATURITY,2108-09-17,169.729,0.0,169.729
14840,SUSC,2021-12-31,MATURITY,2108-11-15,61.747,0.0,61.747
14841,SUSC,2021-12-31,MATURITY,2109-03-15,169.729,0.0,169.729
14842,SUSC,2021-12-31,MATURITY,2109-05-15,61.747,0.0,61.747
14843,SUSC,2021-12-31,MATURITY,2109-09-16,169.729,0.0,169.729
14844,SUSC,2021-12-31,MATURITY,2109-11-15,61.747,0.0,61.747
14845,SUSC,2021-12-31,MATURITY,2110-03-17,169.729,0.0,169.729
14846,SUSC,2021-12-31,MATURITY,2110-05-15,61.747,0.0,61.747
14847,SUSC,2021-12-31,MATURITY,2110-09-15,169.729,0.0,169.729
14848,SUSC,2021-12-31,MATURITY,2110-11-17,61.747,0.0,61.747
14849,SUSC,2021-12-31,MATURITY,2111-03-16,169.729,0.0,169.729
14850,SUSC,2021-12-31,MATURITY,2111-05-15,61.747,0.0,61.747
14851,SUSC,2021-12-31,MATURITY,2111-09-15,169.729,0.0,169.729
14852,SUSC,2021-12-31,MATURITY,2111-11-16,61.747,0.0,61.747
14853,SUSC,2021-12-31,MATURITY,2112-03-15,169.729,0.0,169.729
14854,SUSC,2021-12-31,MATURITY,2112-05-16,61.747,0.0,61.747
14855,SUSC,2021-12-31,MATURITY,2112-09-15,169.729,0.0,169.729
14856,SUSC,2021-12-31,MATURITY,2112-11-15,61.747,0.0,61.747
14857,SUSC,2021-12-31,MATURITY,2113-03-15,169.729,0.0,169.729
14858,SUSC,2021-12-31,MATURITY,2113-05-15,61.747,0.0,61.747
14859,SUSC,2021-12-31,MATURITY,2113-09-15,169.729,0.0,169.729
14860,SUSC,2021-12-31,MATURITY,2113-11-15,61.747,0.0,61.747
14861,SUSC,2021-12-31,MATURITY,2114-03-15,169.729,0.0,169.729
14862,SUSC,2021-12-31,MATURITY,2114-05-15,61.747,0.0,61.747
14863,SUSC,2021-12-31,MATURITY,2114-09-17,169.729,0.0,169.729
14864,SUSC,2021-12-31,MATURITY,2114-11-15,61.747,0.0,61.747
14865,SUSC,2021-12-31,MATURITY,2115-03-15,169.729,0.0,169.729
14866,SUSC,2021-12-31,MATURITY,2115-05-15,61.747,0.0,61.747
14867,SUSC,2021-12-31,MATURITY,2115-09-16,169.729,5542.169,5711.898
14868,SUSC,2021-12-31,MATURITY,2115-11-15,61.747,0.0,61.747
14869,SUSC,2021-12-31,MATURITY,2116-05-15,61.747,0.0,61.747
14870,SUSC,2021-12-31,MATURITY,2116-11-16,61.747,0.0,61.747
14871,SUSC,2021-12-31,MATURITY,2117-05-17,61.747,0.0,61.747
14872,SUSC,2021-12-31,MATURITY,2117-11-15,61.747,0.0,61.747
14873,SUSC,2021-12-31,MATURITY,2118-05-16,61.747,0.0,61.747
14874,SUSC,2021-12-31,MATURITY,2118-11-15,61.747,0.0,61.747
14875,SUSC,2021-12-31,MATURITY,2119-05-15,61.747,0.0,61.747
14876,SUSC,2021-12-31,MATURITY,2119-11-15,61.747,0.0,61.747
14877,SUSC,2021-12-31,MATURITY,2120-05-15,61.747,0.0,61.747
14878,SUSC,2021-12-31,MATURITY,2120-11-15,61.747,0.0,61.747
14879,SUSC,2021-12-31,MATURITY,2121-05-15,61.747,3012.048,3073.795
